data_index logt12.observed logt12.predicted.repeat1 logt12.predicted.repeat2 logt12.predicted.repeat3 logt12.predicted.repeat4 logt12.predicted.repeat5 logt12.predicted.repeat6 logt12.predicted.repeat7 logt12.predicted.repeat8 logt12.predicted.repeat9 logt12.predicted.repeat10
1 0.088 1.690 2.503 1.562 1.598 1.620 1.640 1.590 1.591 1.627 1.790
2 0.255 2.812 2.903 2.881 3.005 3.469 2.942 2.832 2.894 3.019 3.133
3 0.325 2.590 2.552 2.782 2.603 2.320 2.736 2.540 2.504 2.516 2.560
4 1.105 3.043 3.376 3.359 3.453 3.197 3.259 3.589 3.706 3.510 3.437
5 1.182 2.269 2.621 2.328 2.799 2.942 2.174 2.055 2.284 2.327 2.232
6 1.196 1.599 2.700 1.235 2.720 2.293 2.509 1.443 1.883 2.312 1.541
7 1.358 1.864 3.274 1.574 2.860 1.874 2.020 2.397 2.518 1.901 1.708
8 1.653 3.979 4.115 4.187 4.311 4.121 4.238 4.257 4.202 4.137 4.190
9 2.208 2.786 2.510 2.552 3.002 2.576 2.466 2.715 2.581 2.585 2.562
10 2.235 3.272 2.873 3.366 2.795 3.254 2.946 3.383 3.169 3.660 3.210
11 2.381 3.601 2.957 2.957 2.957 2.957 2.957 2.957 2.957 2.957 2.957
12 2.408 2.003 2.813 1.903 2.996 3.239 2.757 2.819 3.042 2.039 2.872
13 2.542 3.655 3.263 3.462 3.252 3.479 3.351 3.381 3.814 3.282 3.704
14 2.631 3.636 4.165 4.701 4.265 4.357 5.091 4.295 4.389 4.880 4.273
15 2.679 3.344 3.102 2.742 3.192 3.519 2.922 2.747 2.673 2.869 3.354
16 2.682 1.540 1.761 1.473 1.805 1.496 1.283 1.613 1.377 3.066 1.561
17 2.760 3.570 3.726 3.505 3.574 3.647 3.536 3.539 3.624 3.656 3.830
18 2.857 3.601 2.723 2.481 2.707 2.588 2.481 2.481 2.599 2.549 2.559
19 2.954 4.687 4.488 4.290 4.801 4.775 4.549 4.736 4.626 4.624 4.567
20 2.954 4.346 3.573 3.861 3.667 4.218 3.672 3.788 3.625 3.678 3.712
21 3.147 3.867 4.108 4.677 4.185 4.222 5.046 4.221 3.268 4.770 4.110
22 3.250 4.696 4.080 4.213 3.827 4.115 4.028 3.992 3.667 3.868 4.009
23 3.404 4.422 4.596 4.705 4.317 4.607 4.648 4.598 4.487 4.320 4.497
24 3.561 3.309 2.959 3.268 3.430 3.870 2.868 3.402 3.396 3.374 3.704
25 3.787 3.029 3.175 3.140 3.066 3.363 3.081 3.589 3.076 3.074 3.101
26 4.003 4.237 4.111 4.252 4.243 4.161 4.252 4.197 4.161 4.054 4.268
27 4.028 5.848 5.850 5.712 6.048 5.734 5.808 5.703 5.722 5.684 5.807
28 4.104 3.824 3.818 3.724 3.749 3.879 3.777 3.701 4.101 3.820 4.070
29 4.113 3.621 3.731 2.906 3.705 3.671 3.742 3.466 3.777 3.801 3.688
30 4.146 4.302 3.763 4.034 3.699 3.823 3.837 4.100 4.100 3.747 4.289
31 4.183 2.586 2.272 2.636 2.116 2.627 2.707 2.729 2.675 2.840 2.607
32 4.196 2.638 2.641 2.755 2.654 2.859 2.654 2.818 2.859 3.121 3.112
33 4.228 4.780 4.677 4.695 4.722 4.849 4.774 4.686 4.771 4.827 4.961
34 4.297 4.391 4.143 4.591 5.043 4.914 4.815 4.867 4.628 4.456 4.243
35 4.359 4.232 4.150 4.196 4.381 4.276 4.237 3.905 4.147 4.402 4.159
36 4.376 3.378 3.061 3.298 3.164 3.363 3.196 3.338 3.385 3.414 3.327
37 4.401 4.181 4.122 4.057 4.194 4.360 4.133 3.934 4.282 3.994 4.419
38 4.401 5.493 5.696 5.813 5.825 5.800 5.514 5.965 5.890 5.636 5.804
39 4.405 4.564 4.498 4.577 4.872 4.607 4.626 4.696 4.806 4.429 4.680
40 4.414 3.607 2.618 2.766 3.596 3.184 2.722 3.407 3.189 2.910 3.154
41 4.459 4.145 2.941 3.281 4.112 4.160 4.197 4.053 3.839 4.018 4.207
42 4.459 3.667 3.803 3.993 4.036 4.011 4.588 3.651 3.652 3.695 4.120
43 4.500 3.194 3.157 3.093 3.122 3.077 2.934 3.073 3.518 3.206 3.168
44 4.511 4.490 4.308 4.412 5.247 4.407 4.431 4.489 4.363 4.498 5.291
45 4.561 4.277 4.486 4.292 4.340 4.218 4.253 4.252 4.189 4.359 4.455
46 4.565 4.028 3.882 4.150 4.218 4.036 4.216 3.868 4.132 4.007 3.861
47 4.598 5.078 4.502 5.100 4.942 5.015 5.032 5.082 4.791 4.986 4.838
48 4.605 4.767 4.709 4.801 4.797 4.792 4.827 4.731 4.716 4.725 4.809
49 4.613 4.673 4.703 4.667 4.792 4.666 4.737 4.679 4.668 4.791 4.698
50 4.635 5.692 5.870 5.906 6.205 5.759 5.587 5.734 5.464 5.894 5.761
51 4.673 5.042 4.999 5.106 5.102 4.970 4.996 4.787 5.150 4.962 5.118
52 4.702 4.343 4.434 4.264 4.274 4.131 4.116 4.319 4.289 4.469 4.235
53 4.712 4.205 3.043 3.472 4.158 4.096 3.993 3.891 4.118 4.241 4.084
54 4.732 4.535 4.662 4.438 4.563 4.845 4.419 4.799 4.732 4.682 4.784
55 4.741 5.139 4.896 5.534 5.109 5.309 5.064 5.181 5.002 5.049 5.074
56 4.758 5.348 5.313 5.519 5.305 5.385 5.380 5.418 4.924 5.248 5.252
57 4.779 5.158 5.083 5.001 5.115 5.002 4.989 4.982 4.952 4.983 5.007
58 4.804 4.518 4.419 4.435 4.675 4.696 4.696 4.622 4.678 4.643 4.486
59 4.857 4.430 4.560 4.587 4.497 4.496 4.369 3.893 4.673 4.475 4.449
60 4.858 5.237 5.357 5.255 5.147 5.227 5.123 5.276 5.305 5.255 5.248
61 4.861 3.377 3.165 3.506 3.180 3.289 3.054 3.222 3.178 3.078 3.034
62 4.878 3.769 4.027 3.926 4.103 4.019 4.490 3.572 3.819 3.772 3.997
63 4.951 4.390 4.418 4.340 4.464 4.426 4.395 3.938 4.381 4.320 4.305
64 4.954 5.524 5.375 5.479 5.294 5.254 5.538 5.542 5.424 5.221 5.466
65 4.988 4.507 4.643 4.597 4.921 4.659 4.654 4.952 4.601 4.627 4.603
66 4.999 6.491 6.088 6.719 6.576 6.359 6.665 5.434 6.058 5.798 6.624
67 5.033 4.602 4.635 4.671 4.851 4.556 4.422 4.991 4.585 4.568 4.821
68 5.064 2.996 2.522 2.720 2.783 2.755 2.452 2.504 2.780 2.786 2.957
69 5.093 3.807 3.306 3.153 2.941 3.048 3.346 3.385 3.377 3.339 3.304
70 5.177 4.650 4.420 4.516 4.849 4.299 4.812 4.600 4.651 4.619 4.304
71 5.317 5.184 5.405 5.605 5.293 5.302 5.169 5.540 5.364 4.962 5.621
72 5.414 3.146 3.331 3.164 3.364 3.435 3.351 3.627 3.458 3.306 3.433
73 5.505 4.167 4.235 4.206 4.356 4.553 4.313 4.478 4.256 4.149 4.165
74 5.520 5.281 5.349 5.499 5.283 5.247 5.348 4.815 5.392 4.768 4.906
75 5.700 6.012 6.101 6.376 6.546 6.361 6.600 6.343 6.478 6.478 6.652
76 5.749 4.850 4.816 4.807 4.955 4.809 4.718 5.619 4.803 4.810 4.772
77 5.937 5.218 5.487 5.427 5.416 5.235 5.354 4.759 5.271 5.000 5.365
78 5.978 4.925 4.633 4.514 4.720 4.568 4.641 4.587 4.682 4.670 4.818
79 6.167 5.029 5.076 5.198 4.699 4.971 5.052 5.170 4.633 5.036 5.419
80 6.190 6.223 5.865 5.832 5.836 5.454 5.952 6.019 6.175 5.945 5.748
81 6.519 5.646 5.513 5.774 4.532 5.912 4.969 5.531 5.287 5.573 5.646
82 6.644 4.001 3.330 3.426 3.158 3.508 3.709 3.732 3.149 3.241 3.222
83 6.799 5.116 5.232 5.105 4.674 5.173 4.647 5.153 5.154 5.190 5.046
84 6.946 5.582 5.860 5.316 5.132 5.314 4.916 5.172 5.579 5.965 5.618
85 6.982 6.255 6.166 6.000 6.266 6.197 5.388 5.693 6.008 6.049 6.333
86 7.960 5.626 5.568 5.598 5.620 5.626 5.601 5.607 5.675 5.813 5.733
