data_index Htime.observed Htime.predicted.repeat1 Htime.predicted.repeat2 Htime.predicted.repeat3 Htime.predicted.repeat4 Htime.predicted.repeat5 Htime.predicted.repeat6 Htime.predicted.repeat7 Htime.predicted.repeat8 Htime.predicted.repeat9 Htime.predicted.repeat10
1 4.857 4.186 4.206 3.180 3.739 4.138 4.407 3.040 3.625 3.970 4.372
2 2.679 3.482 3.782 2.684 3.127 2.798 3.086 3.655 3.483 2.774 2.836
3 4.721 4.261 3.764 3.869 4.069 3.716 3.926 4.148 3.844 3.669 4.126
4 4.999 5.866 6.302 6.540 5.692 5.642 6.410 5.850 6.005 6.025 6.584
5 2.954 4.974 5.015 4.942 5.173 5.058 5.285 5.198 5.040 4.877 5.056
6 4.732 4.847 4.760 4.515 4.715 5.052 4.563 5.161 4.797 4.906 4.850
7 2.542 3.339 3.123 2.759 2.609 2.860 3.099 2.909 2.626 2.704 2.934
8 4.437 4.062 5.074 4.383 4.190 4.255 4.490 4.881 4.368 4.911 4.718
9 4.511 5.690 5.069 5.218 5.285 5.377 5.259 5.138 4.756 5.184 5.549
10 4.561 4.655 4.465 3.567 4.778 3.891 3.216 3.854 4.118 4.248 4.504
11 4.515 3.203 4.020 3.099 3.562 3.057 5.055 2.695 4.034 3.310 2.884
12 6.033 5.173 5.118 5.075 5.190 5.172 5.243 5.270 5.313 5.004 5.234
13 4.401 4.571 4.856 5.058 5.037 4.715 5.336 5.129 5.229 4.971 4.781
14 4.565 4.771 4.368 4.565 4.523 4.815 4.382 4.902 4.556 4.594 4.107
15 4.500 3.489 3.478 3.076 3.352 2.879 2.785 3.025 2.978 2.923 3.691
16 4.459 4.740 4.870 4.772 4.997 5.091 4.541 4.643 5.027 4.859 5.025
17 4.782 4.678 4.600 4.550 4.526 3.861 5.040 4.947 4.738 4.218 4.480
18 6.644 4.217 4.482 4.076 4.181 4.600 4.028 4.660 4.865 4.886 4.521
19 4.008 4.177 3.806 4.080 4.120 3.414 4.242 3.981 4.270 3.914 3.806
20 5.749 4.935 5.023 5.013 5.143 4.794 4.950 4.919 5.064 4.504 4.836
21 2.954 4.307 3.890 3.743 4.142 4.329 3.815 4.020 4.138 4.142 4.529
22 4.724 4.169 3.939 3.799 4.222 3.845 3.216 3.740 3.976 4.487 3.856
23 4.861 3.476 3.520 3.392 3.864 3.300 3.784 2.797 3.622 3.821 4.139
24 9.159 5.838 7.015 7.402 6.933 6.303 6.710 6.409 6.044 6.990 6.790
25 2.824 3.817 3.393 3.382 3.178 3.068 2.669 3.358 3.401 3.388 3.539
26 2.235 3.303 3.791 3.572 3.504 3.734 3.768 3.542 3.422 3.579 3.547
27 3.787 3.966 3.991 3.647 4.491 4.058 3.866 3.690 4.149 3.961 3.806
28 -0.165 1.521 1.260 1.215 1.573 1.518 1.410 1.313 0.978 1.279 1.192
29 4.365 3.052 3.731 3.056 3.070 2.863 3.619 3.403 3.385 3.504 4.034
30 6.982 5.464 5.565 5.788 5.543 5.424 5.585 5.703 5.438 5.390 5.839
31 5.556 5.038 5.229 4.821 5.201 5.292 5.325 4.878 5.454 5.484 5.360
32 4.605 4.701 4.680 4.735 4.698 4.753 4.598 4.707 4.675 4.779 4.816
33 2.381 3.842 3.658 3.803 3.807 3.609 4.010 3.817 3.591 4.157 3.927
34 5.016 4.279 4.229 4.362 4.621 4.400 4.161 4.374 4.324 4.546 4.433
35 0.255 3.713 3.058 3.281 3.450 3.867 3.029 2.781 3.888 2.572 3.215
36 5.937 5.795 5.980 5.837 5.579 5.294 5.352 5.446 5.630 5.780 5.784
37 1.196 2.548 3.317 3.821 2.815 2.201 2.428 2.000 2.462 2.270 2.786
38 2.475 1.408 0.564 0.358 0.466 1.089 0.958 1.356 0.607 0.629 1.023
39 3.525 4.400 3.188 4.054 4.024 3.830 3.961 4.234 3.401 3.643 4.197
40 6.946 5.591 5.346 5.582 5.887 5.518 5.092 5.569 5.314 5.153 5.063
41 6.519 4.098 4.495 4.281 4.692 4.184 4.776 4.953 4.170 4.929 4.950
42 2.001 2.654 2.311 2.506 2.460 2.231 2.446 2.529 1.964 2.527 1.918
43 6.167 5.663 5.493 5.628 5.286 5.402 5.540 5.675 5.632 5.759 5.627
44 4.459 3.911 4.293 3.802 3.938 4.292 4.103 4.303 3.986 3.497 4.099
45 4.673 4.811 4.681 4.722 4.699 4.755 4.732 4.733 4.817 4.689 4.730
46 5.617 5.277 5.437 5.289 5.436 5.435 5.286 4.746 5.162 5.503 5.277
47 1.358 2.324 2.327 3.347 1.977 2.266 2.008 2.142 1.980 2.297 2.562
48 4.228 5.021 4.998 5.530 5.297 5.247 4.938 5.129 5.043 5.027 5.026
49 4.475 4.680 5.185 4.652 5.106 5.145 4.847 5.121 4.648 5.203 4.172
50 2.682 2.759 2.325 2.842 2.463 3.600 2.617 1.982 2.396 2.476 2.614
51 4.297 4.162 4.329 4.219 4.289 4.226 4.236 4.350 4.056 4.294 4.261
52 4.702 4.577 4.684 4.714 4.653 4.640 4.711 4.454 4.719 4.650 4.827
53 4.804 4.146 3.968 3.714 3.959 4.042 4.341 3.866 3.907 3.947 3.800
54 4.741 4.876 4.673 4.859 4.722 4.787 4.692 4.791 5.000 4.931 4.944
55 6.083 3.689 3.739 3.922 3.749 3.971 3.592 3.461 4.179 3.729 4.346
56 4.401 3.356 3.913 3.752 3.685 3.416 3.914 3.802 4.237 3.674 3.892
57 6.101 5.018 4.999 5.287 5.253 5.241 5.643 5.399 5.639 5.281 5.238
58 3.561 3.879 3.884 3.857 3.407 3.669 4.149 4.229 3.524 3.828 3.897
59 4.376 4.115 4.076 4.165 4.044 4.308 4.067 4.292 4.171 4.332 4.130
60 7.960 5.513 7.466 6.776 6.922 5.964 7.232 7.214 5.912 7.531 7.265
61 2.475 3.846 3.581 4.273 4.150 3.920 4.064 3.943 3.846 4.206 4.027
62 4.183 3.042 2.606 2.712 2.653 3.066 2.396 2.697 2.894 2.949 3.755
63 2.857 3.323 3.641 3.638 4.233 3.470 3.673 3.311 3.694 3.519 3.660
64 0.776 0.996 1.772 2.084 1.438 1.611 1.261 0.829 0.873 1.161 0.484
65 6.190 4.892 5.147 5.157 5.190 4.766 5.231 4.863 5.082 5.329 5.191
66 5.520 4.985 5.001 4.798 5.002 5.333 4.860 5.316 4.941 5.177 5.271
67 4.613 4.678 4.793 4.812 4.678 4.500 4.751 4.729 4.725 4.834 4.750
68 0.670 1.787 0.857 0.861 1.348 1.537 1.267 1.401 1.019 1.416 0.974
69 6.056 5.084 5.306 4.795 5.163 5.187 5.322 5.002 5.471 5.040 5.389
70 4.598 4.971 5.112 4.977 5.118 5.207 5.245 5.131 5.405 4.932 4.895
71 5.317 5.110 4.757 5.300 4.913 5.040 5.540 5.413 4.833 4.504 5.198
72 4.635 5.791 5.748 5.808 5.719 5.840 5.675 5.990 5.659 5.702 5.748
73 4.529 3.884 3.856 3.886 3.344 4.144 3.383 4.289 4.579 4.372 3.652
74 5.700 5.320 5.328 5.783 5.149 5.311 5.403 5.163 5.607 5.490 5.596
75 0.325 3.220 3.103 3.199 3.356 2.931 3.101 3.306 3.278 2.979 3.236
76 3.984 3.894 3.408 4.247 4.040 3.866 3.863 4.192 4.010 3.776 3.701
77 2.208 3.811 2.676 3.312 3.498 3.219 3.335 3.931 3.015 3.654 3.481
78 1.653 4.148 4.102 3.918 3.891 3.961 3.904 3.860 3.926 4.260 4.232
79 0.088 4.472 3.656 3.835 3.888 3.208 4.643 4.373 2.936 3.067 3.046
80 4.196 2.409 2.733 2.609 2.214 2.252 2.475 3.047 2.836 2.514 2.846
81 5.336 5.789 5.251 5.227 5.698 4.714 5.723 5.408 5.457 5.684 5.716
82 1.105 2.865 2.902 2.881 2.784 3.600 3.073 3.186 2.957 2.790 3.006
83 5.846 4.587 4.543 4.355 4.270 4.102 3.940 3.936 4.334 4.380 3.928
84 4.113 4.404 4.318 4.219 4.226 4.328 4.067 4.329 4.372 4.316 4.342
85 2.631 4.465 4.755 4.602 3.403 4.040 4.313 4.591 4.657 3.927 4.591
86 6.261 5.898 6.017 6.039 5.612 5.621 5.534 5.872 5.764 6.063 5.361
87 5.048 5.016 4.984 5.266 5.166 3.753 3.990 5.733 4.875 4.503 4.917
88 4.858 4.760 4.673 5.385 5.241 5.177 4.797 4.989 4.768 4.943 5.083
89 4.779 4.683 4.653 4.699 4.727 4.683 4.683 4.298 4.686 4.688 4.647
90 3.835 4.816 3.553 3.322 4.500 3.711 4.338 3.590 3.650 5.376 4.543
91 5.064 3.602 3.413 3.792 3.223 3.475 3.203 3.365 3.533 3.450 3.076
92 4.003 3.985 4.141 4.196 4.523 4.100 4.106 4.211 4.387 3.969 4.184
93 3.404 4.070 4.274 4.190 4.103 4.416 4.015 4.339 4.220 4.075 4.456
94 4.951 4.929 4.461 3.771 4.367 3.879 3.741 3.861 4.639 4.484 4.034
95 5.505 4.917 4.947 4.692 4.292 5.010 4.339 4.538 4.328 4.463 4.850
96 1.857 4.299 4.088 4.746 3.959 3.681 4.202 4.472 4.596 5.041 4.806
97 4.632 5.117 5.491 5.339 4.849 5.493 5.429 5.230 5.120 5.290 5.589
98 5.177 5.150 4.503 4.285 3.875 4.607 4.580 4.499 5.170 4.666 5.354
99 5.978 5.677 5.704 5.978 5.907 5.858 5.878 5.516 5.647 5.668 5.030
100 4.146 3.356 3.332 3.460 3.695 3.909 3.294 2.662 3.206 3.275 3.230
101 4.954 4.813 5.177 5.171 5.375 4.960 5.397 5.158 5.120 5.010 5.000
102 5.806 5.075 5.053 5.210 5.338 5.175 5.307 5.376 5.024 4.660 4.869
103 5.033 4.544 4.512 5.509 5.070 4.616 4.779 4.782 4.941 4.991 4.598
104 4.395 4.335 4.273 3.836 4.053 4.044 4.540 4.046 4.130 4.012 2.726
105 5.093 3.369 3.525 3.213 3.400 3.488 3.265 3.327 3.591 3.660 3.821
106 3.250 4.134 3.825 4.048 4.470 4.349 3.904 3.734 4.048 4.100 4.014
107 2.760 4.193 4.231 4.132 4.146 4.226 4.348 4.211 4.037 4.033 4.197
108 1.182 4.457 4.859 4.663 4.940 4.993 4.764 4.481 4.655 4.991 4.546
109 4.028 4.788 4.954 4.921 4.486 4.979 5.360 4.746 4.749 4.588 5.010
110 5.190 2.983 3.509 3.059 3.147 2.898 3.547 3.443 3.165 2.755 3.390
111 4.988 4.861 4.897 4.684 4.705 4.816 4.845 4.886 5.043 4.752 5.063
112 6.799 5.452 5.825 6.644 6.412 6.062 6.226 5.635 5.799 6.060 6.387
113 5.414 3.728 3.579 4.671 5.135 4.093 4.920 3.582 3.907 4.476 3.505
114 4.414 4.231 4.125 4.282 3.699 4.170 3.910 4.064 4.199 4.200 4.147
115 5.635 4.567 5.126 4.570 4.693 4.473 5.007 4.760 4.869 4.795 4.223
116 4.883 4.934 4.766 4.941 5.022 5.266 5.004 4.557 4.965 5.072 4.957
117 4.712 3.920 4.203 3.669 4.090 4.306 3.894 3.774 3.646 3.690 4.035
118 4.758 4.176 4.584 4.792 4.719 4.564 4.798 4.698 4.569 4.414 4.368
119 3.147 2.657 3.331 3.534 3.451 3.716 3.212 3.451 2.766 3.037 2.933
120 5.580 5.631 5.262 5.399 5.438 5.251 5.396 5.413 5.463 5.079 5.410
