data_index lambdaa.observed lambdaa.predicted.repeat1 lambdaa.predicted.repeat2 lambdaa.predicted.repeat3 lambdaa.predicted.repeat4 lambdaa.predicted.repeat5 lambdaa.predicted.repeat6 lambdaa.predicted.repeat7 lambdaa.predicted.repeat8 lambdaa.predicted.repeat9 lambdaa.predicted.repeat10
1 342.000 327.842 322.605 340.068 326.174 329.004 328.781 327.710 329.770 327.106 326.743
2 336.000 362.823 359.340 358.833 364.554 360.270 357.888 358.741 358.687 360.787 358.298
3 434.000 427.547 427.830 428.631 431.508 423.955 426.797 427.757 428.838 424.626 430.629
4 320.000 318.275 316.242 316.823 317.673 318.223 317.593 317.445 316.828 318.088 317.163
5 317.000 333.774 332.367 336.618 333.833 330.244 334.040 333.927 335.075 334.272 335.386
6 432.000 453.544 453.765 452.827 455.026 455.339 455.386 457.003 452.718 455.348 453.703
7 419.000 422.109 422.267 422.094 422.441 422.030 422.117 420.591 422.279 423.901 421.401
8 554.000 534.314 536.878 533.702 534.686 537.121 537.998 535.084 536.460 528.911 537.787
9 438.000 448.834 456.225 452.071 458.222 463.224 452.381 456.921 458.882 453.159 454.116
10 315.000 320.633 319.419 319.257 321.699 321.111 320.812 321.080 321.345 320.335 320.183
11 325.000 335.863 336.632 337.461 336.412 335.594 332.938 336.568 334.872 335.538 334.843
12 492.000 398.266 399.396 403.094 406.358 397.110 401.491 398.853 394.556 384.730 400.731
13 370.000 368.260 370.289 371.695 367.547 369.425 367.190 369.684 368.885 368.788 369.513
14 424.000 419.933 420.330 419.818 417.409 419.717 418.138 421.770 420.121 418.461 421.576
15 400.000 406.714 405.929 406.701 405.910 405.477 404.862 406.593 406.148 405.600 405.916
16 406.000 402.543 404.841 404.038 402.187 402.593 402.024 403.242 403.576 402.007 402.379
17 429.000 432.099 416.624 430.856 425.032 434.241 434.320 437.911 429.576 433.842 434.749
18 450.000 434.098 421.287 417.872 429.097 435.659 435.821 430.465 428.601 436.318 426.601
19 342.000 336.991 336.500 337.958 335.998 336.681 334.676 337.557 335.851 334.978 336.505
20 302.000 344.085 347.165 344.370 343.460 342.869 341.583 341.545 344.447 347.252 343.440
21 437.000 441.374 442.359 439.073 439.913 441.083 440.303 439.621 440.469 441.504 435.746
22 407.000 421.089 420.539 420.237 421.385 421.378 420.456 421.077 419.740 419.203 420.141
23 384.000 396.051 396.034 395.022 394.945 395.137 396.188 393.655 395.656 394.642 395.773
24 371.000 391.632 391.580 388.285 385.370 386.576 390.657 373.237 380.174 394.546 392.431
25 417.000 337.873 343.164 340.364 338.959 338.404 338.997 338.565 341.698 339.284 336.082
26 425.000 439.353 433.643 434.260 435.832 438.329 435.275 436.149 436.757 435.216 435.761
27 350.000 350.286 350.991 349.765 344.825 348.405 349.366 345.417 342.973 351.886 345.391
28 444.000 430.356 431.784 431.700 430.742 430.660 429.360 432.525 430.256 427.950 419.711
29 379.000 399.369 396.192 389.980 394.415 388.752 399.728 388.045 410.738 386.221 385.263
30 400.000 420.419 420.103 421.088 420.894 421.378 420.751 421.249 418.791 421.825 419.433
31 378.000 390.388 383.378 380.317 384.241 379.596 396.656 382.448 382.401 386.779 386.460
32 364.000 397.891 385.414 374.909 395.274 395.353 394.567 391.505 393.151 388.522 392.966
33 360.000 359.229 356.366 355.015 358.547 357.026 356.750 357.931 358.386 355.011 358.066
34 382.000 400.299 402.081 394.897 398.956 391.083 393.437 400.069 402.265 402.412 398.294
35 527.000 497.148 500.924 500.349 483.659 501.079 491.823 490.964 495.740 491.527 503.445
36 408.000 403.942 404.853 406.510 407.121 403.291 405.100 404.964 406.481 405.424 406.841
37 421.000 357.910 357.549 354.369 367.510 358.184 355.855 357.029 354.705 354.752 356.806
38 346.000 333.701 334.272 334.587 332.642 332.946 334.485 333.317 331.420 333.049 333.553
39 478.000 487.223 493.329 498.962 492.619 492.066 493.526 493.327 494.631 481.185 501.274
40 420.000 458.993 457.668 464.600 456.029 456.419 453.997 458.631 459.532 459.143 458.321
41 430.000 440.807 440.178 442.351 440.677 441.314 432.003 439.608 440.527 437.727 439.792
42 623.000 552.433 554.253 553.687 554.611 556.718 546.950 554.568 554.488 554.848 553.133
43 457.000 425.798 424.786 433.896 426.486 425.941 427.018 425.635 424.439 425.466 429.855
44 424.000 455.505 456.173 459.067 455.785 452.640 455.336 455.924 450.178 449.084 456.849
45 456.000 441.016 438.812 437.694 434.627 440.609 438.104 449.564 447.212 441.198 444.287
46 411.000 404.913 405.485 405.952 404.620 404.506 407.013 403.660 405.491 406.615 400.537
47 413.000 430.644 429.023 425.260 428.632 430.026 429.265 430.327 429.737 426.851 428.925
48 332.000 379.353 383.118 370.558 376.779 365.204 378.567 382.600 377.122 373.682 372.647
49 489.000 479.208 476.413 476.612 479.724 479.374 479.856 477.600 476.086 481.703 478.688
50 425.000 447.305 436.468 443.896 438.381 445.341 428.314 444.948 443.669 444.649 447.517
51 359.000 387.825 385.323 386.636 389.877 387.918 388.151 387.264 384.356 392.843 386.479
52 418.000 417.810 419.141 418.318 417.407 419.915 419.431 418.553 417.277 418.300 418.357
53 325.000 320.050 320.294 320.560 320.970 322.501 320.197 320.465 325.674 321.209 320.018
54 447.000 427.048 425.137 423.873 424.738 429.400 427.646 426.299 426.209 422.671 426.789
55 464.000 478.353 484.342 481.987 478.318 477.411 479.066 485.086 476.977 478.006 479.894
56 431.000 420.296 421.933 420.347 420.373 418.722 418.737 420.035 420.741 421.116 415.816
57 332.000 351.656 356.491 346.738 356.851 347.348 347.942 352.991 345.643 349.601 348.633
58 329.000 424.551 428.564 426.936 426.855 423.814 422.143 422.603 427.950 425.147 426.782
59 315.000 319.763 319.071 319.190 319.692 319.747 319.258 319.903 320.012 319.909 319.605
60 396.000 406.124 407.671 407.995 409.897 406.655 407.957 406.929 405.768 409.379 407.258
61 390.000 365.216 363.254 363.906 366.311 366.854 367.300 365.275 366.483 365.301 365.111
62 423.000 427.100 431.452 435.882 427.362 436.513 431.700 433.442 431.692 425.501 424.983
63 430.000 436.999 437.306 437.141 435.456 437.833 431.837 435.809 433.272 438.519 439.530
64 429.000 420.981 419.818 422.835 419.499 419.977 418.427 419.680 418.786 417.442 415.219
65 467.000 442.099 442.613 445.314 442.621 445.150 444.488 441.037 437.850 442.869 443.018
66 602.000 563.949 561.557 555.557 565.950 563.257 567.954 547.137 570.900 557.899 564.342
67 461.000 466.238 468.721 465.329 469.332 466.270 482.436 465.101 461.236 460.416 469.195
68 342.000 339.022 338.830 337.928 339.890 340.082 338.873 336.922 337.162 340.852 338.663
69 545.000 474.173 480.096 480.529 485.247 480.936 482.088 471.630 488.110 480.456 466.803
70 415.000 421.414 420.713 419.972 420.138 418.569 419.585 420.278 420.119 419.653 420.442
71 365.000 394.669 381.107 388.254 385.714 384.904 381.827 387.774 382.254 380.430 396.979
72 429.000 436.163 438.143 438.010 433.971 443.715 437.132 436.276 438.903 437.558 441.351
73 336.000 333.253 333.317 333.320 334.302 333.151 335.202 335.559 332.741 334.658 334.034
74 302.000 331.362 336.122 339.604 335.402 338.047 338.261 334.797 335.970 335.669 338.113
75 426.000 438.073 432.989 434.350 435.364 434.032 434.000 432.938 431.308 436.330 431.835
76 364.000 372.856 372.277 371.592 367.409 371.499 367.213 371.451 374.820 367.910 372.539
77 451.000 421.112 425.311 426.084 425.770 422.244 425.948 424.277 426.880 425.395 420.029
78 573.000 561.105 559.635 556.633 556.278 560.271 551.438 561.154 559.006 558.971 562.861
79 447.000 428.196 430.576 431.779 430.403 434.596 431.389 429.212 430.368 427.341 427.143
80 322.000 344.620 341.618 346.470 345.389 343.326 342.917 348.774 346.204 345.300 343.631
81 586.000 570.892 576.890 576.066 568.141 573.093 577.839 565.014 571.087 568.054 564.334
82 459.000 434.827 436.444 434.356 439.432 434.195 434.293 441.300 433.728 435.938 434.849
83 405.000 424.432 419.898 419.283 419.008 420.126 417.607 421.073 417.892 421.389 423.129
84 434.000 427.248 425.381 427.087 426.735 427.016 427.741 426.387 425.798 426.923 425.063
85 441.000 458.172 458.959 455.503 458.032 455.193 455.169 458.019 454.781 457.360 454.736
86 403.000 417.383 417.352 416.831 417.281 416.004 415.872 416.873 415.809 416.198 415.629
87 450.000 425.228 423.696 427.084 425.016 422.046 426.295 426.536 426.539 425.534 425.966
88 372.000 363.153 365.610 371.122 370.892 367.185 373.627 372.481 368.896 366.315 376.204
89 400.000 473.665 467.849 471.859 467.922 472.385 467.843 473.791 474.452 466.886 470.192
90 545.000 558.280 547.679 550.781 547.768 553.011 551.886 552.950 549.428 553.420 551.052
91 411.000 400.255 405.998 402.600 409.627 401.110 398.982 402.824 402.074 401.839 402.415
92 344.000 352.889 354.190 354.640 350.499 351.492 353.871 350.820 353.413 353.357 351.333
93 502.000 547.719 550.923 556.042 532.763 533.539 538.806 550.161 554.094 553.122 551.070
94 401.000 411.664 406.686 412.007 408.240 408.823 410.929 405.073 408.457 410.085 407.281
95 407.000 412.983 411.108 416.664 413.520 414.477 409.199 415.637 415.027 415.427 413.341
96 444.000 434.901 435.581 433.899 432.790 436.320 429.373 435.532 432.608 436.511 436.115
97 321.000 321.699 321.716 320.625 320.469 321.632 322.082 322.689 326.538 322.262 323.431
98 584.000 592.214 587.389 588.759 592.534 589.614 587.244 584.023 591.916 591.535 588.938
99 480.000 579.145 525.703 521.332 584.676 518.533 517.513 523.529 533.019 521.018 521.737
100 510.000 505.223 494.475 496.092 496.425 501.864 513.156 500.974 499.187 469.727 498.233
101 408.000 411.571 404.481 412.893 407.653 405.687 409.819 407.116 406.667 409.818 405.422
102 323.000 336.770 336.373 334.887 336.411 334.741 336.292 337.341 335.928 337.053 333.043
103 438.000 432.913 433.385 435.734 423.198 434.561 432.417 435.630 431.501 435.047 424.460
104 417.000 418.230 418.829 420.285 417.942 419.790 418.618 418.440 418.765 418.217 420.149
105 429.000 419.953 424.329 428.466 423.938 421.501 423.225 425.224 428.077 426.657 424.677
106 434.000 425.855 424.834 427.010 423.736 423.662 426.455 423.777 425.852 426.628 425.096
107 442.000 423.256 425.372 423.721 425.356 425.377 424.797 424.036 424.519 424.711 422.763
108 410.000 417.440 416.114 416.681 418.168 416.167 417.214 416.902 416.520 416.887 417.616
109 335.000 371.925 383.443 372.331 375.156 375.383 370.316 371.704 383.968 369.298 372.564
110 515.000 521.335 516.229 519.236 527.031 518.719 519.038 511.566 517.469 469.712 529.463
111 400.000 404.646 405.119 406.441 406.096 405.504 404.530 403.485 405.150 405.464 406.000
112 429.000 427.071 427.175 427.565 427.353 425.573 427.432 427.881 426.919 428.226 427.016
113 432.000 441.588 433.235 440.712 442.058 438.287 443.476 436.114 444.550 438.560 436.702
114 335.000 334.136 333.691 335.745 334.652 335.371 333.062 333.793 333.956 334.109 333.970
115 395.000 398.546 398.159 395.844 392.298 401.363 397.428 396.384 400.102 394.053 394.259
116 341.000 337.843 336.968 339.121 336.650 338.615 339.296 337.474 337.345 336.315 337.105
117 425.000 422.419 421.292 421.515 422.507 420.871 421.996 424.201 421.875 421.536 421.960
118 351.000 371.940 373.257 372.292 370.414 372.245 371.785 373.190 374.378 370.700 370.718
119 315.000 322.863 322.861 322.631 322.769 322.562 321.680 322.637 325.322 322.895 322.209
120 320.000 329.485 324.025 326.860 322.744 321.141 325.111 323.150 322.290 321.507 323.438
121 588.000 565.715 556.634 552.888 563.781 567.094 566.254 562.495 554.825 566.130 562.433
122 469.000 458.501 465.639 460.958 459.811 455.633 454.393 452.692 461.234 458.977 456.463
123 321.000 344.225 348.338 341.927 342.071 345.241 344.372 344.507 345.015 346.164 346.507
124 310.000 408.290 408.646 406.692 403.013 405.555 414.900 405.569 408.137 406.870 403.157
125 362.000 344.212 348.914 352.285 356.555 344.240 357.586 348.528 345.463 345.225 353.458
126 332.000 365.309 358.376 362.683 358.034 360.056 366.425 359.489 357.983 358.502 357.834
127 307.000 360.140 358.638 354.605 351.748 356.701 357.563 352.838 357.554 354.528 354.310
128 400.000 403.796 403.836 404.150 403.946 403.565 403.649 405.983 403.830 406.458 404.972
129 490.000 475.936 461.548 468.570 479.264 477.281 471.886 469.318 472.745 475.201 475.865
130 354.000 354.204 353.637 352.186 350.285 352.405 356.143 352.407 351.956 356.640 353.220
131 326.000 335.507 338.170 338.966 338.954 337.372 336.267 336.248 335.135 333.682 337.987
132 326.000 335.539 339.423 335.447 333.692 337.037 333.557 337.214 333.698 336.966 337.906
133 409.000 415.117 414.804 417.676 415.785 413.732 415.298 413.748 413.967 412.463 416.019
134 562.000 457.153 458.345 458.327 455.653 458.550 457.542 455.576 459.842 456.606 457.592
135 332.000 345.944 335.672 328.137 327.995 337.170 342.379 337.072 335.225 332.035 337.861
136 472.000 417.324 428.855 423.877 415.975 420.442 413.265 418.162 419.945 422.015 418.913
137 405.000 418.012 418.870 418.082 417.871 419.948 420.931 418.678 418.513 418.639 419.557
138 394.000 401.953 402.512 402.795 403.469 401.225 400.367 401.425 403.084 402.413 402.230
139 324.000 338.433 339.095 337.882 336.649 340.292 342.286 339.911 338.389 339.471 341.935
140 555.000 566.170 562.538 563.865 565.342 551.155 545.958 562.229 562.849 564.041 550.530
141 324.000 341.559 340.830 342.231 333.018 340.878 340.537 341.767 340.667 339.046 342.960
142 422.000 417.097 415.526 414.224 415.564 414.103 418.111 415.863 417.076 415.441 418.745
143 429.000 428.713 420.013 422.463 423.335 422.661 421.989 426.125 423.127 425.155 422.603
144 314.000 323.198 324.120 325.888 323.306 327.639 324.159 324.978 324.170 321.714 324.641
145 445.000 434.481 438.202 432.643 434.683 434.934 436.567 437.115 435.486 428.947 430.732
146 420.000 436.120 431.841 431.357 434.435 434.812 434.886 433.615 430.402 431.868 434.639
147 350.000 355.145 351.353 351.481 351.279 351.846 354.968 352.158 351.270 353.344 352.408
148 381.000 362.500 362.084 361.378 360.823 361.534 365.032 363.281 358.679 363.363 363.056
149 340.000 341.109 338.975 342.319 341.363 339.093 339.914 338.121 339.935 342.962 341.111
150 462.000 477.201 470.672 480.444 476.576 472.369 477.266 476.456 474.692 469.145 477.482
151 545.000 526.640 520.914 522.714 528.520 507.574 522.551 523.937 523.211 509.340 520.723
152 401.000 395.490 400.025 401.571 396.760 388.788 394.358 398.575 396.325 394.248 400.338
153 450.000 492.157 489.361 491.011 484.668 494.222 493.584 468.753 489.741 493.208 491.037
154 495.000 532.741 539.757 547.544 535.222 535.472 534.449 515.037 537.663 531.499 533.774
155 415.000 429.030 424.653 426.081 422.819 423.685 431.812 425.882 413.541 425.494 438.864
156 580.000 545.424 538.941 539.713 543.827 540.089 544.519 541.882 539.667 530.626 544.941
157 412.000 413.586 414.997 414.370 413.657 416.486 413.713 415.430 415.407 413.944 414.789
158 446.000 464.371 459.719 442.823 462.199 447.553 463.454 466.478 459.640 459.550 456.341
159 330.000 350.715 346.671 349.913 354.601 353.073 346.511 346.180 353.712 346.211 343.819
160 325.000 330.261 330.446 329.802 326.596 332.948 336.175 332.236 330.318 326.133 326.142
161 316.000 330.071 323.966 325.026 327.299 322.363 325.133 324.759 324.316 324.216 323.513
162 408.000 404.340 407.484 406.438 404.570 405.330 405.187 404.386 404.713 406.060 404.857
163 428.000 413.116 413.848 412.370 411.181 419.369 411.711 409.940 411.173 415.212 411.063
164 396.000 478.229 487.573 484.988 483.910 481.641 485.854 489.889 485.084 484.000 484.298
165 385.000 351.057 357.252 353.187 353.282 360.587 356.967 356.252 357.850 356.941 359.380
166 335.000 333.690 333.816 334.779 334.324 333.603 334.295 335.069 335.064 335.471 334.787
167 339.000 332.348 332.154 332.696 329.949 328.146 328.158 331.871 329.945 332.403 331.885
168 419.000 427.853 428.099 427.026 427.985 427.336 428.591 427.081 428.445 427.959 428.934
169 321.000 320.360 320.385 320.746 320.980 322.413 321.186 323.282 317.205 320.683 320.085
170 419.000 416.468 416.629 416.496 417.481 416.953 416.470 417.125 417.134 416.037 415.853
171 423.000 425.568 424.619 425.008 423.547 422.435 425.210 422.409 425.226 424.923 423.718
172 416.000 415.197 415.612 414.505 415.261 416.347 414.829 414.929 413.820 414.686 421.912
173 434.000 431.139 421.407 422.223 424.664 423.627 421.371 427.434 426.749 422.414 423.756
174 329.000 354.509 363.097 357.272 361.178 356.808 358.355 354.741 356.224 352.747 361.244
175 450.000 438.830 433.972 433.371 428.546 433.838 431.011 433.684 432.253 433.467 435.168
176 333.000 337.348 336.924 334.375 337.532 337.372 337.537 337.455 336.480 337.739 336.288
177 420.000 428.539 427.991 428.466 428.729 421.501 428.615 428.039 426.945 428.471 427.725
178 315.000 333.637 334.158 337.087 334.083 335.156 336.893 333.287 334.454 334.335 329.509
179 349.000 355.606 360.241 361.145 358.510 358.525 353.200 358.609 358.794 360.629 357.033
180 431.000 416.755 419.097 414.591 414.358 415.933 415.947 419.518 416.667 415.683 417.923
181 407.000 421.373 418.025 417.913 419.750 417.162 418.745 421.747 420.390 419.345 420.578
182 424.000 419.606 420.687 419.958 419.440 419.431 420.100 419.420 420.094 419.229 420.968
183 425.000 417.675 416.295 416.680 418.397 415.170 417.896 418.848 417.591 416.001 420.093
184 588.000 576.377 576.239 576.982 576.451 572.549 577.365 561.181 578.220 577.381 575.665
185 332.000 341.308 341.182 338.960 339.021 337.050 337.463 337.653 340.919 340.677 340.935
186 379.000 425.659 423.389 420.946 423.423 422.728 420.816 421.505 421.818 419.372 425.180
187 586.000 585.852 581.260 586.070 584.968 583.712 586.955 582.917 583.887 581.244 582.630
188 528.000 558.128 561.148 552.840 560.873 566.475 556.209 567.650 544.868 563.883 565.646
189 425.000 442.467 445.519 451.141 441.370 445.519 444.298 443.926 454.046 446.430 439.922
190 398.000 396.608 397.831 400.310 396.460 395.798 393.434 395.092 395.960 398.159 397.402
191 492.000 513.713 518.320 516.712 517.736 518.056 516.458 513.564 512.296 518.202 515.030
192 395.000 419.791 419.443 420.281 419.659 421.199 418.862 422.089 420.365 420.242 420.569
193 503.000 452.546 449.911 452.558 444.834 455.556 456.361 452.778 451.300 451.838 449.826
194 402.000 417.383 417.352 416.816 416.902 416.254 417.289 416.339 416.411 416.201 417.644
195 316.000 335.863 336.751 335.606 336.412 336.861 335.831 337.314 335.410 336.982 337.371
196 537.000 518.820 520.086 518.048 521.494 521.157 523.860 520.066 518.693 520.378 514.086
197 426.000 426.061 425.290 423.394 426.622 426.863 426.337 424.829 424.373 426.519 425.877
198 414.000 438.726 433.110 432.986 432.683 433.825 434.035 434.252 434.018 433.963 434.021
199 460.000 581.094 536.805 533.210 587.416 532.069 531.728 539.055 538.431 539.430 531.886
200 438.000 435.197 437.978 436.033 440.097 439.258 435.603 439.157 435.194 436.917 436.494
201 418.000 419.302 418.329 418.577 417.914 420.204 420.026 419.196 420.944 418.447 419.863
202 432.000 416.082 414.429 425.605 411.718 410.339 394.876 399.895 411.639 422.070 417.030
203 422.000 427.864 424.395 426.752 426.059 427.166 424.465 424.866 424.796 427.031 428.109
204 450.000 434.190 437.056 437.710 434.874 435.613 434.132 430.535 436.796 435.936 435.020
205 362.000 393.554 391.567 385.780 377.428 384.703 386.288 383.233 389.770 384.503 382.996
206 500.000 416.944 427.057 435.703 428.573 433.218 425.087 427.958 422.617 425.695 432.969
207 361.000 398.912 369.888 374.705 378.093 376.950 393.043 377.676 376.012 376.694 374.367
208 439.000 437.296 439.860 435.640 437.549 438.550 438.418 435.480 433.350 436.740 442.286
209 382.000 449.127 453.402 452.988 454.513 455.980 449.484 455.718 457.062 457.851 458.609
210 446.000 457.199 453.870 451.897 450.395 454.887 455.144 454.083 456.607 457.218 455.830
211 420.000 417.639 427.716 426.015 428.097 428.749 423.049 426.298 425.732 424.622 425.217
212 420.000 426.911 427.795 426.703 424.323 429.391 427.032 426.602 425.950 428.876 425.633
213 488.000 406.906 404.272 406.295 409.872 412.856 398.693 406.279 407.991 396.035 406.694
214 395.000 401.380 401.370 402.770 400.962 402.111 403.151 401.351 403.409 402.057 401.702
215 399.000 416.019 415.915 415.959 415.554 415.512 415.702 416.193 415.990 415.694 414.919
216 356.000 355.887 357.322 359.880 355.225 356.748 358.206 356.316 356.830 357.154 357.340
217 440.000 429.611 430.701 429.205 429.133 429.264 431.189 429.216 420.784 429.741 429.618
218 342.000 354.979 365.824 355.526 358.277 355.681 356.514 358.433 356.918 360.441 357.948
219 535.000 449.427 455.071 447.622 439.940 467.903 447.921 456.003 460.449 452.716 462.135
220 525.000 480.903 474.806 483.828 486.296 478.321 478.312 481.410 477.374 482.516 480.224
221 526.000 516.400 506.655 511.558 511.035 513.179 516.356 515.084 510.090 516.326 510.211
222 318.000 341.616 339.263 340.376 337.500 341.847 344.608 340.642 343.564 342.842 341.768
223 518.000 404.982 428.947 421.087 420.949 423.964 430.042 428.679 423.511 438.143 426.029
224 366.000 356.551 353.982 356.449 354.059 355.655 356.231 354.810 356.114 355.908 357.593
225 349.000 361.146 362.452 360.438 357.571 357.639 361.341 359.741 360.121 361.541 363.689
226 396.000 404.971 404.721 406.441 405.474 405.527 406.215 404.821 406.251 405.982 405.766
227 380.000 373.111 365.388 367.202 368.976 365.179 369.162 367.156 368.422 366.110 370.158
228 375.000 380.234 374.711 370.882 374.321 377.473 376.263 375.294 377.354 377.177 373.470
229 455.000 437.375 435.430 441.940 437.135 435.990 438.714 441.814 437.252 435.384 432.939
230 428.000 459.653 457.717 455.585 469.024 457.089 467.285 464.561 462.619 459.052 463.787
231 334.000 332.681 331.564 331.086 332.470 332.734 331.392 332.958 331.449 331.425 332.006
232 337.000 319.602 320.044 321.135 316.738 322.338 320.222 320.636 319.381 320.255 318.991
233 418.000 417.973 413.709 415.115 424.291 414.641 418.307 414.918 414.186 419.244 414.201
234 310.000 327.450 328.714 330.565 331.722 329.614 324.097 326.848 324.531 326.292 326.159
235 395.000 405.490 404.899 405.816 404.333 404.729 406.007 405.787 406.087 405.731 405.483
236 450.000 427.766 428.405 429.005 437.148 429.974 433.821 435.596 437.111 434.081 432.502
237 368.000 357.410 356.216 357.504 357.097 357.207 356.864 355.285 355.092 358.846 355.524
238 468.000 459.476 453.301 458.230 443.154 451.795 460.992 456.332 460.882 453.872 452.929
239 305.000 325.754 325.360 325.943 328.470 329.534 326.941 330.726 326.615 326.277 327.990
240 303.000 330.186 329.811 329.143 331.722 327.288 328.717 330.448 327.655 330.662 328.878
241 316.000 330.003 327.497 335.553 330.600 333.070 335.130 328.729 328.055 330.491 327.656
242 360.000 343.469 339.367 339.328 342.820 340.489 340.084 337.341 338.589 343.019 346.431
243 466.000 451.789 454.210 440.827 452.408 459.335 456.724 455.944 453.890 455.634 457.519
244 422.000 429.165 429.198 430.632 430.668 428.999 426.872 429.227 428.730 426.140 422.869
245 418.000 407.881 412.114 411.862 407.336 411.520 406.140 409.608 410.967 411.442 411.981
246 409.000 420.021 419.914 420.091 420.484 420.374 419.761 420.921 419.236 419.476 421.913
247 326.000 346.842 345.631 352.676 346.744 348.652 349.328 353.851 351.104 343.870 349.154
248 328.000 382.701 382.238 389.154 380.932 380.414 387.884 385.412 381.710 384.081 380.638
249 369.000 394.306 386.587 386.256 382.851 371.217 384.941 383.744 389.154 383.492 387.654
250 346.000 333.431 334.383 336.359 336.412 335.269 336.100 334.632 338.027 334.922 334.843
251 407.000 421.000 419.879 419.745 419.939 418.987 419.517 420.525 419.310 420.420 420.902
252 414.000 380.302 382.024 381.746 386.104 383.065 380.505 380.425 382.204 378.952 385.848
253 501.000 476.881 471.922 476.239 476.430 479.373 476.832 478.284 474.919 476.965 473.111
254 421.000 416.710 417.474 418.745 417.590 418.073 417.743 419.792 418.407 419.127 417.694
255 316.000 340.400 336.502 354.253 356.839 334.543 343.941 344.658 340.312 339.880 345.242
256 328.000 331.949 330.444 333.031 333.332 333.737 330.234 332.304 332.598 336.782 333.057
257 445.000 465.842 423.276 424.902 462.767 460.044 458.584 452.552 442.573 454.187 467.484
258 371.000 391.784 389.160 386.511 391.612 442.812 390.619 393.359 387.733 400.759 387.132
259 484.000 473.256 478.581 450.273 470.368 473.631 476.158 479.823 477.952 481.380 475.386
260 418.000 422.077 420.875 419.432 421.425 420.116 421.325 421.370 418.695 420.630 421.509
261 371.000 369.842 368.148 367.726 372.577 365.722 367.591 366.882 364.421 368.405 374.428
262 331.000 341.386 340.016 338.361 339.837 338.641 340.410 336.683 341.804 336.598 338.261
263 586.000 520.388 525.786 526.217 539.973 540.670 528.609 529.854 531.562 529.362 522.494
264 434.000 436.419 436.132 433.242 434.300 430.618 434.624 434.046 430.434 435.798 434.210
265 412.000 432.724 428.588 430.661 430.463 431.639 430.255 429.260 430.025 428.640 427.305
266 483.000 372.072 386.618 377.215 373.093 373.996 364.364 375.907 358.109 369.782 374.403
267 393.000 398.543 399.939 397.602 396.184 400.746 400.765 404.249 398.614 398.220 396.590
268 386.000 383.819 388.049 384.423 391.261 385.647 386.180 386.413 386.187 387.091 384.136
269 344.000 405.853 388.966 378.658 372.966 384.995 377.275 382.445 381.467 385.130 385.956
270 392.000 370.498 363.503 368.447 366.203 367.898 364.361 368.563 369.876 367.057 384.774
271 460.000 437.253 423.247 428.376 427.467 431.689 429.517 431.967 432.097 430.076 433.453
272 321.000 330.974 332.316 332.448 332.458 332.634 330.471 332.861 333.064 333.399 332.799
273 311.000 372.757 376.573 381.751 386.962 352.203 370.229 379.262 369.790 363.437 390.000
274 391.000 332.194 332.866 335.512 333.018 332.640 333.552 333.664 334.243 333.189 332.893
275 431.000 430.413 432.493 435.800 431.588 425.467 435.163 435.799 434.608 432.344 432.053
276 357.000 359.838 357.733 360.815 359.564 357.154 360.206 360.868 358.330 357.264 357.275
277 414.000 393.958 406.966 401.863 400.056 402.479 407.973 406.669 401.088 402.960 400.505
278 452.000 428.102 428.476 428.465 427.664 428.457 427.693 427.359 426.193 427.894 427.556
279 437.000 396.688 398.538 398.652 397.829 396.502 397.131 395.234 397.415 397.023 397.078
280 315.000 323.037 322.128 322.181 323.325 318.923 320.603 322.940 325.063 322.625 319.948
281 435.000 442.122 444.163 433.223 439.082 443.567 437.793 440.876 437.852 436.478 437.355
282 448.000 437.388 439.013 440.894 439.086 435.242 434.671 433.866 435.073 426.368 438.392
283 416.000 422.728 421.847 420.329 421.086 420.010 420.956 419.643 422.606 420.506 420.460
284 328.000 343.705 341.242 344.856 341.111 345.308 341.537 344.476 346.202 343.434 345.285
285 390.000 403.272 403.273 403.831 404.664 405.601 404.102 405.085 405.213 404.312 405.334
286 310.000 324.970 323.561 326.860 324.990 327.639 325.035 326.081 322.454 325.881 323.146
287 365.000 369.903 365.734 366.166 362.244 362.553 365.243 359.953 363.634 365.655 365.144
288 402.000 417.223 417.009 418.452 416.975 417.259 416.175 416.581 416.091 415.293 417.412
289 372.000 391.723 389.987 384.916 402.987 390.935 396.359 396.520 393.387 395.185 393.300
290 428.000 447.357 457.650 447.971 446.543 451.703 441.849 448.453 450.227 450.105 422.684
291 267.000 418.381 415.611 416.620 403.072 415.906 414.099 415.383 421.095 417.666 414.815
292 330.000 340.429 341.071 342.132 340.159 338.779 340.398 340.785 340.367 341.840 339.869
293 598.000 578.348 579.554 585.658 581.418 581.086 576.441 565.511 578.950 578.964 570.116
294 392.000 398.453 399.581 399.152 387.700 396.717 396.191 390.637 402.230 399.137 396.545
295 430.000 509.178 507.940 507.553 503.293 503.251 500.445 507.783 503.138 503.348 503.151
296 340.000 368.832 363.578 369.697 371.530 362.487 369.267 365.693 373.694 364.606 368.903
297 312.000 335.341 349.689 340.976 334.524 332.210 342.265 341.489 335.569 333.634 332.778
298 327.000 365.414 376.573 381.751 386.962 363.382 362.447 356.518 361.241 349.545 390.000
299 342.000 358.130 356.751 358.498 357.318 359.465 359.615 354.943 357.957 356.524 351.596
300 417.000 416.926 416.910 416.992 415.776 418.102 417.075 417.559 418.216 417.732 418.361
301 318.000 319.899 319.267 319.541 320.409 320.454 319.591 321.556 321.177 320.093 320.186
302 329.000 332.833 332.340 345.053 334.119 332.761 331.235 340.519 331.085 329.997 339.573
303 339.000 354.508 346.224 349.049 347.279 350.552 350.292 350.737 352.950 348.509 347.027
304 334.000 333.765 334.142 334.241 332.695 333.140 334.123 331.733 332.051 332.409 333.438
305 346.000 379.498 359.171 355.602 366.844 361.787 372.878 364.364 369.204 372.768 356.960
306 420.000 429.959 428.495 432.395 429.544 426.381 432.036 430.040 429.623 426.959 430.763
307 371.000 397.086 395.894 390.978 396.447 397.053 390.846 389.036 396.856 381.472 390.661
308 560.000 572.292 569.863 568.584 571.670 567.947 571.316 570.983 570.277 570.368 571.421
309 512.000 488.005 463.163 465.342 468.519 455.562 471.453 470.667 475.235 465.469 461.947
310 410.000 426.459 425.726 428.205 423.567 426.889 426.551 426.445 425.557 427.914 428.455
311 473.000 452.068 449.268 455.215 454.842 457.066 448.792 449.311 449.856 446.409 437.277
312 427.000 417.713 417.224 417.917 418.364 419.035 418.231 417.237 418.517 418.476 419.027
313 326.000 388.994 398.198 392.219 388.539 392.106 390.023 395.606 398.237 392.966 397.773
314 405.000 394.075 395.454 394.812 398.567 396.090 393.863 394.539 396.777 395.940 396.804
315 442.000 495.743 496.508 498.686 501.792 504.624 492.805 449.163 444.745 494.675 498.055
316 330.000 339.407 339.712 339.946 338.896 341.195 339.745 341.533 342.791 340.386 340.303
317 328.000 334.925 340.060 346.395 347.427 335.245 335.927 345.009 344.449 334.575 344.938
318 436.000 425.742 424.811 425.804 426.067 425.184 424.586 426.462 418.069 424.729 427.816
319 410.000 415.824 415.784 413.714 414.280 415.823 414.706 412.920 415.620 413.269 417.154
320 462.000 446.876 443.419 454.445 454.603 448.854 452.574 450.246 446.618 451.523 452.900
321 471.000 436.960 439.587 437.648 437.774 435.487 434.129 439.680 438.242 438.287 432.295
322 427.000 424.468 424.556 424.045 423.614 425.916 424.227 424.621 423.883 424.713 423.440
323 464.000 435.036 433.318 434.226 434.342 435.317 434.956 433.476 431.455 433.801 432.953
324 446.000 432.978 433.219 428.569 425.479 430.667 431.747 429.797 433.382 435.081 431.528
325 583.000 580.372 572.959 577.382 570.243 576.197 572.798 586.066 575.939 568.720 581.079
326 562.000 476.440 475.810 481.395 479.136 475.624 483.024 477.597 470.826 481.111 475.936
327 313.000 327.819 327.280 326.065 327.119 327.317 326.937 329.046 328.263 326.365 322.420
328 422.000 444.225 447.603 447.546 456.416 443.885 449.609 445.148 448.587 446.394 445.294
329 382.000 411.222 404.472 394.787 408.827 408.852 400.446 403.718 410.599 402.297 415.835
330 398.000 400.164 404.020 394.767 406.398 399.244 398.508 398.170 405.375 395.164 403.841
331 371.000 391.857 384.048 377.639 384.306 379.128 391.101 379.980 380.463 387.095 386.632
332 414.000 418.903 417.653 418.218 417.274 418.158 417.448 419.598 418.722 416.711 418.171
333 440.000 437.036 437.112 436.185 436.260 434.773 437.329 438.073 435.528 436.679 429.721
334 599.000 581.510 592.594 594.112 591.913 593.997 594.419 592.065 594.095 594.293 591.300
335 353.000 357.518 357.710 354.127 354.134 353.859 357.502 355.501 355.217 354.392 356.439
336 404.000 414.004 411.987 412.200 417.001 405.828 415.473 413.866 416.623 413.925 410.731
337 406.000 430.801 423.581 424.609 425.980 426.033 424.914 423.341 423.116 420.524 426.558
338 324.000 338.249 340.414 336.071 335.960 340.262 339.510 333.530 336.986 338.522 339.168
339 337.000 334.899 334.166 334.391 334.850 334.721 333.699 334.981 334.109 335.376 334.460
340 395.000 420.161 421.621 418.543 419.763 421.469 424.150 420.020 421.915 422.754 422.938
341 407.000 414.724 414.220 413.749 413.351 415.641 413.091 415.802 414.866 415.503 414.490
342 330.000 367.455 371.823 372.948 371.210 378.788 369.823 366.757 368.846 369.397 367.527
343 417.000 429.541 430.384 428.720 428.712 426.379 428.624 432.540 432.677 431.983 429.812
344 395.000 404.317 405.563 404.669 406.096 404.819 405.252 405.951 406.013 405.967 406.000
345 503.000 392.363 395.920 392.681 394.949 394.505 396.910 396.168 394.238 393.940 392.135
346 448.000 452.881 447.447 454.502 453.036 450.112 452.637 449.866 453.361 456.123 452.235
347 363.000 364.899 367.173 365.695 371.608 369.767 371.336 364.234 362.084 364.225 362.501
348 386.000 360.157 366.568 363.125 365.917 365.350 364.192 364.755 364.764 364.709 360.405
349 330.000 332.819 333.321 332.592 331.852 333.023 333.037 333.318 334.145 333.144 333.456
350 488.000 376.504 384.632 369.910 380.239 381.784 386.948 372.923 390.494 384.534 383.013
351 479.000 461.517 473.596 466.315 465.807 466.268 465.794 462.377 474.922 465.376 466.717
352 338.000 373.170 376.739 375.164 378.685 374.533 375.981 377.028 377.472 373.810 376.870
353 456.000 441.347 473.628 493.675 497.750 468.608 472.330 468.991 472.522 476.625 489.404
354 418.000 448.819 447.243 445.820 451.698 443.316 447.546 445.221 446.534 441.563 442.483
355 322.000 332.488 331.830 336.216 333.815 332.797 333.052 332.879 333.207 332.143 333.931
356 321.000 321.857 316.195 316.055 316.770 315.614 316.233 314.914 316.786 321.297 321.365
357 335.000 404.937 381.767 383.961 390.878 381.856 390.344 385.075 389.911 389.145 386.720
358 394.000 399.612 394.588 397.660 398.139 396.646 396.350 399.209 396.038 395.913 395.698
359 398.000 441.050 440.741 393.171 442.156 437.257 441.227 437.048 443.457 397.400 443.181
360 421.000 410.462 415.536 408.377 407.397 417.388 421.189 410.457 413.723 415.086 414.520
361 364.000 373.415 368.607 370.829 375.024 375.070 366.815 374.233 371.710 373.321 378.409
362 322.000 344.478 345.014 349.432 346.222 343.225 349.895 344.673 341.804 345.571 346.325
363 446.000 474.064 471.219 475.108 470.855 472.520 470.340 470.389 472.398 473.012 471.786
364 340.000 319.409 320.532 318.329 317.624 321.824 319.968 321.168 319.794 322.328 323.343
365 340.000 403.840 408.297 421.649 401.019 405.492 407.800 410.047 402.365 404.005 408.486
366 452.000 403.474 407.965 391.474 403.200 406.924 406.863 400.904 403.686 411.527 407.370
367 367.000 389.574 391.358 390.269 386.123 386.866 389.161 390.491 388.281 394.911 386.544
368 425.000 431.800 432.581 428.094 430.419 430.250 432.307 430.471 432.237 432.495 431.936
369 399.000 362.858 362.857 367.151 362.849 363.248 358.336 362.656 359.225 361.342 358.274
370 420.000 416.902 416.731 417.728 416.646 417.495 415.447 417.879 415.660 417.100 418.562
371 526.000 518.707 520.786 523.950 526.436 526.824 521.112 518.543 522.870 523.505 547.407
372 343.000 359.909 352.235 349.076 350.867 352.061 348.906 350.240 346.926 359.890 356.503
373 420.000 420.270 418.919 414.547 418.312 414.557 416.981 421.184 418.221 415.957 415.971
374 403.000 385.909 388.205 390.868 395.575 398.366 389.825 386.283 392.398 392.575 388.742
375 495.000 476.659 475.041 474.664 473.127 478.477 476.555 475.395 474.966 472.285 461.291
376 564.000 441.925 442.820 446.588 444.624 444.251 447.163 449.163 444.745 442.233 442.802
377 420.000 493.554 499.776 499.212 498.876 491.489 496.597 499.597 493.102 499.301 494.768
378 414.000 408.702 412.317 412.467 412.503 412.869 413.125 413.093 412.511 411.058 410.246
379 328.000 330.021 327.246 328.428 330.391 328.815 328.681 330.485 331.260 329.211 327.857
380 546.000 460.041 459.454 455.347 460.251 461.760 457.738 455.874 451.728 460.702 466.453
381 323.000 321.845 319.910 322.968 320.167 319.411 320.341 322.274 320.879 320.732 321.401
382 413.000 416.693 415.491 414.805 417.040 416.407 415.797 416.739 416.392 417.437 417.149
383 360.000 404.371 412.079 416.892 419.103 406.277 418.177 406.754 423.721 415.717 414.267
384 411.000 417.708 417.681 416.964 417.143 417.888 416.506 417.838 418.155 418.102 417.676
385 346.000 329.926 332.013 331.063 333.807 328.270 329.341 333.414 330.708 331.044 332.338
386 449.000 431.883 433.090 431.332 429.814 428.663 428.802 435.262 427.450 431.376 427.283
387 389.000 339.147 338.961 340.232 337.500 336.124 337.322 334.623 338.792 338.899 339.092
388 340.000 387.423 383.840 383.883 366.140 381.232 388.418 388.368 383.197 389.661 383.593
389 343.000 331.021 332.208 331.710 330.947 330.815 330.749 330.837 331.019 330.952 332.142
390 404.000 418.097 416.618 419.385 417.263 416.978 417.201 418.416 418.778 418.893 418.266
391 451.000 452.347 451.596 449.931 450.306 454.745 457.617 452.667 449.374 449.733 453.052
392 359.000 354.303 352.987 356.853 353.458 353.344 352.512 354.217 352.702 351.920 349.597
393 410.000 430.725 424.909 424.704 427.226 427.537 428.338 426.013 426.486 424.942 424.937
394 340.000 334.597 335.459 332.868 335.969 334.937 334.418 333.767 333.522 333.495 335.682
395 504.000 443.225 460.593 472.064 474.673 476.277 477.412 480.998 472.818 473.701 471.075
396 546.000 525.806 516.284 518.472 522.780 523.434 515.604 529.022 530.887 443.525 521.051
397 392.000 395.774 401.084 397.631 397.945 393.339 395.445 393.452 394.684 392.267 398.706
398 413.000 412.173 415.591 413.287 413.694 413.750 415.882 415.029 416.453 414.664 415.097
399 325.000 397.837 385.789 386.696 381.674 389.835 397.989 384.327 389.600 389.982 386.882
400 297.000 321.740 320.618 320.824 322.148 320.945 321.200 321.375 322.834 320.760 321.586
401 397.000 417.588 417.988 417.564 417.328 418.015 419.718 415.645 416.980 418.320 417.806
402 428.000 426.175 429.556 428.424 427.823 426.678 426.500 428.563 428.988 428.405 424.262
403 440.000 448.437 456.474 455.848 458.196 457.223 458.588 455.529 458.903 457.474 461.817
404 604.000 596.421 595.217 593.880 586.316 585.698 592.653 593.164 591.169 590.670 591.694
405 442.000 433.720 431.259 434.945 435.721 433.576 434.950 431.829 435.413 437.712 431.533
406 462.000 459.572 467.382 467.326 462.256 466.121 464.790 470.893 462.307 463.417 466.024
407 491.000 433.029 444.406 435.349 428.967 439.289 429.393 431.724 437.248 434.964 442.641
408 495.000 470.682 461.843 464.310 469.331 475.033 467.199 477.836 469.348 471.977 479.400
409 394.000 356.524 362.018 359.563 366.156 359.082 365.753 365.701 365.497 365.039 363.277
410 320.000 337.880 339.387 335.630 337.951 337.965 336.601 338.706 335.258 337.026 340.207
411 445.000 457.052 455.388 457.623 455.145 453.098 454.034 452.462 454.959 457.201 453.236
412 350.000 354.170 353.512 351.031 351.745 353.016 349.949 352.633 352.095 355.826 347.849
413 332.000 334.850 337.309 335.300 335.895 336.272 333.245 336.181 337.148 336.443 336.448
414 411.000 423.775 420.585 421.606 420.933 420.598 421.822 421.238 422.287 422.346 423.739
415 341.000 413.670 412.465 423.758 416.187 411.012 412.998 413.783 390.494 411.718 415.783
416 452.000 446.663 449.040 448.199 450.120 447.370 450.231 448.524 448.848 447.539 448.871
417 398.000 394.431 395.065 397.163 390.015 396.681 392.576 395.696 394.923 390.014 392.472
418 357.000 358.600 355.977 360.333 357.106 357.427 358.028 358.179 358.936 357.664 356.913
419 410.000 418.868 417.268 418.511 419.000 419.305 418.217 419.822 418.607 417.527 419.378
420 411.000 360.432 354.072 364.393 357.898 353.214 347.781 362.435 355.720 361.699 349.805
421 316.000 323.214 324.077 324.446 326.775 326.910 324.637 326.209 322.055 322.845 322.686
422 454.000 425.023 424.398 423.949 423.781 424.345 424.358 424.775 424.772 422.274 425.558
423 492.000 524.787 519.846 520.320 519.273 519.069 520.320 521.487 518.128 520.373 519.861
424 405.000 413.679 413.879 413.601 412.656 414.444 414.412 414.319 415.012 414.567 415.633
425 357.000 372.621 368.560 368.517 370.298 365.769 364.335 365.275 365.743 368.959 365.290
426 424.000 416.128 417.303 415.964 416.270 415.443 415.190 416.890 417.129 415.831 415.911
427 335.000 376.032 370.507 374.971 376.527 370.902 378.314 377.883 371.950 379.430 377.019
428 438.000 445.357 447.653 445.105 447.677 446.199 450.460 444.809 452.959 445.121 443.839
429 525.000 450.300 458.636 453.700 468.153 470.476 472.893 442.793 463.870 460.714 465.198
430 331.000 409.191 408.147 407.420 412.050 447.154 422.525 413.128 414.333 418.460 418.574
431 431.000 400.320 405.460 414.106 412.113 414.586 412.516 417.043 407.968 409.738 407.461
432 591.000 581.830 584.499 585.157 587.171 580.100 581.781 584.961 583.939 580.689 586.346
433 414.000 419.066 419.325 417.036 417.294 419.214 415.798 418.255 416.470 416.748 420.271
434 388.000 369.262 368.400 365.557 365.542 365.604 366.865 367.883 365.294 368.079 366.427
435 585.000 572.445 569.178 561.986 569.116 568.321 572.105 552.823 572.616 557.980 566.639
436 398.000 406.147 405.008 405.312 406.065 404.665 405.974 406.051 405.306 404.660 405.640
437 441.000 350.693 345.343 345.924 350.266 353.202 349.761 345.560 338.261 352.793 350.284
438 309.000 320.741 322.309 321.787 321.986 321.897 321.983 322.499 321.984 321.538 321.760
439 518.000 514.985 503.660 510.912 516.422 518.533 515.405 516.602 516.877 513.714 513.676
440 416.000 419.577 420.171 419.396 421.361 421.183 419.652 421.370 418.519 420.349 421.383
441 412.000 415.724 415.075 417.025 416.419 415.654 417.117 416.992 417.587 415.830 417.173
442 385.000 394.982 398.088 404.788 396.064 394.768 394.291 388.558 396.215 391.010 393.624
443 325.000 334.219 332.920 336.216 332.039 334.031 331.836 332.049 333.856 333.229 333.931
444 325.000 341.024 338.170 341.364 340.949 342.966 342.780 342.823 339.550 339.803 340.586
445 328.000 335.148 341.532 343.324 338.977 338.483 339.041 338.906 340.696 337.971 342.696
446 397.000 414.570 413.241 414.726 416.494 413.997 415.201 412.508 414.516 415.403 415.583
447 407.000 417.186 417.360 419.169 417.470 417.468 417.171 417.421 417.208 417.618 417.626
448 491.000 430.251 429.197 434.121 429.573 431.263 434.068 433.094 429.346 432.359 427.900
449 328.000 329.129 335.102 329.028 329.905 328.540 327.452 330.160 329.161 332.748 332.773
450 430.000 432.973 433.221 431.378 429.234 436.040 435.757 428.304 427.239 435.387 430.017
451 413.000 393.169 400.853 406.236 397.460 404.329 397.293 394.574 396.676 402.228 389.811
452 364.000 365.484 371.158 371.219 370.593 374.351 371.003 372.124 368.784 369.184 379.359
453 404.000 402.097 400.509 401.536 398.429 398.212 401.279 399.558 401.755 403.130 400.450
454 431.000 436.489 440.250 442.280 442.486 439.013 445.004 443.294 441.006 440.904 439.091
455 461.000 442.358 442.641 442.742 442.960 440.683 440.364 443.865 450.935 450.126 442.279
456 346.000 350.870 347.176 346.328 361.895 348.781 347.695 354.839 345.768 351.470 349.680
457 461.000 433.020 433.474 433.935 434.056 433.348 429.830 433.388 433.673 432.392 435.559
458 446.000 431.478 436.122 434.945 434.452 436.598 430.647 433.345 436.689 432.298 432.369
459 334.000 331.601 333.837 333.062 333.122 333.645 333.492 332.847 333.256 331.552 332.929
460 368.000 357.368 355.620 358.008 351.650 357.781 355.476 355.458 357.421 354.358 357.141
461 421.000 374.680 371.645 370.832 369.385 376.862 377.006 376.084 379.401 376.846 368.135
462 536.000 531.891 515.443 518.164 514.837 517.572 529.831 521.219 515.517 520.946 515.152
463 399.000 419.882 420.586 420.240 419.203 424.803 420.819 421.002 419.444 420.823 421.912
464 584.000 584.356 577.138 580.934 584.547 579.668 580.108 579.503 586.263 580.166 578.753
465 592.000 590.593 587.183 586.983 583.069 581.334 586.299 587.484 584.524 584.378 584.048
466 450.000 431.157 430.471 430.996 430.341 431.393 428.454 432.432 431.682 435.763 432.400
467 359.000 371.856 366.042 367.100 367.604 366.735 367.057 367.412 369.568 366.323 367.418
468 325.000 326.970 328.178 327.075 327.783 327.899 327.477 328.448 326.258 328.723 327.387
469 315.000 325.824 320.466 324.038 324.245 326.121 323.408 324.031 328.187 322.651 322.228
470 411.000 370.873 368.026 369.354 364.418 370.777 343.783 362.870 365.289 357.021 363.663
471 548.000 544.071 544.775 551.709 545.517 550.818 529.980 545.133 540.629 544.742 542.988
472 450.000 444.678 443.578 437.480 441.896 445.373 447.362 442.085 445.154 443.200 443.747
473 310.000 357.933 356.577 359.769 356.449 357.101 356.910 359.491 359.266 357.038 360.333
474 362.000 353.723 360.022 361.466 355.625 355.787 359.132 355.187 354.889 357.695 354.900
475 322.000 333.294 346.117 345.453 342.246 331.819 342.269 340.846 335.818 333.820 333.368
476 396.000 415.201 414.277 416.987 416.484 414.439 413.769 416.031 414.169 416.247 415.867
477 408.000 418.008 418.291 418.511 418.667 419.393 416.572 418.272 418.646 419.821 418.843
478 540.000 490.397 497.861 491.689 491.230 492.930 492.801 491.044 489.757 490.115 491.955
479 399.000 409.304 405.821 408.732 410.453 409.050 408.667 410.007 409.445 405.974 408.520
480 448.000 449.095 448.377 449.173 453.161 446.581 452.145 447.092 448.723 447.112 448.403
481 460.000 419.486 418.371 417.668 418.257 419.705 417.252 418.183 417.690 417.593 417.527
482 331.000 339.756 340.486 336.487 340.753 339.050 342.286 340.019 338.458 335.488 335.201
483 448.000 432.038 431.286 433.040 434.727 427.050 434.828 432.855 432.157 430.036 431.248
484 444.000 427.198 435.848 429.941 430.023 431.303 433.928 429.266 430.643 426.130 432.360
485 336.000 337.036 337.731 333.654 337.427 335.166 337.281 338.576 339.428 337.079 336.384
486 502.000 397.396 404.755 399.650 394.521 393.465 388.621 402.917 399.714 402.197 397.334
487 409.000 419.486 420.606 422.046 420.364 421.650 419.173 421.425 420.537 422.536 422.655
488 405.000 418.878 417.028 416.804 415.538 416.962 415.134 415.884 417.154 417.184 415.116
489 555.000 580.812 575.593 573.198 573.527 575.005 572.509 577.837 578.940 579.443 575.610
490 427.000 424.118 424.180 424.721 422.854 426.141 424.227 424.148 422.991 424.977 422.873
491 452.000 424.913 426.072 422.849 425.431 426.202 426.779 424.188 429.084 428.445 427.884
492 329.000 343.788 345.966 345.371 340.437 340.993 343.367 344.319 341.302 347.323 343.821
493 491.000 432.671 429.763 427.212 433.171 425.142 441.515 429.481 431.669 438.731 434.026
494 440.000 434.206 430.787 427.079 431.903 427.276 428.525 430.148 429.414 432.268 428.517
495 363.000 352.389 353.791 350.633 352.486 349.900 352.096 348.305 350.396 354.323 351.793
496 432.000 423.261 426.210 426.162 429.772 426.158 426.383 426.668 428.124 422.499 426.585
497 514.000 490.180 484.907 475.967 480.717 481.327 483.278 474.100 467.905 480.573 480.586
498 536.000 567.432 568.799 563.626 562.696 548.816 566.792 569.022 545.115 568.058 562.713
499 462.000 432.739 434.814 434.100 432.999 430.022 433.083 432.419 433.367 433.355 433.952
500 510.000 520.823 512.478 512.974 515.970 502.359 516.805 509.226 515.381 517.366 527.663
501 357.000 382.791 385.163 384.044 385.624 378.284 381.308 381.477 386.627 384.323 384.146
502 418.000 423.008 423.533 422.578 422.398 422.848 421.417 422.224 421.228 423.366 421.281
503 406.000 422.299 419.409 423.230 423.226 421.174 418.782 421.979 419.742 418.861 419.263
504 464.000 435.764 433.376 438.485 434.451 430.509 435.078 443.223 443.028 426.876 440.031
505 400.000 405.474 405.136 405.268 406.418 405.210 404.576 406.667 405.660 404.465 403.784
506 400.000 419.072 417.437 418.853 415.509 418.570 417.604 416.721 417.723 416.594 417.112
507 333.000 342.774 341.292 340.638 341.441 338.070 341.659 341.358 340.518 340.192 341.926
508 452.000 455.024 465.612 460.471 451.455 453.621 459.187 459.989 439.113 452.116 446.130
509 586.000 536.382 553.691 556.192 558.236 559.421 560.248 555.212 551.895 562.901 556.326
510 461.000 436.694 438.190 439.679 441.716 438.451 441.802 435.806 438.266 441.632 432.089
511 606.000 582.674 591.128 590.290 590.141 590.314 589.003 586.274 589.597 585.566 588.281
512 338.000 377.312 374.194 380.186 375.430 377.296 376.026 378.232 377.376 375.623 376.349
513 368.000 375.116 385.756 382.691 379.111 380.279 378.340 379.116 374.246 383.763 376.177
514 442.000 423.973 422.332 426.857 419.724 421.173 419.449 420.939 425.564 420.229 420.211
515 417.000 417.223 416.814 415.347 416.896 416.022 414.416 414.327 415.192 415.293 416.705
516 328.000 319.341 318.665 318.428 319.670 318.159 319.122 319.204 316.982 318.815 318.242
517 477.000 430.107 428.807 430.215 437.657 433.395 431.475 432.094 431.802 432.313 426.619
518 350.000 342.192 340.969 342.019 343.549 345.039 346.930 342.142 355.591 340.771 340.621
519 421.000 419.994 418.302 418.926 418.166 418.618 420.003 418.976 417.183 418.207 419.202
520 592.000 507.209 517.830 524.617 523.967 519.922 526.798 527.166 523.853 524.976 523.883
521 422.000 433.094 435.316 433.684 433.447 438.329 434.063 436.277 434.710 438.231 434.444
522 473.000 471.588 472.334 476.525 472.331 475.934 472.566 474.151 471.121 470.622 475.882
523 567.000 556.163 550.298 561.478 554.578 559.020 560.249 560.973 564.797 559.087 566.164
524 425.000 414.400 415.805 416.052 417.537 414.170 419.419 412.538 415.507 413.523 415.483
525 429.000 456.443 453.300 459.557 457.070 455.605 457.443 455.899 458.685 462.098 458.514
526 351.000 355.863 355.925 352.853 357.538 355.270 353.858 355.470 354.644 353.459 354.455
527 416.000 417.004 416.869 416.205 417.010 417.891 418.737 418.099 417.461 418.043 418.835
528 354.000 357.757 359.676 359.233 355.839 357.589 356.016 356.375 357.751 357.372 352.742
529 524.000 516.713 516.725 515.178 512.756 517.028 514.173 513.206 514.631 531.040 516.416
530 334.000 361.381 354.222 352.571 361.915 354.404 355.019 349.309 350.473 359.988 356.496
531 462.000 430.642 430.177 434.020 433.237 432.713 429.335 433.087 433.258 433.407 432.544
532 477.000 434.065 431.177 430.947 431.701 436.091 429.556 438.147 436.906 432.033 432.921
533 528.000 484.854 484.657 489.436 483.113 486.532 478.781 490.711 481.793 480.845 471.022
534 335.000 334.213 333.664 332.076 332.863 333.538 332.372 334.647 333.136 332.628 331.600
535 323.000 355.193 355.412 351.789 356.675 350.507 351.523 353.560 351.108 356.930 361.602
536 412.000 417.004 416.634 419.014 417.799 417.620 417.117 418.077 416.168 416.995 417.912
537 551.000 532.661 536.592 535.474 539.119 526.839 529.368 530.619 534.349 538.237 539.476
538 406.000 415.289 417.217 416.835 415.325 416.035 416.682 415.379 416.537 416.407 415.395
539 502.000 526.179 534.618 535.083 529.635 523.112 525.890 528.733 535.911 536.408 523.800
540 415.000 416.501 413.298 415.095 413.220 414.340 414.510 416.204 415.248 415.303 414.677
541 336.000 335.106 335.027 333.086 334.245 333.973 334.266 334.636 334.783 335.511 334.181
542 312.000 323.611 323.759 323.316 324.778 323.792 321.721 322.234 324.184 322.992 323.426
543 330.000 335.057 334.978 334.530 333.917 334.638 334.399 335.119 333.884 335.435 335.201
544 508.000 447.146 447.597 438.955 452.312 451.415 452.886 414.943 447.262 442.663 442.732
545 588.000 577.385 578.212 577.892 573.695 572.933 581.117 560.096 578.802 577.208 578.547
546 410.000 425.853 425.804 426.333 425.996 424.918 427.363 430.389 427.402 427.437 428.577
547 540.000 522.723 524.196 522.392 519.585 505.514 520.291 522.793 526.946 506.946 524.704
548 362.000 374.423 369.804 372.162 375.407 371.737 368.928 370.210 371.378 369.180 376.204
549 404.000 405.489 405.000 406.993 407.145 406.169 405.634 406.180 405.463 406.345 405.430
550 370.000 354.778 355.743 354.774 356.084 357.076 356.489 354.857 355.681 356.425 356.504
551 482.000 380.109 398.084 386.194 388.817 383.595 381.169 385.395 394.199 390.165 385.674
552 398.000 403.673 404.252 403.994 404.171 401.535 404.705 403.483 403.958 404.676 402.912
553 466.000 455.566 448.999 443.896 449.307 446.776 442.330 453.047 453.191 446.775 454.412
554 405.000 417.029 416.471 416.756 418.378 416.601 416.147 417.234 416.392 416.608 416.294
555 576.000 542.712 560.099 536.693 541.670 552.465 543.814 540.266 546.497 545.209 541.095
556 457.000 417.812 416.799 417.128 415.817 416.077 416.572 415.470 416.329 416.701 415.972
557 478.000 451.180 446.131 447.536 448.636 447.897 450.730 448.776 448.857 447.879 437.277
558 431.000 440.068 459.719 449.907 450.937 450.238 460.538 447.628 445.406 449.945 452.133
559 411.000 362.081 364.455 367.333 366.158 367.354 367.678 366.064 369.356 365.929 363.025
560 409.000 415.761 415.635 418.885 418.973 415.912 416.322 417.588 417.669 417.655 416.094
561 375.000 384.425 379.163 384.864 377.785 390.854 375.868 385.572 378.902 376.721 377.337
562 400.000 429.791 410.905 421.547 419.240 421.102 407.367 419.386 420.708 415.598 421.524
563 331.000 336.770 335.207 335.484 333.915 332.661 334.681 336.531 337.180 335.384 336.167
564 412.000 421.663 420.011 420.266 422.030 420.000 420.360 419.955 419.615 421.252 419.663
565 485.000 479.573 484.585 482.986 488.755 481.191 485.757 481.001 482.242 485.727 486.535
566 407.000 418.962 418.591 418.344 418.563 418.408 418.561 418.527 418.279 417.493 419.723
567 405.000 413.138 418.637 420.326 417.260 415.443 414.283 418.259 419.578 415.237 418.222
568 406.000 406.742 404.558 404.365 405.588 402.855 404.658 405.181 405.794 404.856 404.630
569 342.000 341.306 337.601 342.318 338.439 340.083 339.047 339.038 337.744 338.975 340.478
570 321.000 337.563 337.225 337.648 338.304 337.784 337.610 337.041 337.925 337.880 337.921
571 361.000 370.361 372.797 369.911 373.998 374.480 372.568 372.391 371.340 370.448 378.343
572 387.000 367.174 368.620 365.961 372.744 369.971 373.094 368.985 366.793 372.335 371.145
573 323.000 321.662 319.911 320.384 322.800 319.444 319.375 318.924 317.449 321.492 320.180
574 390.000 390.620 394.867 393.205 385.229 394.496 398.381 397.477 400.810 386.373 397.791
575 440.000 436.846 439.807 443.322 436.522 441.153 441.105 440.386 439.149 434.042 431.448
576 332.000 368.815 366.690 369.094 363.738 377.531 362.519 367.694 365.131 368.377 368.390
577 456.000 453.888 451.706 454.685 451.621 450.591 458.482 458.252 456.557 447.026 453.734
578 488.000 441.304 435.646 435.902 442.476 443.248 440.596 437.540 429.948 435.830 438.507
579 332.000 381.413 378.330 374.223 379.647 380.586 378.338 379.359 376.283 371.669 377.991
580 316.000 329.291 329.878 328.336 329.314 329.124 331.150 331.220 330.090 331.214 329.583
581 459.000 425.651 425.890 423.429 426.056 430.007 426.554 430.217 422.018 419.356 423.944
582 335.000 331.014 331.112 330.278 333.139 331.262 330.928 331.383 332.108 332.081 333.140
583 332.000 339.243 336.364 339.180 337.172 338.165 340.329 338.545 339.656 337.143 340.834
584 459.000 468.687 472.702 466.229 471.664 466.935 470.501 466.413 467.863 465.391 470.171
585 396.000 413.564 414.729 418.294 415.200 416.156 415.011 413.559 415.384 415.231 413.846
586 489.000 475.538 479.965 480.242 475.186 477.875 482.970 481.041 478.836 476.613 470.870
587 417.000 413.907 418.934 418.698 422.465 419.365 419.827 416.358 420.276 422.294 417.069
588 404.000 402.865 403.903 404.946 404.301 406.366 403.715 404.875 404.952 404.298 403.677
589 400.000 419.891 420.307 420.926 424.291 426.344 420.672 420.628 421.027 419.244 420.277
590 357.000 353.706 353.158 351.975 351.677 352.963 352.795 353.928 353.141 354.718 353.759
591 437.000 457.330 450.432 454.157 461.200 430.072 435.138 446.713 453.785 456.218 430.125
592 542.000 498.426 538.406 531.041 530.031 540.500 544.115 537.806 540.209 536.262 537.856
593 419.000 417.497 418.795 419.098 419.368 420.489 420.111 418.592 419.168 418.753 419.442
594 350.000 342.344 347.885 344.771 343.086 350.820 349.268 343.013 349.818 344.012 343.695
595 424.000 436.235 431.561 433.864 434.566 429.394 435.443 432.131 433.902 431.288 433.552
596 443.000 441.862 436.162 445.748 437.521 440.594 439.191 440.702 441.091 445.712 448.160
597 439.000 427.521 428.907 428.913 429.381 428.367 427.981 427.084 422.017 427.686 425.729
598 324.000 320.741 316.941 319.252 317.288 317.213 318.144 319.645 317.628 317.968 316.508
599 311.000 330.058 327.685 340.176 336.390 338.732 332.870 330.234 338.060 328.806 335.204
600 331.000 336.011 334.817 334.829 335.838 335.992 334.956 335.393 335.141 336.205 336.987
601 428.000 416.102 417.142 414.774 415.670 417.631 417.475 414.230 414.870 417.348 423.070
602 400.000 422.018 422.044 422.522 421.909 422.345 422.051 422.957 421.922 421.938 421.304
603 309.000 327.996 329.690 326.410 324.816 323.888 326.892 327.124 327.080 326.277 325.227
604 375.000 367.697 366.133 368.957 365.586 362.851 367.032 363.732 367.023 364.570 365.237
605 450.000 425.294 425.460 423.972 423.358 423.614 424.013 424.709 424.941 422.848 423.001
606 388.000 386.373 389.944 390.008 382.295 386.176 388.836 394.532 385.981 386.917 384.215
607 323.000 372.054 385.234 372.753 377.644 380.619 387.579 394.193 395.603 374.750 396.830
608 448.000 435.405 438.666 437.716 435.228 437.705 437.884 438.893 431.982 435.480 433.511
609 372.000 358.132 360.899 358.218 357.399 359.312 365.422 360.802 363.137 356.157 364.537
610 328.000 338.598 336.474 337.269 339.680 339.911 340.835 337.341 335.648 337.635 337.814
611 460.000 452.921 453.246 452.388 453.047 456.007 455.272 451.578 459.483 454.295 453.464
612 504.000 497.265 495.028 495.225 492.984 497.879 490.473 493.625 490.112 487.838 488.933
613 433.000 441.559 445.065 432.036 438.168 442.958 442.470 442.521 446.577 442.619 443.863
614 564.000 569.690 572.997 572.504 568.436 574.536 572.007 572.806 571.268 571.159 564.519
615 439.000 372.006 373.371 378.004 373.967 371.300 374.386 375.670 380.141 373.244 364.342
616 440.000 438.341 438.085 436.718 439.315 437.857 438.557 439.988 436.615 440.740 438.878
617 484.000 477.894 477.837 481.215 479.282 474.903 480.151 475.954 478.244 476.410 473.739
618 396.000 405.445 405.743 405.301 406.347 405.744 404.581 404.622 404.596 409.579 406.414
619 435.000 413.975 415.051 415.198 414.373 415.973 415.205 415.611 414.125 415.001 416.508
620 397.000 380.977 385.996 383.504 389.887 388.480 394.010 387.986 386.595 384.806 387.043
621 420.000 417.369 417.906 417.974 417.010 417.639 417.498 416.486 417.461 416.995 417.007
622 408.000 424.452 426.943 422.061 428.936 429.288 420.675 420.321 422.896 423.525 421.772
623 437.000 436.364 436.479 437.855 436.621 433.919 441.504 434.923 439.880 434.006 435.126
624 406.000 411.362 402.708 407.528 410.216 409.455 409.130 410.327 400.125 411.419 404.144
625 393.000 383.507 387.116 386.598 384.046 385.914 386.803 377.047 380.255 384.196 387.269
626 452.000 439.260 449.255 432.892 436.463 442.271 439.403 439.017 434.650 438.490 455.269
627 466.000 441.727 439.956 447.048 438.991 442.957 438.201 441.376 440.344 439.144 435.854
628 410.000 405.772 400.857 403.935 399.672 400.089 389.162 397.323 403.051 398.416 402.420
629 447.000 428.196 428.217 429.916 429.251 428.786 430.213 433.436 426.965 427.341 427.143
630 487.000 453.508 448.112 450.528 456.847 451.451 450.650 450.989 457.403 456.570 453.562
631 420.000 428.508 428.486 428.661 431.066 432.293 428.126 430.203 428.162 432.523 426.601
632 565.000 561.366 564.080 561.657 553.931 559.830 561.899 562.201 565.608 564.802 566.767
633 309.000 328.310 327.682 329.619 324.708 324.846 323.589 330.726 327.665 325.842 326.836
634 437.000 435.271 435.821 436.079 436.905 433.361 437.719 436.250 435.658 428.124 436.492
635 481.000 476.819 473.512 476.626 478.038 478.513 477.240 474.328 476.987 478.593 475.699
636 390.000 408.649 401.559 404.554 405.001 402.759 396.543 405.596 407.620 400.016 400.259
637 329.000 338.544 337.599 340.157 336.536 337.446 334.249 337.595 336.479 339.175 338.627
638 349.000 357.301 356.540 355.666 353.516 354.442 355.084 355.229 356.823 357.149 356.374
639 336.000 330.974 330.219 329.752 330.257 328.901 330.822 329.913 330.306 329.292 330.194
640 550.000 482.656 481.838 481.341 487.758 488.539 486.648 483.838 492.780 483.561 478.472
641 315.000 321.449 321.805 320.776 322.654 320.911 320.907 321.791 324.681 321.744 321.279
642 420.000 417.691 418.656 420.558 421.386 416.427 418.551 418.449 419.535 418.956 421.996
643 466.000 452.786 459.811 451.040 456.975 449.951 455.391 461.088 447.576 451.838 452.142
644 315.000 346.124 343.956 339.254 340.424 340.408 343.378 341.048 338.573 338.946 342.014
645 345.000 364.797 371.204 368.876 363.837 367.014 366.369 364.004 369.555 364.073 364.404
646 451.000 433.437 427.032 431.516 434.378 429.055 430.619 431.381 431.150 427.110 425.201
647 337.000 398.781 396.387 397.837 390.329 391.274 395.499 395.117 394.647 397.456 401.843
648 439.000 422.965 420.903 422.499 421.743 421.145 423.871 420.292 424.646 421.654 423.788
649 330.000 322.783 321.427 324.315 320.026 322.595 322.108 322.195 320.291 323.496 322.685
650 538.000 533.967 528.719 533.404 530.917 530.887 540.305 531.061 531.907 530.868 527.531
651 326.000 373.275 374.836 375.750 384.248 387.058 379.979 383.631 367.924 382.970 387.689
652 392.000 395.304 393.725 387.259 398.036 397.614 394.655 401.620 396.073 393.236 406.979
653 366.000 385.962 389.947 385.244 385.537 387.649 378.512 383.419 396.468 383.569 381.472
654 318.000 342.847 338.615 342.141 344.672 334.034 343.075 334.641 340.647 331.957 339.022
655 561.000 480.407 490.009 478.215 470.672 487.392 469.997 485.040 493.810 484.298 475.189
656 436.000 441.543 451.216 447.598 452.106 452.942 452.530 450.631 449.877 449.769 450.967
657 463.000 448.767 449.202 446.814 451.348 448.314 447.391 446.063 446.586 448.875 445.476
658 348.000 358.351 359.941 355.944 356.753 355.625 357.555 356.191 357.969 356.295 356.515
659 313.000 333.386 333.450 335.333 333.606 333.269 332.828 331.926 337.278 334.503 332.964
660 451.000 441.910 436.255 442.541 440.756 439.603 444.958 443.205 444.907 442.052 437.643
661 384.000 399.021 394.363 392.237 390.570 390.837 393.983 398.953 394.109 395.268 387.556
662 459.000 443.750 445.322 449.269 446.669 444.506 449.231 438.323 435.696 442.712 443.117
663 421.000 348.060 348.194 352.066 348.854 348.737 343.271 348.183 348.633 350.837 348.484
664 481.000 478.482 478.190 478.569 479.112 478.484 476.897 479.026 477.742 474.786 477.696
665 320.000 333.322 336.854 339.267 338.238 333.990 335.548 338.702 336.242 338.085 338.046
666 310.000 390.031 384.050 361.315 364.194 380.759 375.854 343.948 378.086 360.025 375.143
667 402.000 417.201 415.793 416.756 417.009 416.427 416.533 416.443 415.732 416.850 417.565
668 530.000 435.377 423.333 419.658 426.466 428.048 427.310 424.042 428.906 431.104 422.512
669 583.000 540.454 537.074 538.048 525.402 548.816 540.826 536.453 545.115 538.028 535.614
670 421.000 420.392 423.533 422.509 422.846 422.450 422.135 418.616 422.217 418.401 420.767
671 415.000 417.290 416.843 417.586 417.408 418.572 417.652 418.118 418.322 416.995 417.081
672 387.000 388.616 390.328 388.020 389.215 395.060 391.026 384.239 385.850 387.134 390.797
673 584.000 566.541 556.964 560.774 564.660 557.046 557.819 565.825 560.753 564.346 557.293
674 307.000 335.219 335.973 335.001 333.445 335.360 334.740 336.247 335.290 335.985 335.705
675 424.000 415.946 416.674 416.598 416.361 417.978 414.230 416.471 417.723 415.612 417.980
676 449.000 447.648 448.005 447.248 449.416 445.597 451.922 447.154 448.438 446.970 443.334
677 610.000 498.612 495.171 489.559 496.078 496.331 500.062 501.806 495.837 443.554 494.679
678 505.000 510.718 514.549 510.348 511.543 506.583 509.991 512.768 512.350 512.192 515.264
679 408.000 403.165 403.478 403.015 404.040 403.200 403.150 403.060 404.196 404.198 404.469
680 377.000 390.932 388.754 388.488 390.505 390.186 392.091 394.087 395.169 388.123 401.406
681 502.000 384.184 394.950 391.345 385.115 383.999 385.884 394.303 398.485 394.995 388.237
682 319.000 334.029 338.636 350.605 355.231 339.595 343.659 340.846 336.572 336.564 339.159
683 394.000 398.228 399.306 398.787 396.008 395.538 397.787 398.679 395.567 399.117 396.428
684 290.000 335.560 330.879 335.862 335.525 332.744 336.512 332.020 334.656 334.947 335.631
685 407.000 418.868 418.714 417.843 417.870 418.184 418.860 419.822 418.607 418.509 418.843
686 444.000 427.488 424.259 426.097 427.038 427.770 423.963 426.534 428.196 423.613 431.783
687 322.000 342.112 339.656 345.025 340.591 346.191 348.688 344.689 340.896 338.462 341.206
688 331.000 339.412 337.551 337.139 336.913 342.122 337.661 336.833 342.092 335.897 340.722
689 402.000 400.230 398.407 403.146 393.993 396.389 394.062 398.400 396.885 395.888 393.494
690 320.000 338.272 339.031 339.317 340.976 338.518 339.469 338.851 338.802 339.474 338.255
691 386.000 365.700 366.289 366.256 368.425 366.602 367.818 365.850 365.620 368.189 367.053
692 364.000 417.290 419.292 423.207 417.532 421.291 420.303 416.141 418.675 415.861 422.698
693 328.000 334.534 333.624 334.824 334.969 333.468 335.704 334.995 335.683 336.366 333.219
694 312.000 327.025 327.048 328.531 326.426 320.554 328.167 325.664 331.116 328.713 328.052
695 378.000 356.920 359.305 359.833 357.043 358.196 360.239 356.577 357.658 353.197 352.752
696 331.000 337.542 338.057 337.534 337.252 338.454 339.356 338.318 339.195 340.046 338.731
697 330.000 360.071 360.755 361.165 359.366 358.900 361.210 360.204 359.097 359.021 359.649
698 451.000 433.182 433.571 433.648 435.642 432.533 437.112 435.176 433.242 436.262 434.959
699 313.000 404.247 407.896 403.481 410.623 407.573 403.319 406.325 409.197 407.404 406.965
700 408.000 414.127 413.136 412.356 415.327 413.336 410.417 411.375 412.607 414.418 413.376
701 440.000 435.401 437.673 435.267 431.458 436.600 437.023 434.257 437.609 436.386 436.889
702 375.000 371.733 368.400 369.166 365.542 365.604 366.865 368.645 366.066 369.439 369.633
703 462.000 451.652 453.165 456.331 454.910 450.334 450.144 451.093 452.800 452.148 450.746
704 450.000 434.271 432.963 437.316 434.805 435.571 434.422 434.293 434.079 434.934 436.223
705 417.000 420.237 415.882 420.655 418.136 416.765 418.650 418.332 416.768 417.134 422.690
706 452.000 447.210 440.589 445.477 441.566 445.850 445.170 442.577 448.499 448.171 448.392
707 526.000 515.844 515.298 512.808 506.362 516.573 515.701 513.965 514.080 512.988 507.874
708 460.000 432.442 427.724 430.342 435.290 432.954 433.570 433.255 431.173 431.061 436.642
709 428.000 434.078 434.858 433.067 433.396 436.771 432.330 434.300 434.837 432.275 430.109
710 310.000 328.785 324.824 327.925 327.695 329.213 327.075 328.007 325.995 325.533 327.391
711 412.000 412.367 410.042 412.193 409.583 412.324 413.838 414.309 412.239 412.487 414.172
712 320.000 344.461 341.923 338.690 342.268 346.858 344.797 342.836 341.600 349.220 351.999
713 468.000 473.086 475.080 474.188 471.481 474.239 474.993 474.845 475.230 474.586 472.032
714 316.000 326.693 331.744 339.244 322.888 339.928 332.440 327.029 332.003 328.936 328.017
715 602.000 594.391 592.540 594.206 584.514 586.338 592.810 590.892 593.082 596.124 596.024
716 328.000 377.107 374.097 377.045 376.475 382.194 381.512 383.756 379.648 376.665 377.972
717 579.000 537.913 527.015 537.437 521.803 535.073 535.796 536.707 544.868 535.782 523.762
718 354.000 357.483 357.733 355.412 357.530 357.165 359.858 359.316 358.517 359.006 356.100
