data_index logt12.observed logt12.predicted.repeat1 logt12.predicted.repeat2 logt12.predicted.repeat3 logt12.predicted.repeat4 logt12.predicted.repeat5 logt12.predicted.repeat6 logt12.predicted.repeat7 logt12.predicted.repeat8 logt12.predicted.repeat9 logt12.predicted.repeat10
1 4.702 4.472 4.420 4.275 4.422 4.551 4.267 4.399 4.270 4.390 4.275
2 4.724 4.767 4.647 4.815 4.668 4.771 4.661 4.657 4.676 4.596 4.753
3 3.525 4.292 4.288 4.137 4.212 4.350 4.087 3.934 3.842 3.805 3.899
4 5.414 2.627 3.132 3.343 3.501 3.056 3.075 3.376 3.141 3.784 2.858
5 4.632 5.401 5.597 5.563 5.081 5.627 5.219 5.196 5.360 5.415 5.363
6 4.475 3.939 4.035 4.327 4.123 4.397 3.657 3.747 4.605 3.926 3.972
7 0.088 4.054 4.210 4.200 4.494 3.514 4.489 4.203 4.210 3.945 4.335
8 2.475 3.551 3.302 3.318 3.151 3.057 3.579 3.185 2.953 3.271 2.876
9 4.763 4.555 4.749 4.825 4.987 4.350 4.992 4.380 4.479 4.847 5.101
10 4.721 3.875 4.811 4.342 4.385 4.257 4.090 4.350 3.829 4.016 4.341
11 5.635 5.186 4.962 5.242 5.257 4.642 4.653 4.823 5.047 4.974 4.891
12 0.776 3.617 2.353 2.227 2.402 2.815 2.428 2.569 2.890 3.792 2.882
13 3.984 3.227 3.550 3.466 3.562 3.565 4.146 3.547 3.131 3.500 3.726
14 0.255 4.451 3.332 3.083 3.262 3.563 3.383 3.274 3.396 4.552 3.856
15 5.016 4.412 4.408 4.222 3.866 4.444 4.260 4.366 4.690 4.463 4.447
16 5.083 5.439 5.063 5.210 4.537 5.383 5.285 5.212 5.509 5.573 5.326
17 4.758 4.958 4.951 4.931 4.982 4.947 4.950 4.950 4.840 5.057 4.978
18 4.565 4.870 4.905 4.806 4.898 4.913 4.831 4.764 4.840 4.890 5.026
19 5.846 5.919 5.977 5.477 5.565 5.940 5.709 5.587 5.862 5.849 5.826
20 5.048 4.373 4.511 4.109 4.519 4.666 4.114 4.768 4.664 4.530 4.796
21 5.336 5.691 5.915 5.730 5.497 5.277 6.024 5.424 5.277 5.739 5.970
22 4.782 3.515 3.704 3.553 3.548 3.607 3.580 3.938 3.699 3.776 3.809
23 6.101 4.558 4.624 4.552 4.948 4.931 4.413 5.073 5.003 5.156 5.342
24 4.999 6.769 6.704 6.785 6.918 6.716 6.745 6.795 6.978 6.750 6.627
25 0.325 3.739 3.478 3.221 3.439 3.229 3.223 3.302 3.247 3.217 3.199
26 5.580 5.714 5.640 5.954 5.450 5.378 5.456 5.496 5.880 5.704 5.481
27 4.196 3.011 2.917 3.172 2.991 3.518 3.145 3.004 2.996 3.056 2.982
28 3.147 3.764 3.696 3.377 3.082 3.576 3.250 3.099 3.436 3.316 3.485
29 4.459 4.534 4.289 4.141 4.455 4.202 4.191 4.357 4.283 4.357 4.221
30 4.712 4.536 4.429 4.510 4.575 4.540 4.160 4.448 4.564 4.464 4.593
31 4.228 5.183 5.100 4.974 5.184 5.041 5.364 5.080 5.033 5.120 5.310
32 4.459 4.832 4.725 4.832 4.832 4.833 4.832 4.832 4.832 4.933 4.832
33 5.033 4.632 4.725 4.632 4.632 4.632 4.632 4.632 4.632 4.632 4.633
34 5.520 5.054 5.107 5.188 5.054 5.055 5.100 5.000 5.054 5.168 5.001
35 5.093 3.181 3.290 3.108 2.996 2.985 3.195 2.751 2.777 3.012 2.847
36 1.105 2.492 2.386 2.269 2.401 2.453 2.474 2.473 2.390 1.756 2.407
37 2.824 4.052 4.239 4.160 3.781 3.935 4.006 4.167 3.985 3.927 4.159
38 4.673 4.778 4.804 4.769 4.783 4.748 4.822 4.756 4.910 4.828 4.788
39 1.358 2.110 2.380 2.254 2.482 2.826 2.000 1.917 1.869 1.893 1.776
40 4.635 2.854 3.080 2.914 2.871 3.011 2.906 2.948 3.180 3.049 3.061
41 1.857 3.043 3.313 2.661 3.429 3.199 3.340 3.358 3.278 3.267 3.041
42 4.779 4.692 4.848 4.781 4.896 4.902 4.845 4.833 4.908 4.961 4.864
43 4.605 4.656 4.665 4.628 4.779 4.653 4.563 4.552 4.543 4.667 4.687
44 3.598 4.941 5.085 4.897 4.928 5.096 5.072 4.958 4.840 5.272 4.985
45 6.092 4.826 4.912 4.984 5.519 5.366 4.787 5.472 5.566 5.646 5.532
46 5.806 5.084 5.289 4.844 5.012 5.187 5.039 5.080 5.189 5.277 5.287
47 6.190 5.484 5.307 5.299 5.440 5.391 5.330 5.594 5.384 5.387 5.317
48 4.878 4.580 4.576 4.528 4.565 4.583 4.572 4.549 4.571 4.515 4.570
49 9.159 6.280 7.145 6.301 6.723 6.365 7.476 7.057 7.285 7.262 6.986
50 2.542 2.825 2.833 2.899 2.819 2.668 2.892 2.897 2.827 2.883 3.051
51 4.146 3.589 3.461 3.512 3.696 3.205 3.417 3.385 2.881 3.082 3.450
52 2.857 3.539 3.501 2.875 4.138 3.969 2.973 3.792 3.715 3.630 3.870
53 4.598 5.329 5.188 5.246 5.238 5.085 5.130 5.219 5.278 5.398 5.203
54 4.732 4.740 4.732 4.736 4.743 4.717 4.744 4.726 4.744 4.933 4.741
55 3.835 4.375 4.872 5.266 4.610 4.894 4.908 4.834 4.718 4.406 3.225
56 6.946 7.032 6.889 6.030 6.650 6.512 6.294 6.042 6.014 6.746 6.366
57 2.208 3.254 3.619 3.682 4.249 3.928 3.762 3.616 3.118 3.780 3.868
58 4.741 4.984 4.943 5.025 4.987 4.937 4.979 4.883 4.958 4.968 4.970
59 4.951 4.658 4.725 4.669 4.674 4.644 4.624 4.645 4.598 4.542 4.697
60 2.235 3.917 4.035 4.098 4.372 4.002 3.853 3.793 4.159 3.954 4.033
61 4.858 4.816 5.115 4.787 5.210 5.229 5.329 4.962 5.167 5.171 5.291
62 4.857 4.497 4.511 4.529 4.517 4.552 4.458 4.585 4.534 4.362 4.450
63 6.982 6.517 6.822 6.496 5.971 6.013 6.907 6.661 6.187 6.560 6.276
64 6.083 3.806 3.812 3.734 3.681 3.793 3.731 3.945 4.025 3.892 3.270
65 4.561 4.646 4.730 4.692 4.696 4.690 4.791 4.660 4.636 4.657 4.567
66 3.561 3.785 3.621 3.680 3.934 3.860 3.766 3.933 4.082 3.787 4.007
67 4.635 5.498 5.522 5.595 5.467 6.138 5.482 5.551 5.542 6.232 5.607
68 2.954 5.601 5.510 6.021 5.572 5.632 5.598 5.443 5.395 5.582 5.241
69 5.617 6.068 6.193 5.632 6.052 6.534 6.047 6.525 6.409 6.008 5.943
70 5.505 4.895 5.028 6.226 4.804 4.277 4.056 4.800 4.870 5.090 5.123
71 7.960 5.422 6.375 5.773 6.362 5.567 6.403 6.191 6.527 6.412 6.463
72 4.028 4.887 4.755 5.105 5.487 5.220 5.228 5.170 5.325 4.889 5.032
73 4.511 5.120 5.048 5.093 5.140 5.249 5.103 4.988 4.981 4.651 5.214
74 6.519 5.783 5.719 5.824 5.904 5.776 5.609 5.279 5.623 5.913 5.587
75 6.261 5.709 6.099 5.707 5.531 5.603 5.640 5.012 5.343 5.640 5.729
76 4.365 3.019 2.964 2.775 2.868 2.921 2.949 2.835 2.760 2.848 2.840
77 2.760 4.501 4.545 4.592 4.562 4.661 4.528 4.522 4.460 4.558 4.602
78 4.104 4.426 4.006 4.006 3.888 3.976 4.025 4.007 3.940 4.067 4.046
79 4.359 4.216 4.273 4.334 4.141 4.385 4.362 4.287 4.377 4.095 4.382
80 2.679 2.738 3.298 2.768 3.022 2.792 2.786 3.001 2.961 2.856 2.746
81 2.631 3.865 3.539 3.675 3.444 3.641 3.839 3.669 3.581 3.763 3.541
82 1.182 3.510 3.892 3.988 3.986 3.509 4.049 3.712 3.743 3.621 3.937
83 5.177 5.436 5.718 5.436 5.436 5.591 6.024 5.447 5.436 5.435 5.970
84 4.515 2.520 3.362 3.445 2.948 3.620 3.423 2.830 3.188 3.168 3.646
85 1.196 2.006 2.114 2.022 2.654 2.958 1.904 2.292 1.997 2.126 1.941
86 5.064 3.481 3.617 3.493 3.445 3.431 3.638 3.694 3.422 3.516 3.655
87 4.861 3.247 3.128 2.882 2.991 3.320 2.924 3.041 2.638 3.381 2.705
88 5.190 3.829 3.669 3.794 3.628 4.017 3.810 3.750 4.139 3.484 4.002
89 3.787 3.599 3.562 3.108 3.101 3.884 3.411 3.376 3.466 3.409 3.668
90 0.255 3.039 3.052 3.344 3.137 3.362 3.094 3.204 3.340 3.188 3.254
91 2.954 4.244 4.165 4.461 4.548 4.214 4.477 4.245 4.341 4.136 4.119
92 2.682 1.500 1.343 1.358 1.320 1.437 1.445 1.281 1.680 1.840 1.320
93 1.033 3.566 2.973 2.861 2.941 3.138 3.328 2.935 3.007 3.559 2.955
94 6.167 6.737 6.571 6.850 6.554 6.250 6.581 6.477 6.633 6.533 6.789
95 3.250 4.564 4.384 4.591 4.570 4.598 4.715 4.800 4.677 4.475 4.606
96 4.804 4.097 3.935 4.066 4.080 3.950 3.802 4.117 3.874 3.984 4.191
97 4.183 3.587 3.727 3.740 4.154 3.660 3.573 3.797 3.605 3.649 3.422
98 2.001 2.751 3.298 2.825 3.022 2.824 2.900 2.782 2.961 2.785 2.780
99 4.529 3.704 3.617 4.231 3.875 3.838 4.069 3.778 3.477 3.893 3.808
100 6.056 5.609 5.671 5.747 5.674 5.446 5.701 5.623 5.634 5.748 5.644
101 5.700 5.709 5.224 5.698 5.687 6.625 5.889 5.746 5.804 6.655 5.663
102 5.937 5.197 5.718 5.785 5.467 5.947 5.967 5.888 5.153 5.727 5.736
103 4.954 5.364 5.420 5.420 5.193 5.420 5.311 5.289 5.265 5.244 5.247
104 4.008 3.143 3.278 3.155 3.138 3.242 2.916 3.032 3.674 3.119 3.093
105 6.799 6.265 6.026 6.356 6.204 6.186 6.153 5.997 6.168 6.151 6.136
106 5.317 6.344 6.200 6.518 6.432 6.118 6.262 6.231 6.432 6.312 6.519
107 5.556 5.398 5.238 5.143 5.504 5.233 5.159 5.333 5.385 5.189 5.480
108 7.898 6.282 6.165 5.532 6.244 6.159 6.012 6.179 6.116 6.168 5.941
109 5.749 4.723 4.838 4.771 4.841 5.192 4.631 4.736 4.659 4.661 4.818
110 5.978 6.220 6.319 5.984 5.738 6.186 6.232 6.248 6.288 6.208 6.144
111 4.883 3.486 4.556 3.600 3.548 2.655 2.828 3.850 3.532 3.155 3.949
112 3.404 4.606 4.342 4.258 4.316 4.314 4.292 4.336 4.290 4.299 4.383
113 4.405 3.705 3.836 3.885 3.769 3.806 3.439 3.730 3.778 3.699 3.887
114 4.401 4.496 5.193 5.344 5.017 5.171 5.106 4.954 5.230 5.089 5.144
115 4.414 3.089 3.080 3.157 3.246 4.024 3.126 3.056 3.626 3.360 3.036
116 4.297 4.304 4.384 3.930 4.430 4.156 4.443 4.371 4.342 4.469 4.210
117 4.113 3.485 3.510 3.417 3.331 3.680 3.398 3.455 3.173 3.325 3.555
118 4.376 3.846 3.916 3.846 4.038 4.288 4.012 4.221 4.233 4.239 4.278
119 1.653 3.688 3.564 3.744 3.673 3.716 3.747 3.735 3.674 3.626 3.671
