data_index lambdaa.observed lambdaa.predicted.repeat1 lambdaa.predicted.repeat2 lambdaa.predicted.repeat3 lambdaa.predicted.repeat4 lambdaa.predicted.repeat5 lambdaa.predicted.repeat6 lambdaa.predicted.repeat7 lambdaa.predicted.repeat8 lambdaa.predicted.repeat9 lambdaa.predicted.repeat10
1 342.000 329.357 334.305 338.889 332.259 330.151 323.819 337.880 337.671 343.355 330.551
2 336.000 359.620 368.541 374.707 361.529 354.809 362.463 365.773 356.595 346.326 359.914
3 434.000 411.458 413.061 417.938 419.826 417.456 422.805 420.444 424.969 427.964 418.674
4 320.000 317.656 322.165 318.542 320.033 321.486 319.025 330.693 319.284 316.088 318.813
5 317.000 346.340 335.444 330.297 342.398 336.900 338.019 320.941 337.569 340.432 326.794
6 432.000 449.095 447.492 448.919 448.145 445.303 449.924 452.886 450.720 447.362 450.170
7 419.000 425.130 425.022 433.221 432.617 427.343 424.096 425.988 431.932 422.491 434.245
8 554.000 524.219 529.379 533.804 530.457 540.824 535.053 528.943 535.376 543.641 528.851
9 438.000 446.190 444.217 460.301 440.637 472.835 435.102 453.711 451.864 451.456 437.279
10 315.000 318.997 318.379 320.790 319.486 320.741 319.072 320.850 318.556 314.461 319.437
11 325.000 327.628 323.222 327.178 328.340 327.016 322.346 320.423 336.730 324.182 329.392
12 492.000 386.026 389.628 374.880 379.603 387.458 368.945 391.583 383.105 376.656 381.628
13 370.000 375.806 362.943 366.250 372.632 367.544 359.715 362.779 364.515 365.585 381.575
14 424.000 424.716 435.589 418.364 430.966 431.790 437.187 420.101 426.173 439.748 421.007
15 400.000 402.416 400.643 396.130 399.889 401.155 402.512 401.265 401.237 398.326 399.384
16 406.000 403.650 401.360 397.969 394.803 398.570 395.483 399.538 392.479 401.907 395.806
17 429.000 448.755 447.715 436.742 438.906 440.890 450.366 438.416 443.489 434.878 448.536
18 450.000 457.382 452.080 449.571 452.837 460.691 452.574 460.018 455.296 451.860 453.663
19 342.000 336.017 330.846 328.676 340.406 326.471 334.470 333.401 336.565 331.735 328.818
20 302.000 330.046 324.569 335.483 330.478 328.391 329.070 327.584 334.211 330.491 330.563
21 437.000 434.710 432.535 427.716 433.950 433.186 438.499 425.990 433.831 431.451 425.984
22 407.000 416.577 416.660 419.913 417.482 416.714 416.442 419.871 422.093 417.549 418.289
23 384.000 391.879 393.831 389.907 395.256 394.567 392.447 394.886 390.301 387.195 397.313
24 371.000 379.352 385.013 385.041 381.255 404.070 388.395 386.389 376.086 366.930 380.309
25 417.000 323.120 324.975 324.417 324.763 324.702 321.831 317.996 322.094 323.687 325.179
26 425.000 437.020 437.522 444.110 435.826 438.366 435.665 440.231 446.680 433.350 439.435
27 350.000 332.867 329.821 332.619 338.762 335.397 328.439 322.746 343.051 329.536 322.180
28 444.000 426.409 425.805 425.314 426.512 425.285 421.184 422.522 424.726 426.347 423.138
29 379.000 435.440 461.431 432.144 426.504 457.448 439.437 426.203 457.525 447.149 467.548
30 400.000 420.554 418.722 421.786 417.482 416.714 420.115 421.566 421.410 417.780 418.999
31 378.000 409.417 407.915 384.048 414.022 398.512 399.064 403.523 379.372 402.360 405.375
32 364.000 385.961 384.006 379.637 385.048 404.070 396.253 387.202 378.441 382.874 386.193
33 360.000 357.069 353.496 354.900 355.166 356.806 358.498 354.663 357.578 361.122 348.045
34 382.000 378.916 397.275 386.933 388.580 398.379 399.711 394.520 408.946 403.889 406.314
35 527.000 485.790 467.981 460.270 461.794 461.476 467.969 461.888 490.002 471.924 462.623
36 408.000 406.334 402.587 399.340 405.363 399.948 397.313 400.110 402.870 400.559 397.633
37 421.000 357.391 357.219 364.017 360.988 358.545 351.311 356.481 359.665 351.905 359.795
38 346.000 332.311 334.029 337.913 337.437 337.338 336.780 330.598 336.086 337.883 334.088
39 478.000 504.422 498.165 503.162 503.484 491.280 510.574 504.295 497.561 507.507 502.672
40 420.000 444.424 442.338 439.408 449.244 458.668 451.537 433.175 436.332 455.249 445.493
41 430.000 442.789 439.589 448.579 443.895 425.222 440.996 440.335 444.592 439.958 438.640
42 623.000 551.957 559.444 551.460 561.464 553.319 562.874 556.764 557.275 553.855 549.364
43 457.000 432.193 460.932 456.331 432.747 452.263 444.802 432.499 438.269 446.290 451.187
44 424.000 449.872 447.277 444.115 452.921 474.248 460.490 443.203 452.873 450.653 460.367
45 456.000 434.088 427.004 439.188 454.299 445.572 440.761 448.929 431.483 434.745 433.669
46 411.000 402.507 403.790 405.251 419.124 401.768 401.627 404.101 405.460 409.392 406.067
47 413.000 425.226 430.535 439.123 421.987 438.544 425.691 433.092 430.608 431.760 431.106
48 332.000 358.348 346.079 337.044 370.245 354.471 323.901 348.253 361.163 362.814 352.338
49 489.000 481.841 486.682 479.358 482.625 485.543 474.706 484.449 489.663 481.531 476.601
50 425.000 429.800 428.441 431.142 425.672 418.409 426.483 435.438 457.969 425.064 419.882
51 359.000 390.469 398.364 399.607 395.111 392.896 394.111 390.407 397.896 392.172 392.511
52 418.000 418.894 416.602 418.592 416.983 420.056 418.459 420.474 418.934 420.221 419.878
53 325.000 316.568 320.733 317.588 318.414 316.571 319.023 320.251 318.492 313.540 314.555
54 447.000 434.332 434.574 437.493 428.021 430.646 427.170 431.021 430.863 434.539 431.403
55 464.000 489.892 493.785 487.673 505.521 490.552 484.955 497.679 490.106 492.197 488.021
56 431.000 426.970 419.751 416.820 418.103 413.858 427.826 420.183 425.057 418.499 416.046
57 332.000 355.589 350.441 345.285 343.532 343.676 359.249 343.314 352.567 345.944 346.045
58 329.000 421.346 450.203 471.568 464.270 437.385 422.648 444.392 453.825 450.963 449.615
59 315.000 318.225 316.643 319.909 319.353 318.767 321.139 320.845 318.556 322.506 319.336
60 396.000 393.606 397.714 401.520 394.616 402.449 401.551 401.203 398.711 401.263 392.744
61 390.000 386.295 368.688 373.903 383.394 367.140 368.105 369.510 371.422 375.086 373.724
62 423.000 419.674 429.105 425.381 425.103 425.775 426.797 424.412 426.349 428.679 423.998
63 430.000 436.558 441.380 445.607 438.894 444.601 440.996 439.480 447.317 439.824 442.383
64 429.000 419.383 419.028 418.903 422.857 410.659 415.979 418.684 418.020 423.647 416.073
65 467.000 456.348 460.104 462.315 455.025 460.158 459.927 449.840 451.322 464.401 454.200
66 602.000 563.793 570.655 575.658 572.368 558.395 566.380 571.482 569.460 564.896 561.036
67 461.000 466.078 451.038 461.381 461.077 463.007 458.993 456.411 453.357 461.740 439.151
68 342.000 337.228 336.254 340.437 341.548 336.864 341.981 343.822 342.067 340.935 337.094
69 545.000 536.763 492.992 539.942 528.672 531.680 544.748 533.440 496.468 542.662 548.995
70 415.000 417.736 421.525 417.024 420.020 420.746 415.992 416.678 418.480 418.944 420.974
71 365.000 355.928 355.649 357.323 363.958 383.048 372.406 358.108 368.740 363.356 360.180
72 429.000 435.554 428.987 427.526 432.693 429.662 436.922 442.744 427.737 445.785 421.967
73 336.000 343.853 337.926 337.802 339.285 337.781 339.601 335.153 338.678 339.380 337.945
74 302.000 332.289 325.728 323.962 328.553 322.744 325.088 326.112 331.164 325.543 331.525
75 426.000 438.340 435.268 434.156 441.154 431.804 440.201 440.231 439.802 440.128 442.428
76 364.000 376.538 363.831 382.377 372.377 375.883 375.200 371.581 376.640 373.076 378.444
77 451.000 419.095 423.008 420.626 423.155 429.681 422.734 423.775 431.025 428.801 425.241
78 573.000 569.969 568.844 555.807 574.324 572.856 571.881 564.906 569.121 557.661 574.994
79 447.000 434.714 427.565 433.570 432.309 428.957 422.865 431.567 430.637 432.894 431.974
80 322.000 338.887 328.623 332.337 337.457 329.753 332.573 341.291 334.713 332.831 332.488
81 586.000 587.788 575.180 580.771 578.217 584.518 577.069 584.063 578.266 591.574 579.283
82 459.000 434.143 426.713 437.418 444.647 440.890 436.292 444.255 434.835 415.788 440.266
83 405.000 410.482 404.964 415.373 407.101 405.285 401.326 407.193 410.580 406.106 409.019
84 434.000 431.099 429.776 436.924 433.504 432.907 429.126 432.026 424.407 426.905 427.282
85 441.000 445.656 440.224 447.417 445.583 438.599 440.484 443.073 444.412 445.028 445.827
86 403.000 411.123 413.578 410.463 410.769 409.861 413.404 411.261 412.489 409.471 408.561
87 450.000 428.225 425.554 423.925 423.652 428.037 429.286 428.912 433.060 429.571 427.282
88 372.000 380.120 386.562 386.301 377.323 379.598 372.781 375.813 379.595 387.514 379.914
89 400.000 412.808 439.372 402.756 433.253 434.551 431.161 423.062 439.440 430.226 438.394
90 545.000 541.589 539.193 547.768 553.302 537.274 546.401 539.427 539.991 541.919 533.560
91 411.000 405.756 410.544 395.668 408.897 411.561 402.797 405.632 408.834 404.752 412.352
92 344.000 356.116 352.187 355.830 354.317 355.535 349.633 350.640 348.048 354.355 352.391
93 502.000 530.320 526.326 532.215 525.714 518.299 522.528 532.076 522.415 547.249 530.001
94 401.000 430.588 428.252 437.419 428.969 436.389 438.438 437.708 427.874 433.606 419.025
95 407.000 408.444 413.145 418.524 412.561 409.213 415.760 413.919 412.505 414.633 411.899
96 444.000 435.660 440.525 433.274 441.401 444.070 443.541 433.220 440.372 439.985 433.639
97 321.000 314.042 320.588 315.260 315.770 317.122 317.858 316.164 315.906 315.303 313.397
98 584.000 581.242 583.836 570.160 580.830 586.359 582.477 582.979 590.190 582.819 593.777
99 480.000 517.267 519.181 516.230 506.373 518.517 504.339 511.008 527.843 576.130 512.853
100 510.000 507.891 503.015 505.069 514.489 513.521 518.171 534.426 505.994 505.989 490.303
101 408.000 407.635 408.427 413.513 413.345 415.440 402.797 411.606 408.759 417.321 408.798
102 323.000 328.936 331.857 333.096 329.512 332.701 332.625 336.578 331.690 328.567 327.331
103 438.000 435.353 440.114 435.714 433.610 428.461 437.254 428.481 440.252 441.572 432.277
104 417.000 425.571 423.144 419.055 423.013 422.503 415.992 420.358 418.480 421.158 419.274
105 429.000 424.703 416.745 421.970 423.803 426.003 424.969 420.780 425.055 424.354 421.676
106 434.000 425.950 428.768 431.043 429.181 425.538 430.468 428.686 424.812 426.074 425.405
107 442.000 437.528 437.526 430.375 430.766 431.628 431.085 434.580 436.590 429.543 433.159
108 410.000 414.573 415.326 410.463 411.752 411.466 411.259 408.282 411.736 413.368 409.859
109 335.000 390.630 387.320 387.880 398.287 392.867 393.982 389.431 400.373 392.506 379.749
110 515.000 500.541 507.490 503.727 483.703 501.230 507.543 504.046 509.962 476.870 508.824
111 400.000 402.416 405.085 403.314 402.551 400.855 401.409 403.227 402.622 400.559 399.007
112 429.000 428.064 428.068 417.424 425.975 428.307 433.676 425.272 427.124 416.393 428.693
113 432.000 425.306 430.301 430.383 414.897 412.431 432.475 421.914 424.152 386.925 425.292
114 335.000 337.294 338.243 336.446 339.653 333.228 338.376 339.036 342.978 338.034 336.527
115 395.000 388.003 394.705 404.172 391.303 391.233 389.903 390.692 399.952 384.403 398.144
116 341.000 341.435 344.278 343.161 344.483 343.925 330.313 339.743 336.572 334.514 333.606
117 425.000 417.399 419.626 420.712 416.739 417.472 419.410 417.825 421.045 423.217 417.770
118 351.000 377.307 374.936 364.444 371.691 371.570 367.249 379.414 372.683 376.810 377.895
119 315.000 311.511 318.787 317.751 317.138 318.767 317.498 318.211 315.666 319.169 315.323
120 320.000 317.571 316.941 316.973 320.744 315.909 315.496 315.521 316.761 311.018 320.226
121 588.000 550.957 549.834 546.007 545.792 554.061 549.625 560.365 547.569 552.068 552.375
122 469.000 483.309 441.274 459.327 491.648 462.560 464.171 446.407 466.253 465.015 470.586
123 321.000 340.185 355.940 349.909 349.643 338.465 354.807 346.516 349.270 338.629 343.898
124 310.000 394.007 388.780 388.405 389.665 391.755 381.341 370.685 352.787 383.914 380.102
125 362.000 347.446 386.755 336.856 366.606 363.455 365.321 365.162 359.707 380.327 355.507
126 332.000 375.975 372.325 371.819 368.510 371.264 383.177 373.280 369.741 375.545 369.120
127 307.000 340.735 342.399 341.299 369.170 373.008 342.890 354.955 356.456 333.661 330.612
128 400.000 399.926 398.484 397.652 397.765 402.449 404.030 401.536 403.934 399.446 397.538
129 490.000 503.897 483.953 500.938 508.175 491.280 490.103 496.899 505.700 505.295 507.272
130 354.000 358.178 349.530 354.426 356.194 358.628 361.105 357.353 356.643 351.691 354.442
131 326.000 332.307 336.666 328.726 328.850 331.714 332.302 331.764 337.218 333.376 331.955
132 326.000 331.627 332.738 333.075 326.403 332.535 328.650 333.144 331.175 327.306 328.880
133 409.000 419.428 414.596 417.281 410.784 412.365 408.700 415.839 409.707 413.185 414.262
134 562.000 440.888 448.403 447.911 446.046 441.198 442.226 442.834 447.581 453.161 441.129
135 332.000 334.972 339.954 334.904 334.276 341.486 339.566 330.316 334.273 344.475 331.704
136 472.000 428.764 427.232 428.201 427.064 435.681 415.837 431.908 420.922 429.016 448.045
137 405.000 417.110 414.405 418.637 412.540 417.085 415.555 413.363 416.653 420.007 415.883
138 394.000 409.275 402.533 404.050 406.798 399.875 409.628 404.039 405.112 408.498 405.735
139 324.000 332.876 336.816 332.950 334.993 334.951 331.150 334.678 326.968 334.898 331.753
140 555.000 571.756 563.070 567.912 564.111 563.250 569.487 571.398 566.459 562.470 555.860
141 324.000 338.125 329.613 327.878 336.643 330.447 332.865 340.034 327.557 333.400 333.120
142 422.000 432.389 437.398 426.635 456.567 433.481 431.404 424.688 436.025 434.271 442.423
143 429.000 423.506 436.608 428.439 417.644 435.227 441.038 434.093 448.768 434.894 446.685
144 314.000 317.571 320.161 319.890 321.713 318.822 327.121 316.278 318.503 318.600 321.681
145 445.000 452.692 443.338 451.895 445.794 453.158 454.711 453.447 446.347 460.966 454.523
146 420.000 427.759 431.283 433.782 425.900 427.599 426.320 429.162 429.914 434.927 428.610
147 350.000 355.917 358.727 357.203 353.091 357.097 345.950 348.669 355.899 357.048 349.534
148 381.000 352.568 354.999 355.842 355.765 355.973 361.224 359.177 358.090 359.928 356.866
149 340.000 339.275 335.383 341.211 338.264 339.411 334.439 335.504 330.568 339.728 333.088
150 462.000 494.838 484.142 498.923 490.219 492.822 482.481 483.119 494.529 502.760 496.925
151 545.000 521.875 524.889 512.671 524.854 520.528 527.727 538.557 535.775 520.322 520.744
152 401.000 401.829 404.636 412.318 400.498 410.185 409.889 415.108 409.131 410.944 405.924
153 450.000 468.311 472.812 466.618 467.942 462.923 461.714 474.691 475.034 434.404 459.610
154 495.000 515.519 533.440 532.689 538.147 523.308 533.721 530.736 531.339 531.500 550.549
155 415.000 396.713 430.007 414.064 380.135 417.242 409.902 426.334 425.908 429.410 425.655
156 580.000 518.245 535.647 527.864 516.036 523.805 518.494 521.100 519.260 513.552 515.551
157 412.000 405.860 409.504 407.728 412.445 413.314 409.870 410.255 409.984 407.194 411.712
158 446.000 468.180 466.928 472.045 471.696 441.198 465.062 470.499 468.846 475.051 441.129
159 330.000 344.395 350.239 344.620 343.093 363.176 339.061 349.670 340.607 347.244 341.156
160 325.000 332.834 338.702 335.610 331.122 332.137 330.118 334.797 330.750 332.947 333.267
161 316.000 318.661 319.351 321.003 320.744 317.945 313.128 315.874 316.761 311.018 321.681
162 408.000 402.860 399.962 396.589 401.005 401.097 397.313 403.432 398.376 401.358 405.280
163 428.000 404.670 414.016 399.671 391.240 399.170 396.922 399.107 400.486 396.955 407.774
164 396.000 453.489 438.903 432.819 458.272 444.835 446.693 443.543 459.973 433.511 441.850
165 385.000 378.224 388.358 364.002 365.047 372.501 381.281 384.622 377.578 370.384 380.686
166 335.000 340.666 335.192 338.448 339.058 335.718 338.798 340.563 339.251 338.625 334.870
167 339.000 338.250 337.243 336.093 339.120 336.208 338.002 338.518 336.355 339.535 337.204
168 419.000 436.953 431.859 424.845 427.663 433.895 432.083 419.057 424.439 426.550 432.056
169 321.000 318.997 316.521 318.832 316.779 317.630 317.654 317.197 316.818 314.461 318.282
170 419.000 413.239 417.262 416.642 421.152 420.057 417.603 414.033 418.520 413.301 420.014
171 423.000 424.136 423.770 426.245 427.777 423.080 428.839 433.395 427.735 425.976 426.807
172 416.000 420.286 423.893 423.495 425.459 422.499 415.881 417.648 419.553 418.499 429.360
173 434.000 451.078 424.798 438.815 428.030 446.529 434.959 436.705 427.906 426.834 420.275
174 329.000 337.667 338.507 333.897 357.502 352.403 349.363 343.576 356.583 343.836 343.833
175 450.000 439.527 440.116 429.198 436.843 423.076 439.960 438.198 429.809 439.958 439.104
176 333.000 332.813 331.234 324.593 330.602 334.073 328.235 334.065 337.437 333.354 331.465
177 420.000 422.103 424.451 419.280 426.463 426.070 425.352 420.780 427.267 423.584 421.445
178 315.000 325.120 327.258 330.988 330.614 326.700 323.739 329.543 334.603 329.281 331.453
179 349.000 353.515 351.260 350.323 346.017 348.767 345.068 348.867 347.181 341.672 344.114
180 431.000 413.215 398.918 419.404 401.538 416.832 382.962 404.482 411.854 405.410 409.932
181 407.000 412.166 412.801 411.609 415.719 417.749 411.426 414.508 416.465 414.643 415.379
182 424.000 419.133 417.941 418.797 422.518 428.477 418.053 426.673 422.932 419.223 424.538
183 425.000 414.586 414.144 418.090 412.630 415.274 415.732 418.065 414.151 420.785 416.911
184 588.000 583.060 578.521 575.511 575.117 580.728 586.820 580.396 588.558 580.852 578.765
185 332.000 348.812 342.777 340.504 356.540 329.413 339.397 356.109 367.883 337.438 324.347
186 379.000 406.726 405.730 401.299 421.872 409.429 413.613 400.906 409.928 389.984 404.445
187 586.000 581.605 587.224 585.843 574.438 578.956 581.835 585.146 578.495 598.328 579.283
188 528.000 558.945 515.829 556.909 549.912 556.042 551.628 560.209 560.747 557.211 568.284
189 425.000 455.218 442.996 431.431 435.591 470.356 448.371 430.354 436.913 436.332 455.248
190 398.000 385.009 393.739 383.071 395.074 390.543 383.779 382.169 383.931 386.147 377.875
191 492.000 519.464 537.379 534.610 527.505 523.754 522.758 521.424 524.975 523.461 532.113
192 395.000 421.491 415.070 417.626 413.973 416.379 413.526 415.498 415.084 416.639 414.243
193 503.000 442.558 444.871 442.137 442.224 441.177 445.624 448.682 435.955 440.115 456.579
194 402.000 410.845 413.597 411.527 412.445 412.170 412.531 413.117 409.228 412.702 410.504
195 316.000 330.678 323.564 326.708 327.954 326.087 319.418 321.159 317.761 323.126 325.611
196 537.000 515.030 510.261 495.395 500.835 516.285 502.413 512.152 507.992 507.448 522.366
197 426.000 427.590 427.036 424.547 424.483 429.380 422.854 428.710 431.385 433.368 426.617
198 414.000 435.355 443.149 426.160 439.313 435.698 435.703 440.377 433.679 433.349 433.839
199 460.000 530.951 525.526 525.713 528.880 529.430 528.146 530.601 521.830 576.130 528.019
200 438.000 448.799 431.980 433.086 434.555 433.856 425.415 434.573 435.072 438.446 437.493
201 418.000 410.085 412.350 416.451 419.146 413.563 414.789 414.699 416.530 418.227 412.218
202 432.000 405.004 397.852 387.100 402.357 413.291 413.614 408.076 398.438 387.719 405.696
203 422.000 427.062 420.840 423.708 422.651 426.935 414.648 426.970 423.497 423.954 426.776
204 450.000 428.948 438.959 419.457 431.363 430.512 432.523 433.855 430.707 431.091 430.608
205 362.000 359.404 346.075 363.559 374.302 375.200 358.315 355.516 361.336 352.783 362.485
206 500.000 443.181 435.686 466.081 447.416 434.508 449.031 416.373 456.911 446.747 426.844
207 361.000 379.432 375.674 389.207 396.543 374.032 372.043 373.281 372.345 367.546 375.774
208 439.000 428.358 424.279 423.110 427.015 434.668 429.228 430.144 425.861 423.583 431.317
209 382.000 443.474 431.846 440.504 428.190 438.313 451.028 431.881 436.890 435.135 439.556
210 446.000 449.165 446.170 440.694 444.923 448.262 453.100 445.632 443.435 451.337 449.221
211 420.000 424.425 411.881 421.970 417.965 424.297 416.130 426.517 428.900 426.839 426.260
212 420.000 429.421 423.372 423.073 429.421 424.997 421.036 430.644 425.999 422.019 428.251
213 488.000 378.318 419.776 413.589 397.010 384.615 403.992 424.538 401.046 408.345 394.566
214 395.000 401.474 400.797 398.535 396.341 396.252 395.511 403.296 397.390 400.574 398.292
215 399.000 411.334 409.464 417.281 410.871 413.361 409.835 410.955 412.284 410.113 411.425
216 356.000 353.268 353.144 356.989 357.208 352.770 357.266 351.905 357.389 356.029 353.719
217 440.000 430.789 429.593 445.979 434.485 436.697 443.250 435.000 432.866 430.946 438.415
218 342.000 345.381 354.627 360.131 343.896 344.983 345.377 364.685 335.203 345.130 362.349
219 535.000 551.578 538.833 531.366 546.992 556.815 557.766 556.499 537.771 537.746 528.819
220 525.000 500.016 484.289 502.287 499.054 507.454 503.075 495.705 499.245 473.090 501.298
221 526.000 502.830 518.662 510.026 506.636 501.610 502.266 519.277 514.148 504.478 526.956
222 318.000 332.024 329.608 332.163 329.587 328.521 333.742 328.577 322.094 329.425 332.564
223 518.000 461.777 460.607 448.741 440.466 474.189 457.936 451.285 426.521 450.655 434.437
224 366.000 357.952 352.723 350.442 353.930 357.131 349.513 351.083 350.961 352.145 348.045
225 349.000 360.506 359.750 365.289 363.337 355.973 361.224 368.876 358.090 366.119 359.377
226 396.000 403.425 402.952 400.186 405.363 402.389 402.787 402.199 398.547 401.708 399.007
227 380.000 373.525 374.420 373.286 376.962 375.667 374.824 369.510 371.422 378.233 368.190
228 375.000 373.191 369.462 380.712 378.613 377.473 368.495 374.826 382.354 378.408 369.286
229 455.000 445.757 455.306 453.939 434.663 446.325 447.386 447.885 433.168 454.723 446.251
230 428.000 427.259 425.127 433.505 448.730 441.553 450.101 438.284 407.211 425.215 432.251
231 334.000 336.022 329.602 334.383 333.184 335.858 331.673 330.141 326.636 332.988 330.297
232 337.000 322.445 323.928 312.071 321.481 314.594 321.272 317.898 315.855 324.534 324.694
233 418.000 426.970 425.257 425.598 419.591 425.704 430.528 418.926 426.533 429.587 433.432
234 310.000 323.005 318.515 321.602 322.656 320.897 323.492 315.270 324.633 323.948 320.107
235 395.000 403.837 398.682 402.594 397.667 403.079 400.061 403.785 401.981 398.458 399.738
236 450.000 434.119 446.069 425.791 430.782 410.865 435.682 415.012 421.004 392.926 418.952
237 368.000 357.651 354.678 361.676 355.326 359.767 352.112 355.379 353.654 356.079 348.045
238 468.000 455.867 452.453 454.766 458.217 435.562 467.884 455.111 449.488 458.830 452.023
239 305.000 317.776 313.207 308.099 315.168 312.679 315.789 320.608 315.728 316.177 317.984
240 303.000 319.845 323.999 322.069 325.130 326.868 320.738 317.701 323.102 325.907 323.970
241 316.000 341.995 351.912 345.720 344.499 346.275 362.797 357.344 359.146 341.693 345.568
242 360.000 340.222 350.379 337.204 334.007 342.207 343.361 337.771 333.794 336.272 349.138
243 466.000 449.175 452.412 452.644 455.458 454.331 455.618 452.645 452.737 458.269 454.799
244 422.000 425.016 429.644 425.032 426.108 425.390 426.121 432.922 418.047 425.307 420.136
245 418.000 414.001 402.155 402.602 402.266 397.378 398.755 406.426 406.110 402.383 398.620
246 409.000 414.234 415.070 417.322 415.566 412.146 413.394 414.137 417.283 414.569 413.968
247 326.000 333.864 335.518 338.858 329.751 338.888 334.219 352.735 340.509 342.259 334.711
248 328.000 357.704 364.591 351.778 383.609 361.946 365.180 356.781 362.969 353.312 356.745
249 369.000 391.903 387.567 390.287 381.371 388.508 391.354 386.169 379.900 380.966 382.897
250 346.000 331.621 334.029 332.887 332.990 331.999 334.627 335.380 330.442 336.431 335.360
251 407.000 420.488 420.073 423.008 421.963 419.617 423.226 418.357 419.114 417.452 418.999
252 414.000 369.405 387.056 392.037 377.309 378.888 368.373 387.200 388.729 388.504 384.131
253 501.000 488.864 495.380 510.770 492.337 507.633 513.342 500.189 510.066 499.078 504.194
254 421.000 409.925 413.642 413.197 415.463 417.085 415.555 417.504 414.124 414.643 413.522
255 316.000 349.918 349.130 365.983 356.497 356.800 338.032 351.222 348.345 333.097 351.528
256 328.000 324.265 328.374 331.765 328.367 328.214 332.079 324.048 323.276 329.059 328.640
257 445.000 452.164 456.157 459.902 451.007 450.734 445.685 436.261 462.361 459.183 455.339
258 371.000 389.524 401.835 419.229 419.464 380.593 393.571 388.299 382.246 379.729 369.818
259 484.000 466.540 466.794 486.097 501.768 471.888 463.351 460.560 474.301 461.551 492.578
260 418.000 417.399 421.525 417.024 419.112 419.200 419.410 420.737 423.110 418.484 420.974
261 371.000 371.044 366.775 368.180 364.774 368.815 372.403 372.008 367.475 368.664 368.665
262 331.000 327.050 334.596 328.745 329.587 326.734 330.927 330.900 325.908 331.327 328.796
263 586.000 546.714 548.625 542.522 542.033 554.595 550.115 544.366 551.554 541.610 541.886
264 434.000 431.494 425.554 435.110 432.595 430.989 432.463 428.221 429.882 430.370 434.017
265 412.000 428.353 436.700 439.269 434.231 432.754 421.164 433.628 430.417 435.433 428.603
266 483.000 453.056 464.270 469.824 438.289 435.562 461.839 458.574 461.171 458.830 449.584
267 393.000 408.002 386.030 394.129 385.127 387.809 403.799 395.523 397.992 401.247 385.084
268 386.000 388.538 387.807 387.539 386.265 387.398 396.119 387.912 389.559 392.496 392.276
269 344.000 379.077 380.115 360.689 394.471 384.621 389.686 389.419 389.447 380.303 391.494
270 392.000 360.370 361.080 355.136 356.874 354.445 372.966 363.898 364.472 360.930 371.234
271 460.000 434.917 432.042 437.135 426.768 418.470 431.905 430.066 443.977 425.455 432.556
272 321.000 329.670 332.566 328.161 324.919 325.160 329.039 328.546 333.586 331.422 329.094
273 311.000 344.060 342.831 353.791 346.769 341.875 350.085 354.676 349.148 353.088 352.243
274 391.000 331.169 336.619 340.001 357.722 353.457 343.729 340.686 336.422 342.130 350.423
275 431.000 435.187 433.008 439.078 425.833 433.594 430.631 437.554 431.772 431.398 438.542
276 357.000 355.035 355.631 353.257 355.702 357.728 353.450 358.321 351.756 357.443 352.682
277 414.000 433.693 445.002 430.854 443.593 435.407 459.261 440.653 436.645 433.706 443.290
278 452.000 434.255 431.696 420.231 427.563 428.144 424.272 422.663 427.133 418.895 425.966
279 437.000 431.029 403.047 408.306 416.988 425.117 393.553 412.456 407.036 422.412 412.263
280 315.000 316.438 317.405 317.588 318.397 317.122 319.488 318.514 318.492 320.636 318.239
281 435.000 459.627 453.376 457.020 445.486 445.939 438.257 446.726 460.949 448.916 454.511
282 448.000 434.383 434.120 450.952 423.642 447.564 451.069 446.641 441.406 452.804 456.534
283 416.000 417.092 422.896 424.503 419.916 423.164 419.540 418.103 419.854 421.956 420.702
284 328.000 329.880 329.528 336.339 333.518 329.732 330.015 336.723 333.418 330.299 328.583
285 390.000 400.268 399.779 394.590 396.737 400.144 400.714 399.564 400.737 399.547 398.165
286 310.000 319.773 320.161 321.024 319.454 318.834 319.174 316.366 318.642 316.481 322.119
287 365.000 362.210 364.094 365.299 368.422 365.815 369.619 365.587 366.852 368.890 366.865
288 402.000 417.314 413.798 418.160 416.148 415.974 416.364 419.365 413.691 413.413 417.666
289 372.000 374.527 386.884 402.484 385.949 383.345 400.518 376.980 393.237 385.572 396.332
290 428.000 453.892 463.513 492.314 443.914 459.111 470.678 462.092 452.463 491.093 467.604
291 267.000 483.362 464.362 451.292 465.913 488.525 489.090 431.058 471.457 487.752 477.115
292 330.000 353.876 346.493 346.527 353.571 335.495 342.440 340.246 338.082 351.482 338.817
293 598.000 591.986 589.458 588.415 590.504 588.173 585.781 589.416 598.845 591.872 596.365
294 392.000 391.335 377.596 381.469 390.077 391.066 390.000 372.615 416.603 388.171 389.897
295 430.000 518.952 520.814 515.186 524.145 519.874 517.472 534.426 518.989 523.446 499.571
296 340.000 341.154 359.423 372.834 346.972 372.278 361.506 353.168 353.132 361.729 376.630
297 312.000 332.120 335.905 327.668 324.746 332.063 310.212 325.439 324.676 330.035 324.101
298 327.000 344.658 353.624 346.687 347.530 337.961 338.350 334.823 345.598 340.525 349.823
299 342.000 375.206 368.507 370.610 372.095 378.441 383.177 356.481 365.093 366.604 369.232
300 417.000 417.114 423.511 420.853 420.446 423.924 419.010 422.972 418.974 415.906 420.124
301 318.000 318.886 317.405 319.052 320.385 316.069 319.250 320.850 316.895 314.461 319.437
302 329.000 344.996 325.679 327.740 323.433 323.579 330.745 325.983 328.035 330.035 318.707
303 339.000 342.691 337.330 332.238 334.382 347.185 343.361 340.592 336.097 346.739 340.880
304 334.000 328.385 330.451 330.756 329.292 333.947 331.562 333.066 330.489 327.792 332.539
305 346.000 356.649 356.206 346.455 351.800 332.180 364.687 357.153 355.106 355.691 339.770
306 420.000 423.031 429.672 419.385 422.029 420.078 427.731 421.191 419.291 420.896 420.744
307 371.000 382.860 401.338 385.916 379.867 405.470 411.366 391.109 392.755 387.094 393.071
308 560.000 582.319 584.139 582.300 579.755 582.976 579.638 580.559 581.742 581.133 577.934
309 512.000 469.595 482.560 475.437 460.946 457.644 462.215 487.006 474.186 478.372 456.239
310 410.000 422.808 429.672 425.737 421.748 421.115 421.550 426.161 420.954 424.358 420.465
311 473.000 448.395 445.143 446.592 440.390 440.755 437.147 457.516 440.920 444.298 443.135
312 427.000 418.502 415.195 423.455 416.264 417.021 418.657 417.115 421.533 419.302 423.418
313 326.000 356.150 370.253 381.653 373.794 351.861 375.839 354.873 380.285 372.407 358.760
314 405.000 379.980 387.531 374.820 372.451 379.102 383.505 382.284 393.863 391.610 374.184
315 442.000 458.651 449.358 453.863 483.353 469.724 469.213 456.411 463.268 457.164 464.185
316 330.000 339.061 340.044 340.533 340.004 338.641 335.110 336.009 335.969 339.661 342.962
317 328.000 344.447 321.911 335.257 326.549 337.175 324.389 341.620 322.530 327.958 328.569
318 436.000 430.865 435.471 428.924 427.915 428.585 433.839 422.149 431.652 434.354 430.851
319 410.000 418.190 415.070 412.882 418.666 420.125 415.555 415.011 424.163 413.301 417.462
320 462.000 457.975 473.019 476.066 448.691 480.662 470.867 458.483 459.087 470.135 473.617
321 471.000 442.105 440.577 434.420 442.120 439.949 441.276 439.050 437.836 447.019 445.234
322 427.000 425.491 423.770 425.257 424.930 421.526 428.508 420.716 421.048 420.891 423.063
323 464.000 428.789 433.838 436.084 435.904 433.463 443.078 429.888 432.793 439.980 437.285
324 446.000 431.684 448.857 421.998 458.761 457.493 443.935 444.396 452.101 450.144 455.939
325 583.000 576.007 584.787 572.265 574.677 572.702 579.822 576.786 579.161 575.168 577.638
326 562.000 489.938 481.339 494.325 480.307 491.280 490.660 491.399 486.678 488.743 493.758
327 313.000 316.907 316.776 322.916 320.983 319.985 319.337 313.502 317.916 318.774 322.620
328 422.000 439.328 451.216 448.725 427.608 427.776 427.818 448.493 453.252 436.814 427.980
329 382.000 389.817 376.242 392.512 379.442 390.940 383.006 403.995 378.621 398.144 395.327
330 398.000 384.277 388.804 404.751 394.775 408.492 408.880 405.361 400.308 385.033 384.681
331 371.000 387.884 383.146 399.545 373.417 400.274 386.471 383.094 388.960 384.881 384.089
332 414.000 410.845 413.294 409.851 412.865 412.170 414.008 412.852 412.284 411.042 409.859
333 440.000 445.443 456.147 448.568 441.164 447.417 461.183 447.226 441.756 453.169 442.814
334 599.000 585.661 582.430 590.401 591.717 585.936 586.671 592.293 584.290 588.027 574.130
335 353.000 354.927 350.044 352.989 355.811 350.299 351.806 355.617 351.140 354.984 352.805
336 404.000 450.197 441.242 456.529 456.980 455.082 450.521 444.695 436.182 447.152 436.500
337 406.000 420.402 418.777 419.161 411.278 424.241 424.449 430.156 417.267 420.807 415.242
338 324.000 335.394 337.302 333.984 336.106 333.785 331.688 334.065 338.235 335.835 330.528
339 337.000 338.111 337.110 336.497 340.041 337.215 338.870 338.135 338.614 340.350 337.953
340 395.000 409.538 422.998 427.051 410.390 422.895 420.650 420.922 418.249 417.075 414.922
341 407.000 414.260 417.894 415.844 418.123 415.627 413.317 413.445 414.884 406.276 416.484
342 330.000 382.073 378.970 378.931 366.848 400.135 383.799 370.583 389.021 375.307 373.033
343 417.000 435.355 431.836 431.814 432.301 433.135 430.244 440.685 427.444 437.510 439.142
344 395.000 404.243 399.962 400.545 403.454 402.389 401.213 401.466 403.442 401.708 399.704
345 503.000 408.021 405.103 399.947 405.256 404.862 400.022 398.166 412.323 416.549 418.942
346 448.000 488.053 463.576 462.567 472.383 486.712 482.852 484.144 480.819 471.305 479.084
347 363.000 345.611 359.451 348.691 359.224 358.292 339.221 352.146 361.610 355.433 343.685
348 386.000 375.002 372.360 369.772 375.688 358.745 369.792 372.836 367.600 363.011 364.566
349 330.000 336.718 326.312 332.668 330.741 332.535 333.257 335.591 330.690 333.152 335.916
350 488.000 354.345 358.958 356.002 348.718 348.627 361.648 368.784 355.898 357.563 335.574
351 479.000 463.453 460.280 463.594 459.655 456.939 471.560 464.371 456.060 466.358 469.564
352 338.000 378.255 367.315 376.346 373.066 369.929 370.426 374.099 363.744 360.882 373.945
353 456.000 521.065 505.529 450.397 501.049 470.364 458.764 518.139 455.576 492.855 509.982
354 418.000 458.831 452.007 466.889 442.608 445.587 442.939 441.539 445.462 459.218 450.330
355 322.000 329.401 333.233 328.187 329.847 332.646 332.207 330.127 330.275 333.032 330.169
356 321.000 317.042 314.493 317.588 317.209 316.148 319.079 314.672 314.545 317.461 314.762
357 335.000 385.590 404.810 386.345 396.251 387.153 384.505 392.157 392.565 393.149 393.725
358 394.000 386.592 395.817 378.073 374.138 403.578 404.268 376.464 389.467 389.209 397.611
359 398.000 436.504 457.414 440.766 443.478 429.468 442.402 414.495 445.871 436.301 455.774
360 421.000 441.613 417.808 429.891 408.890 406.366 428.149 420.791 441.572 422.568 423.721
361 364.000 387.836 378.999 391.017 388.028 382.627 378.407 388.874 385.242 385.109 384.157
362 322.000 358.414 359.272 357.418 349.587 370.264 362.781 365.152 368.961 360.886 354.727
363 446.000 485.822 473.888 492.795 479.262 481.728 476.577 471.924 480.217 476.660 474.792
364 340.000 319.953 319.186 314.635 322.120 317.400 321.734 322.122 324.086 323.079 318.621
365 340.000 424.566 416.484 389.321 394.471 402.811 394.966 370.474 393.325 403.211 411.751
366 452.000 419.047 431.763 420.501 420.013 417.734 405.371 425.605 405.160 402.971 411.199
367 367.000 388.705 392.444 388.223 384.902 388.173 396.119 390.692 397.896 388.047 395.771
368 425.000 446.030 441.273 446.652 435.535 432.887 451.892 432.063 437.575 441.539 440.562
369 399.000 355.731 371.124 360.642 354.668 356.349 353.062 360.862 365.093 358.044 366.162
370 420.000 418.647 416.148 413.012 419.361 418.872 417.234 417.115 418.836 409.456 416.706
371 526.000 531.207 542.141 526.720 529.883 536.426 530.731 530.042 532.366 531.606 532.787
372 343.000 348.898 339.408 338.658 345.760 341.497 341.453 358.582 333.009 334.887 344.304
373 420.000 411.973 414.207 411.609 412.747 411.387 411.979 413.308 414.233 415.350 413.501
374 403.000 378.665 390.476 377.813 368.781 385.476 390.590 381.318 375.385 377.557 381.086
375 495.000 488.244 493.999 502.671 499.694 506.045 506.623 500.973 495.469 484.943 499.916
376 564.000 458.912 458.649 454.331 459.857 464.940 447.131 460.933 459.696 460.947 449.917
377 420.000 517.256 473.611 519.221 513.342 529.399 494.614 518.072 502.456 522.988 509.899
378 414.000 409.295 418.095 410.241 402.005 421.543 417.694 423.224 410.923 417.549 416.187
379 328.000 330.040 317.910 319.031 317.679 332.574 310.986 324.486 328.503 325.075 313.464
380 546.000 445.064 439.925 448.666 449.822 446.909 438.514 442.456 444.554 434.404 445.538
381 323.000 316.281 315.287 316.197 317.341 315.687 319.876 317.951 316.895 315.972 314.555
382 413.000 418.072 415.266 415.495 414.668 414.935 419.209 410.891 413.680 414.683 418.919
383 360.000 373.079 367.339 376.268 388.665 388.373 383.289 387.326 398.820 373.027 376.717
384 411.000 420.133 418.275 420.160 419.269 423.643 418.412 419.727 422.016 418.069 419.461
385 346.000 334.867 334.152 343.493 343.562 338.123 333.174 341.074 340.389 332.546 341.761
386 449.000 432.149 435.615 410.930 426.672 429.686 437.337 437.119 431.526 430.918 431.739
387 389.000 361.791 346.299 353.860 366.314 359.156 339.060 350.433 357.953 352.251 357.274
388 340.000 334.647 341.744 342.672 353.066 341.495 340.364 347.589 351.242 341.791 345.833
389 343.000 332.761 331.271 332.069 333.137 329.659 331.209 330.889 329.976 332.502 333.223
390 404.000 409.661 417.065 415.704 412.597 412.759 412.771 410.781 414.213 411.975 412.304
391 451.000 449.095 447.012 446.501 445.978 443.395 449.545 445.591 447.607 441.071 448.290
392 359.000 358.714 353.837 358.914 352.926 352.426 348.133 350.099 353.609 354.528 349.584
393 410.000 419.932 421.005 423.729 423.374 428.243 417.556 426.161 423.261 423.642 420.744
394 340.000 335.249 338.167 338.145 340.480 337.215 339.166 341.812 335.945 336.648 336.939
395 504.000 488.440 467.770 469.256 474.027 473.860 492.340 489.834 480.594 469.558 453.566
396 546.000 507.079 502.619 481.394 493.517 458.763 472.336 480.564 511.351 494.368 484.083
397 392.000 410.231 405.414 411.972 411.403 413.266 402.039 411.839 411.725 403.635 407.545
398 413.000 409.802 414.948 412.705 417.431 422.879 418.435 419.121 408.739 424.027 415.353
399 325.000 363.057 364.068 374.792 402.583 371.201 360.740 353.864 376.584 377.189 369.488
400 297.000 319.953 325.145 314.504 312.563 321.086 321.122 317.776 316.457 324.099 326.429
401 397.000 414.743 415.003 412.862 415.310 411.442 413.216 413.653 416.465 416.097 412.351
402 428.000 428.111 436.050 443.486 441.640 434.329 431.809 441.019 421.588 435.429 431.974
403 440.000 459.576 425.520 429.298 447.668 448.486 444.327 446.806 443.729 447.948 411.516
404 604.000 597.370 602.136 601.407 591.582 600.745 597.668 593.656 599.387 600.717 600.497
405 442.000 431.376 439.967 442.141 439.295 433.699 436.500 436.124 437.429 438.188 435.867
406 462.000 469.418 466.494 466.372 460.200 471.626 472.077 473.135 465.030 467.020 462.427
407 491.000 443.600 447.257 420.669 441.085 447.398 441.371 439.451 445.516 454.249 438.592
408 495.000 492.814 486.829 490.576 493.535 494.382 481.107 488.918 494.460 482.295 498.504
409 394.000 401.818 402.346 399.427 373.502 380.064 390.132 381.205 401.436 393.589 389.748
410 320.000 335.710 337.605 329.480 338.395 335.436 340.255 335.738 343.193 340.008 339.009
411 445.000 446.130 439.848 443.355 451.238 446.654 443.069 450.496 446.243 453.599 453.522
412 350.000 328.614 323.594 328.354 331.022 330.532 332.366 332.348 328.796 328.912 322.388
413 332.000 332.035 330.432 327.878 337.320 330.671 331.868 330.656 324.138 328.444 331.619
414 411.000 427.078 428.851 424.171 420.335 423.672 422.318 426.851 421.162 422.664 417.738
415 341.000 425.275 366.907 398.988 413.087 414.048 413.232 425.609 419.410 416.508 409.260
416 452.000 451.725 450.805 446.063 444.707 443.395 443.000 456.938 448.058 442.796 445.517
417 398.000 387.487 391.384 375.785 378.886 378.034 387.317 381.431 389.416 386.136 377.875
418 357.000 356.876 357.527 355.723 360.663 357.742 353.396 361.169 354.788 356.430 354.776
419 410.000 418.354 415.195 415.737 419.361 421.150 421.158 419.721 418.115 417.257 414.906
420 411.000 362.076 369.148 363.427 365.261 355.924 341.066 365.518 363.828 345.854 359.976
421 316.000 318.585 314.598 321.024 316.349 318.822 327.121 316.366 316.761 318.404 317.536
422 454.000 433.002 430.962 429.109 432.363 433.275 429.724 433.535 433.429 426.905 430.971
423 492.000 521.438 508.488 503.538 517.101 513.286 493.296 510.843 531.250 510.594 531.824
424 405.000 418.571 412.891 415.142 403.311 413.543 414.854 413.445 413.717 414.413 415.084
425 357.000 372.892 371.929 370.441 368.507 368.788 369.817 369.503 369.176 372.560 385.625
426 424.000 409.925 413.546 409.053 409.250 411.884 398.928 414.280 416.647 405.716 409.846
427 335.000 350.474 353.583 353.116 361.089 353.687 366.541 353.499 355.241 349.366 347.694
428 438.000 472.537 476.942 472.769 481.508 487.166 477.131 471.505 483.670 485.440 476.430
429 525.000 472.838 413.313 406.883 471.676 489.103 468.365 479.737 455.785 477.811 474.171
430 331.000 405.075 426.660 416.843 429.571 431.904 422.749 425.942 424.330 433.616 387.229
431 431.000 418.305 429.091 413.605 420.122 433.406 427.262 429.683 416.407 409.873 419.967
432 591.000 586.291 585.785 585.080 576.892 586.544 579.766 585.107 585.920 589.434 582.323
433 414.000 410.646 413.198 411.350 414.155 414.717 401.829 416.861 416.625 413.151 412.585
434 388.000 373.850 368.915 376.658 369.084 369.417 369.766 366.875 375.992 371.748 373.843
435 585.000 592.623 581.297 571.686 586.560 573.556 579.592 564.951 587.321 588.395 576.949
436 398.000 408.452 406.196 400.029 405.363 402.386 402.904 400.498 400.666 405.392 402.728
437 441.000 358.805 366.393 358.828 365.876 367.419 371.686 367.415 357.935 368.670 379.749
438 309.000 320.363 319.101 319.353 317.455 317.122 320.881 319.484 319.073 322.374 317.290
439 518.000 519.103 523.433 516.403 508.777 513.089 512.760 518.719 526.399 526.474 512.346
440 416.000 417.216 421.525 419.878 419.498 420.143 423.511 418.394 423.110 419.646 417.266
441 412.000 412.213 415.065 411.505 413.744 415.367 412.979 410.891 416.129 409.425 405.440
442 385.000 382.892 363.656 375.333 378.406 385.499 369.036 358.986 368.970 391.327 377.235
443 325.000 329.401 328.181 333.431 328.153 331.425 329.429 333.653 326.618 331.630 327.862
444 325.000 336.937 334.715 338.167 335.047 334.175 337.837 346.202 337.024 339.832 331.382
445 328.000 330.864 333.398 328.943 334.305 336.910 332.310 331.996 326.431 339.905 330.848
446 397.000 413.506 411.921 417.281 410.634 411.776 410.877 411.359 410.632 414.683 413.520
447 407.000 414.743 413.766 412.882 416.694 413.894 415.555 415.011 416.465 416.578 413.522
448 491.000 503.743 468.777 436.542 493.022 469.358 487.029 466.295 457.626 444.222 510.755
449 328.000 326.624 327.080 324.926 328.998 337.993 336.961 328.999 329.580 335.781 334.785
450 430.000 434.858 437.051 439.288 442.569 446.629 443.878 440.561 442.344 448.104 439.735
451 413.000 403.607 388.639 398.050 390.835 398.968 395.015 399.132 389.559 390.456 405.323
452 364.000 375.806 364.051 362.644 369.421 376.830 380.107 360.233 369.468 361.264 383.977
453 404.000 392.526 388.838 395.033 393.746 396.659 383.024 380.174 390.436 388.154 398.444
454 431.000 422.230 426.662 427.208 425.446 424.195 425.831 436.225 428.268 413.860 412.883
455 461.000 443.758 436.934 446.746 439.459 443.697 437.368 443.261 437.849 435.199 440.168
456 346.000 364.736 365.606 364.017 368.417 373.264 363.873 371.759 366.609 374.701 364.583
457 461.000 437.326 433.969 431.242 436.075 442.358 439.469 436.124 443.930 438.188 433.938
458 446.000 441.213 432.747 436.084 437.798 438.955 439.167 436.124 439.660 444.680 435.645
459 334.000 330.598 327.975 328.269 327.764 330.865 333.761 329.744 330.690 331.710 331.378
460 368.000 369.412 362.565 364.017 355.027 365.541 360.010 373.280 363.769 364.546 365.070
461 421.000 357.440 364.392 362.878 355.399 345.745 363.822 357.699 353.265 361.779 350.665
462 536.000 523.585 526.502 528.585 531.870 534.192 530.361 523.487 533.962 538.505 516.086
463 399.000 420.943 419.028 416.680 427.006 420.542 420.806 428.302 422.993 422.583 419.740
464 584.000 579.297 575.505 582.967 576.966 582.504 580.162 577.235 583.606 575.839 584.071
465 592.000 584.340 585.082 569.106 582.295 582.693 581.891 577.955 583.680 588.018 585.859
466 450.000 435.885 437.806 444.097 435.044 436.317 442.761 434.409 437.987 433.924 445.617
467 359.000 367.229 364.763 363.967 363.081 365.184 367.064 365.627 364.588 365.802 364.674
468 325.000 325.029 322.386 322.564 321.255 324.031 327.169 315.205 316.661 327.962 325.835
469 315.000 321.396 320.272 322.180 320.482 318.434 316.418 318.514 324.324 316.717 321.421
470 411.000 393.759 393.076 380.468 381.620 370.899 384.183 395.275 378.474 375.342 392.237
471 548.000 546.018 539.961 541.858 539.786 539.933 546.262 535.271 538.547 536.461 539.794
472 450.000 443.440 441.881 436.123 442.127 443.232 441.047 444.386 439.436 444.426 446.274
473 310.000 363.656 355.977 371.002 372.106 356.824 355.272 362.220 352.033 363.000 368.988
474 362.000 349.323 364.952 367.915 340.213 338.799 338.801 354.414 335.231 350.702 344.717
475 322.000 335.100 337.500 319.069 323.001 328.321 332.197 333.354 331.538 331.667 319.528
476 396.000 411.282 411.486 414.507 410.590 413.694 415.555 412.137 414.485 415.771 411.168
477 408.000 420.603 418.954 415.240 415.209 418.367 421.158 421.566 418.934 420.221 418.999
478 540.000 518.416 515.006 526.772 496.850 515.108 495.018 472.788 514.033 508.438 507.609
479 399.000 395.553 395.814 386.398 403.596 390.519 402.907 401.209 399.699 397.861 392.522
480 448.000 450.257 448.840 452.289 445.978 447.226 448.825 452.886 440.571 451.242 445.295
481 460.000 415.362 415.107 418.009 412.630 419.026 420.136 418.376 414.429 417.034 416.096
482 331.000 334.316 335.714 333.327 335.414 334.541 332.361 331.893 335.360 334.898 334.227
483 448.000 437.895 446.771 439.504 438.403 438.404 435.183 436.985 447.747 442.374 443.752
484 444.000 424.481 431.228 447.342 436.022 435.382 430.467 424.808 421.639 436.983 442.922
485 336.000 335.123 339.800 332.887 339.497 340.591 334.627 339.411 342.606 335.880 333.543
486 502.000 370.344 383.452 352.757 378.596 397.839 358.035 355.573 369.243 383.838 372.444
487 409.000 418.073 426.299 427.373 417.305 419.026 420.136 421.048 424.159 425.675 424.070
488 405.000 415.179 420.436 413.992 417.652 419.488 413.322 418.288 414.918 421.160 413.522
489 555.000 569.830 574.192 561.785 558.486 574.711 577.784 570.994 571.251 567.869 567.340
490 427.000 425.491 426.448 424.732 424.483 423.080 427.870 421.674 424.806 424.235 422.639
491 452.000 430.243 425.354 410.930 436.996 427.656 432.239 425.561 427.208 433.668 436.112
492 329.000 330.933 321.420 318.390 324.291 320.081 321.719 332.707 327.794 319.022 329.769
493 491.000 458.116 497.759 488.698 518.184 465.519 493.291 441.899 476.887 507.275 445.930
494 440.000 431.079 407.574 419.782 444.677 426.296 436.993 428.021 438.742 429.810 444.235
495 363.000 355.660 350.574 357.808 346.654 344.851 333.000 343.194 351.124 338.986 360.640
496 432.000 447.048 435.761 429.328 444.578 434.117 422.773 440.021 442.678 449.131 442.038
497 514.000 488.411 494.246 494.530 497.597 480.001 488.159 489.083 506.055 492.730 485.133
498 536.000 589.654 577.279 553.648 570.822 582.367 583.468 576.522 569.789 580.422 579.970
499 462.000 436.996 443.570 456.996 450.809 439.491 439.029 452.158 444.431 452.802 448.665
500 510.000 504.341 492.048 487.917 522.488 499.033 501.802 527.796 517.008 497.931 501.724
501 357.000 388.259 375.526 379.890 365.093 371.769 372.778 376.681 391.653 379.535 369.955
502 418.000 425.680 425.490 428.882 422.122 421.542 427.924 425.161 420.328 422.788 428.222
503 406.000 411.374 411.861 427.724 423.401 425.899 418.217 407.431 418.625 414.289 432.280
504 464.000 382.319 400.731 407.409 397.624 388.723 413.301 413.739 441.681 422.899 398.861
505 400.000 398.453 401.004 403.845 399.889 402.389 405.405 402.468 399.872 400.559 400.701
506 400.000 411.117 409.569 404.756 412.947 415.644 419.759 407.772 416.882 416.173 418.479
507 333.000 364.062 341.250 338.597 348.049 355.186 349.401 341.247 373.780 358.950 363.130
508 452.000 480.838 450.672 442.137 498.256 454.374 464.613 484.921 452.286 451.756 466.705
509 586.000 556.554 548.679 556.869 559.005 548.754 549.453 556.415 555.730 541.610 560.756
510 461.000 438.336 442.096 442.273 440.306 436.461 441.973 446.869 449.712 442.234 444.700
511 606.000 579.876 579.146 578.189 587.571 585.666 584.708 593.665 585.307 588.170 571.234
512 338.000 379.869 383.969 372.155 360.574 379.374 366.780 376.136 375.526 373.094 380.629
513 368.000 362.550 385.910 367.460 375.257 361.228 356.931 369.798 369.126 369.700 379.128
514 442.000 463.700 427.896 442.053 449.670 447.984 467.840 467.235 441.867 452.802 471.794
515 417.000 411.458 410.805 411.497 415.566 412.770 412.928 413.138 411.627 416.097 412.000
516 328.000 319.035 318.002 320.544 317.103 319.309 319.667 317.197 320.240 321.573 316.661
517 477.000 445.813 433.974 408.171 437.028 446.552 444.500 436.474 428.681 431.576 436.384
518 350.000 346.198 375.678 356.699 367.577 357.770 345.999 356.941 348.686 365.717 354.137
519 421.000 415.313 416.653 416.090 419.146 420.056 420.880 419.492 418.738 419.302 418.319
520 592.000 542.760 543.845 546.108 540.782 544.344 533.459 542.797 519.896 535.522 531.052
521 422.000 434.307 440.962 444.110 436.925 436.388 437.479 433.220 446.680 437.773 436.497
522 473.000 467.702 470.572 464.035 464.091 465.260 462.709 471.502 471.259 473.161 469.757
523 567.000 575.282 573.612 573.865 577.132 573.820 572.840 556.552 566.815 575.269 573.469
524 425.000 426.553 400.000 418.313 410.531 429.688 419.749 413.102 414.037 429.593 415.696
525 429.000 488.749 463.702 488.954 472.444 477.879 465.926 473.315 479.427 479.822 461.023
526 351.000 349.702 350.844 348.428 355.008 356.197 352.020 352.221 353.912 356.650 353.865
527 416.000 418.190 415.195 422.674 421.403 417.021 418.657 418.860 421.533 420.932 418.768
528 354.000 354.403 348.409 352.844 341.338 352.027 347.365 354.034 354.130 350.881 351.642
529 524.000 513.283 522.640 521.948 521.890 526.872 504.904 512.458 516.631 514.227 527.169
530 334.000 355.140 347.916 349.964 354.890 361.600 360.936 348.475 360.443 358.654 355.269
531 462.000 457.978 450.233 435.811 450.809 439.491 448.803 446.404 434.783 461.268 446.569
532 477.000 432.667 439.427 417.202 431.310 420.905 431.742 429.541 422.455 434.761 435.557
533 528.000 493.007 479.953 492.747 499.027 502.842 497.077 482.542 489.716 512.463 498.575
534 335.000 330.036 331.885 335.115 332.336 335.100 328.837 334.985 334.981 342.587 330.312
535 323.000 391.590 411.484 385.275 393.554 404.923 390.283 399.272 382.571 389.033 373.319
536 412.000 418.869 418.941 422.973 421.508 424.145 420.040 422.513 417.173 420.510 422.142
537 551.000 535.861 562.546 553.944 549.105 552.294 546.846 555.268 523.422 564.361 554.853
538 406.000 413.196 414.888 414.051 413.347 415.212 417.769 415.629 412.488 416.097 413.522
539 502.000 490.881 510.925 501.530 507.875 499.737 491.976 504.453 507.983 516.726 511.264
540 415.000 413.634 412.394 411.283 413.744 412.170 411.259 412.175 409.228 409.471 413.254
541 336.000 338.675 336.949 339.534 339.285 338.655 334.735 338.135 336.427 334.592 338.674
542 312.000 318.150 314.695 315.480 319.045 316.469 318.170 320.974 316.267 313.540 322.411
543 330.000 340.666 336.949 337.869 339.058 336.200 338.002 340.573 340.136 340.350 336.295
544 508.000 370.995 345.182 339.918 370.058 373.922 375.345 367.837 382.168 380.583 370.605
545 588.000 583.519 589.806 565.931 584.123 580.728 576.337 584.113 585.824 573.878 569.806
546 410.000 427.731 434.970 435.482 430.200 439.571 406.746 434.593 433.825 436.071 432.844
547 540.000 513.227 533.383 537.367 527.249 535.537 536.652 537.864 530.772 537.236 538.806
548 362.000 375.583 386.562 382.114 381.086 381.325 380.090 383.264 385.216 377.456 377.785
549 404.000 403.724 400.559 404.853 402.569 402.376 404.182 401.880 397.701 401.235 401.026
550 370.000 355.371 359.384 356.122 355.326 358.489 358.418 355.522 359.292 358.403 348.045
551 482.000 393.471 372.137 371.728 384.942 386.032 388.989 394.169 383.576 381.477 390.913
552 398.000 402.688 407.470 402.594 399.129 401.328 402.065 403.785 400.673 400.655 400.197
553 466.000 476.043 463.183 472.887 470.014 469.545 457.301 451.156 484.012 445.390 480.894
554 405.000 413.634 414.462 410.463 411.752 410.023 412.531 411.462 412.284 411.932 412.030
555 576.000 553.411 560.411 559.478 542.134 559.668 553.766 554.101 547.569 554.038 560.301
556 457.000 418.135 417.157 415.240 418.969 418.367 416.465 417.088 418.009 415.906 414.906
557 478.000 437.172 440.066 432.867 446.397 452.017 450.513 449.847 438.734 444.298 444.457
558 431.000 457.428 462.804 458.269 465.054 458.314 501.842 459.334 459.989 451.605 462.492
559 411.000 358.853 368.493 366.656 364.167 360.305 362.832 354.950 352.383 357.191 353.073
560 409.000 413.367 416.495 422.868 430.064 405.980 416.063 413.048 422.793 424.861 415.424
561 375.000 381.673 380.973 406.574 401.243 414.556 400.966 386.414 398.592 372.047 388.573
562 400.000 405.343 399.155 424.807 405.691 408.489 378.242 399.543 402.193 402.803 407.742
563 331.000 328.936 332.393 328.866 329.148 327.000 332.625 330.887 333.701 328.173 326.179
564 412.000 421.183 422.808 423.825 424.775 422.298 425.685 419.905 423.791 418.028 425.342
565 485.000 495.700 498.342 486.923 490.038 493.487 499.718 487.803 488.321 500.528 484.411
566 407.000 418.447 417.590 418.595 423.670 416.287 418.211 421.566 424.200 420.307 419.878
567 405.000 421.570 420.116 413.413 410.303 417.852 412.189 432.017 418.643 409.634 429.751
568 406.000 398.453 400.797 400.029 401.161 400.389 399.489 403.724 403.531 407.057 405.027
569 342.000 338.423 342.435 340.303 337.610 341.782 338.582 339.243 340.178 339.687 343.832
570 321.000 333.896 334.823 331.183 332.766 326.869 326.442 331.770 334.409 330.635 325.164
571 361.000 362.505 366.572 374.377 371.207 378.516 381.645 367.764 369.184 370.377 375.828
572 387.000 370.740 368.688 372.588 375.976 375.667 368.738 376.890 371.921 369.913 379.330
573 323.000 315.794 316.561 315.106 317.677 317.187 319.488 317.951 315.985 320.636 320.136
574 390.000 393.359 419.943 411.444 387.417 398.611 397.883 400.373 384.227 381.796 392.063
575 440.000 432.222 445.390 466.618 459.726 462.128 467.568 436.635 417.481 440.149 441.337
576 332.000 363.559 374.466 373.099 373.741 394.931 365.944 376.262 370.332 361.422 367.138
577 456.000 478.008 476.645 470.239 474.057 470.714 487.312 481.310 469.424 459.014 458.857
578 488.000 446.812 433.593 451.320 442.622 432.437 440.136 421.413 434.169 451.609 433.854
579 332.000 358.793 362.460 398.011 396.994 391.712 376.566 375.663 404.062 393.680 360.590
580 316.000 327.060 325.241 326.870 335.854 336.163 326.594 324.119 324.054 330.902 329.184
581 459.000 428.210 406.050 434.075 424.257 427.420 423.901 426.015 420.048 426.278 439.721
582 335.000 332.603 325.157 332.599 327.012 335.224 325.622 339.592 334.073 330.594 331.535
583 332.000 336.030 336.753 331.879 338.899 332.507 336.913 334.833 339.430 342.161 336.357
584 459.000 485.822 469.984 492.795 472.682 479.814 481.031 471.218 467.367 471.421 477.746
585 396.000 410.757 409.569 413.415 405.503 412.370 414.770 404.194 407.541 409.798 419.962
586 489.000 486.610 487.394 479.358 482.943 485.543 476.412 494.800 480.188 481.531 469.936
587 417.000 420.689 424.396 422.154 444.081 420.516 434.857 423.359 418.487 437.861 450.627
588 404.000 395.198 394.260 396.464 401.942 400.261 400.714 395.469 398.554 396.100 393.168
589 400.000 428.192 425.257 432.626 425.175 423.904 430.528 423.622 422.703 429.587 433.432
590 357.000 348.184 341.908 358.496 352.314 352.426 355.829 352.503 354.235 354.368 356.397
591 437.000 448.440 435.064 461.056 450.808 431.502 429.777 437.480 444.424 455.641 451.024
592 542.000 547.872 545.403 548.608 558.733 544.585 551.234 547.773 544.094 552.505 556.850
593 419.000 418.447 418.954 422.205 420.005 421.150 421.158 417.115 417.332 420.221 418.319
594 350.000 337.653 331.848 327.734 330.222 347.297 355.508 348.517 357.293 337.790 334.344
595 424.000 429.071 438.648 435.909 427.105 428.043 432.091 429.162 416.573 426.376 435.751
596 443.000 444.443 455.332 452.599 455.421 459.213 460.878 444.860 445.437 461.715 438.853
597 439.000 434.622 426.653 436.164 429.931 431.909 444.189 430.778 436.701 442.475 434.968
598 324.000 319.581 318.379 320.238 316.779 316.608 319.293 317.076 313.714 318.115 317.938
599 311.000 345.627 357.360 348.095 352.928 351.047 357.193 356.977 358.855 349.652 365.228
600 331.000 334.612 335.254 339.276 338.624 337.540 337.280 340.320 336.287 338.908 336.566
601 428.000 407.102 406.434 404.448 398.986 399.067 408.885 410.309 408.173 404.257 405.842
602 400.000 421.696 423.512 421.293 423.285 419.225 424.264 425.461 418.768 424.861 420.606
603 309.000 321.464 319.553 314.674 319.351 318.761 317.068 318.721 325.048 319.781 324.721
604 375.000 366.733 364.722 375.999 358.442 363.816 364.355 362.033 362.927 365.351 367.232
605 450.000 428.358 428.903 429.375 436.488 430.404 437.904 425.743 431.775 436.200 432.665
606 388.000 395.065 390.613 398.150 400.114 389.134 401.721 393.955 394.685 391.869 395.207
607 323.000 379.572 370.692 382.384 380.741 374.741 384.528 352.253 367.454 365.065 380.058
608 448.000 434.307 429.277 426.599 436.925 425.975 437.479 433.220 431.098 437.773 436.200
609 372.000 379.863 379.976 373.198 378.564 360.106 383.637 379.443 368.258 359.945 385.511
610 328.000 326.417 328.785 324.417 328.758 331.241 332.666 331.581 330.945 332.984 330.685
611 460.000 444.108 444.158 446.874 443.701 442.973 433.667 438.883 437.651 441.563 453.296
612 504.000 478.876 502.556 483.701 479.723 505.222 455.293 502.767 489.826 461.049 493.016
613 433.000 440.561 435.918 439.536 452.983 427.792 434.173 428.631 444.827 429.015 433.039
614 564.000 580.819 580.269 587.053 582.405 578.168 573.823 577.060 575.736 584.317 582.703
615 439.000 387.850 376.316 379.040 385.945 368.213 375.402 386.856 400.562 365.326 362.771
616 440.000 446.688 458.506 450.722 445.677 445.388 448.826 442.421 440.404 442.116 457.160
617 484.000 485.413 486.859 487.130 485.361 490.552 479.722 484.339 488.348 488.427 492.233
618 396.000 394.293 403.855 407.486 395.488 403.724 398.290 403.953 397.515 391.964 391.086
619 435.000 403.381 405.687 414.876 419.506 416.236 417.488 412.395 414.949 410.614 419.360
620 397.000 402.512 420.293 395.812 403.078 385.121 391.962 393.530 386.774 388.104 387.512
621 420.000 419.145 416.527 418.769 419.065 419.225 420.040 418.860 417.173 423.707 416.398
622 408.000 413.265 442.191 437.495 439.880 420.737 427.626 442.482 387.665 403.240 433.926
623 437.000 424.869 422.774 436.544 437.681 433.848 449.355 437.408 442.679 432.723 435.640
624 406.000 375.649 393.296 399.192 368.290 389.332 387.690 387.947 363.406 375.553 380.159
625 393.000 359.532 376.092 387.841 388.774 385.769 364.630 383.524 391.658 397.839 391.729
626 452.000 428.532 426.545 427.072 426.924 413.380 431.940 424.757 434.112 434.533 424.499
627 466.000 429.511 434.111 442.767 443.019 461.979 432.905 451.441 446.317 492.951 420.066
628 410.000 396.036 397.203 404.873 398.900 391.449 420.079 386.860 410.082 398.015 382.597
629 447.000 436.413 427.565 432.332 430.023 430.829 422.865 443.444 430.637 436.806 425.219
630 487.000 454.528 436.782 445.001 441.001 450.947 446.272 456.147 440.127 436.585 448.217
631 420.000 458.068 456.147 455.281 452.697 441.824 465.433 455.983 444.691 469.496 466.443
632 565.000 569.076 573.221 562.276 568.797 574.263 563.741 560.680 566.185 563.550 567.059
633 309.000 311.353 314.156 315.760 315.295 312.238 314.141 320.608 316.681 317.296 315.552
634 437.000 441.763 423.853 419.253 424.137 436.920 436.478 428.484 426.045 432.262 443.687
635 481.000 467.532 466.102 461.238 458.223 468.861 463.286 466.102 456.296 451.563 456.030
636 390.000 385.757 387.915 387.983 393.337 389.134 389.033 394.893 389.559 389.973 396.715
637 329.000 335.394 332.082 333.820 333.450 333.136 332.487 334.065 337.220 332.331 334.124
638 349.000 351.995 355.601 355.101 356.599 356.089 353.237 352.018 353.912 355.782 350.443
639 336.000 324.754 332.566 328.161 324.248 326.457 329.668 323.833 325.264 331.919 329.773
640 550.000 493.314 495.000 503.297 513.479 521.550 511.877 499.492 479.965 517.694 539.165
641 315.000 315.958 318.079 317.751 320.449 319.964 317.882 319.250 314.222 320.421 319.866
642 420.000 424.849 422.808 434.870 428.598 426.062 420.988 429.459 423.011 438.751 422.287
643 466.000 436.239 456.511 461.201 454.808 444.783 450.696 456.974 455.210 447.211 458.662
644 315.000 335.679 342.195 340.333 329.563 350.166 346.638 354.069 347.165 334.274 331.594
645 345.000 372.255 382.867 366.230 369.123 372.340 371.784 366.140 362.762 366.721 376.616
646 451.000 432.091 432.947 423.704 429.906 435.826 430.763 433.989 426.045 436.404 434.999
647 337.000 370.287 381.801 367.752 363.313 370.487 402.772 401.100 382.146 389.079 392.971
648 439.000 420.942 425.468 405.789 423.502 426.361 418.727 413.736 420.656 418.544 429.349
649 330.000 319.049 317.609 316.197 317.341 321.359 319.876 316.359 318.758 311.533 314.427
650 538.000 545.409 547.649 555.636 541.114 545.677 540.927 538.550 537.652 535.249 536.906
651 326.000 353.542 360.185 352.562 355.476 357.057 354.584 352.776 355.468 372.233 357.191
652 392.000 435.576 422.070 398.784 392.391 406.431 402.955 403.233 438.930 400.444 421.611
653 366.000 398.854 425.297 453.749 399.772 446.977 435.780 411.637 418.609 417.704 417.150
654 318.000 342.034 336.697 334.995 324.816 333.381 336.285 333.095 328.608 332.632 336.381
655 561.000 527.099 526.975 537.893 521.093 520.806 547.084 529.271 538.759 545.536 510.455
656 436.000 444.766 446.038 451.001 443.872 444.043 432.929 438.921 448.807 430.784 445.635
657 463.000 441.097 437.189 446.872 439.702 435.125 433.177 443.843 439.200 437.967 438.676
658 348.000 356.621 357.233 356.910 357.208 354.023 352.380 353.809 357.389 355.539 354.000
659 313.000 332.480 329.932 323.978 329.186 330.665 323.739 329.543 327.000 333.166 331.453
660 451.000 431.487 445.287 421.282 433.095 431.329 432.325 445.453 432.689 434.690 437.333
661 384.000 385.121 386.313 381.042 381.989 393.443 380.088 392.468 389.993 380.593 384.672
662 459.000 430.550 412.155 417.229 436.090 430.090 418.522 427.395 445.911 433.778 421.108
663 421.000 341.865 334.187 346.907 333.711 341.069 332.995 339.813 349.924 352.633 345.835
664 481.000 463.498 463.039 458.560 463.422 465.984 467.468 458.711 460.822 463.541 461.394
665 320.000 329.171 331.739 330.204 324.763 327.647 334.163 336.442 334.136 330.160 325.164
666 310.000 369.717 370.040 392.563 378.069 377.324 373.654 373.070 372.029 383.130 375.141
667 402.000 409.661 413.294 410.463 413.744 413.596 414.349 413.117 412.489 412.702 411.087
668 530.000 411.054 427.731 428.665 409.910 388.656 397.070 415.976 408.780 411.862 413.664
669 583.000 547.270 552.420 553.648 562.581 541.952 545.130 549.527 545.074 540.821 549.135
670 421.000 421.287 430.027 424.084 421.585 422.076 427.924 421.860 427.783 417.637 417.941
671 415.000 418.502 416.527 418.769 421.663 420.234 420.174 422.513 417.433 417.549 416.398
672 387.000 387.237 395.334 387.983 395.256 387.237 388.647 392.567 393.527 391.613 388.386
673 584.000 574.140 569.754 585.438 568.086 568.585 577.372 571.972 579.064 580.399 559.205
674 307.000 337.285 338.474 342.658 336.881 335.455 336.974 336.367 338.681 343.201 338.529
675 424.000 411.314 414.585 414.870 418.324 413.563 416.976 413.924 421.599 411.615 414.436
676 449.000 467.835 482.095 478.206 474.686 471.794 478.101 488.372 491.631 487.780 468.445
677 610.000 489.367 500.972 483.856 483.247 460.940 499.653 489.660 478.703 465.877 499.571
678 505.000 500.604 512.701 531.676 505.397 516.316 513.578 512.909 506.786 522.534 511.289
679 408.000 395.901 398.332 395.963 394.803 397.005 397.633 400.541 399.651 396.160 388.440
680 377.000 366.634 367.357 352.518 370.168 369.190 356.880 365.631 359.439 370.810 370.067
681 502.000 427.983 433.128 386.852 417.594 414.273 430.137 376.793 425.302 433.075 432.034
682 319.000 361.894 340.596 365.983 346.087 335.560 343.554 348.387 340.726 344.755 337.187
683 394.000 399.610 402.513 405.517 393.941 401.443 401.152 396.279 397.683 401.096 398.800
684 290.000 325.723 326.983 330.332 332.622 328.330 331.007 324.525 330.561 333.569 331.979
685 407.000 420.603 418.954 419.503 418.625 422.016 417.380 419.871 415.060 420.307 420.914
686 444.000 408.463 427.598 427.680 428.391 427.279 424.888 423.166 427.594 439.125 445.396
687 322.000 359.290 357.004 377.985 351.909 366.789 361.096 384.907 358.951 361.627 358.610
688 331.000 325.791 343.853 338.809 340.963 341.774 335.348 331.656 331.987 331.758 339.972
689 402.000 379.223 381.349 388.923 384.329 398.071 386.992 376.224 393.096 392.137 384.097
690 320.000 329.362 330.798 336.044 332.668 328.881 330.259 333.982 335.567 329.959 331.387
691 386.000 366.259 367.922 371.325 371.217 368.886 366.812 365.198 370.391 368.321 365.688
692 364.000 439.457 421.765 422.539 413.302 412.303 412.517 428.383 440.766 417.923 421.166
693 328.000 350.137 337.433 333.790 352.383 344.796 340.669 335.691 360.164 350.161 336.845
694 312.000 327.969 334.939 326.209 324.361 318.389 331.469 329.195 331.193 328.907 337.373
695 378.000 361.460 362.278 362.008 355.809 355.651 352.483 355.634 357.071 361.296 354.204
696 331.000 329.480 334.285 333.805 336.205 332.687 333.231 334.673 326.576 331.182 333.786
697 330.000 340.697 337.900 333.330 333.658 334.023 344.353 337.907 335.490 334.406 341.932
698 451.000 439.799 431.764 450.834 450.867 432.327 434.278 444.826 443.706 455.881 449.769
699 313.000 421.725 402.421 411.761 395.131 420.362 405.197 398.425 454.592 415.697 411.687
700 408.000 411.940 405.175 409.331 410.034 409.623 412.027 411.841 409.063 409.083 406.163
701 440.000 442.789 439.589 445.607 443.895 425.222 441.132 441.371 440.915 441.482 438.640
702 375.000 386.810 382.822 399.293 388.803 383.848 382.879 389.631 383.476 389.985 383.353
703 462.000 437.402 448.030 446.237 441.493 442.973 435.050 437.438 440.454 451.337 449.956
704 450.000 436.558 440.116 417.948 428.095 438.186 438.950 437.957 438.346 442.274 439.109
705 417.000 410.845 415.917 409.851 410.345 409.300 413.785 412.852 411.413 411.042 409.859
706 452.000 431.130 435.088 454.594 450.488 445.210 454.056 427.867 440.559 440.317 438.853
707 526.000 510.522 521.860 504.128 506.785 512.158 508.799 500.598 511.765 512.885 495.602
708 460.000 447.139 426.713 436.777 442.040 451.885 424.492 441.236 442.747 418.705 430.776
709 428.000 435.300 438.959 419.457 433.163 433.226 441.609 441.835 435.189 438.858 432.411
710 310.000 315.521 314.394 316.197 318.414 319.964 318.348 315.986 315.906 317.483 316.603
711 412.000 422.613 422.543 430.334 422.917 418.300 419.948 431.586 411.060 421.633 413.517
712 320.000 331.269 349.424 337.126 336.643 336.852 337.971 338.219 341.790 342.401 332.991
713 468.000 464.104 476.510 466.554 466.457 469.020 452.737 473.762 470.468 466.992 471.072
714 316.000 357.397 372.020 364.062 368.417 361.891 357.047 359.368 343.514 361.442 352.667
715 602.000 595.844 597.842 598.939 600.597 603.001 594.862 600.039 595.868 602.539 599.109
716 328.000 381.417 366.379 375.035 396.337 362.789 367.600 385.360 407.486 377.819 363.279
717 579.000 539.041 515.829 538.162 543.585 543.599 546.696 534.088 543.196 542.515 536.323
718 354.000 355.035 355.560 353.257 355.482 356.168 352.380 358.321 354.217 356.029 356.441
