data_index lambdaa.observed lambdaa.predicted.repeat1 lambdaa.predicted.repeat2 lambdaa.predicted.repeat3 lambdaa.predicted.repeat4 lambdaa.predicted.repeat5 lambdaa.predicted.repeat6 lambdaa.predicted.repeat7 lambdaa.predicted.repeat8 lambdaa.predicted.repeat9 lambdaa.predicted.repeat10
1 342.000 356.021 337.542 342.874 355.579 348.166 348.275 348.230 354.749 333.102 340.079
2 336.000 333.608 327.406 325.014 348.860 350.961 367.141 335.083 357.028 357.528 368.023
3 434.000 427.482 433.781 441.992 413.075 415.228 417.381 436.271 437.312 461.317 441.254
4 320.000 325.953 331.962 328.892 326.710 318.689 323.481 335.928 330.781 325.632 327.363
5 317.000 319.191 322.487 319.439 330.891 334.719 333.051 328.566 320.320 329.980 329.139
6 432.000 448.142 443.402 444.893 444.468 447.503 446.753 450.901 453.848 444.570 443.308
7 419.000 424.003 427.539 438.219 423.458 412.686 433.305 425.980 423.677 413.284 419.932
8 554.000 559.608 556.243 569.222 529.483 552.281 553.645 551.785 543.488 554.683 546.628
9 438.000 500.357 503.755 474.452 492.785 478.458 484.767 498.002 497.296 521.161 481.869
10 315.000 327.983 336.645 334.610 349.499 316.454 351.701 343.562 336.676 324.257 322.480
11 325.000 333.188 332.442 321.982 318.872 323.842 331.732 324.209 322.222 321.394 318.600
12 492.000 391.147 390.400 428.560 405.782 418.521 428.815 383.087 371.465 424.881 431.019
13 370.000 354.080 360.957 358.864 361.018 355.279 358.978 369.994 384.462 356.793 365.650
14 424.000 429.474 422.368 422.838 419.483 421.037 412.638 421.655 416.607 421.383 421.800
15 400.000 395.239 397.714 395.998 397.954 396.891 396.144 396.398 395.837 398.471 393.631
16 406.000 405.025 402.496 404.745 403.442 399.753 404.234 401.900 393.528 406.395 406.898
17 429.000 432.149 432.360 435.607 439.226 443.678 441.940 440.761 436.230 433.642 435.155
18 450.000 465.654 475.216 439.519 443.525 444.336 452.206 444.478 471.561 492.883 442.873
19 342.000 359.376 362.852 363.703 378.298 354.105 344.664 357.436 375.611 364.389 362.725
20 302.000 409.763 421.806 412.630 402.043 426.916 410.761 418.776 397.833 391.950 400.049
21 437.000 445.209 438.702 449.618 442.842 447.728 437.546 441.605 436.889 435.865 429.380
22 407.000 405.122 404.240 405.192 406.827 406.917 406.817 425.977 405.475 406.101 406.745
23 384.000 404.490 389.941 389.004 385.723 392.191 387.647 384.453 387.906 386.442 385.563
24 371.000 385.283 381.087 398.962 367.213 383.189 398.058 410.610 394.032 407.909 374.861
25 417.000 373.290 385.503 366.234 364.979 385.021 376.430 378.405 369.607 386.999 385.327
26 425.000 420.385 419.902 420.899 428.796 418.551 427.683 428.459 428.256 428.935 420.303
27 350.000 329.284 326.922 336.336 342.299 342.490 322.979 341.337 341.385 327.211 341.403
28 444.000 426.069 431.039 428.251 410.438 422.911 427.968 425.944 440.130 423.436 435.746
29 379.000 458.972 464.019 456.943 437.414 438.297 448.587 446.254 407.002 442.788 465.249
30 400.000 410.682 411.246 412.980 410.625 410.325 414.693 425.977 412.897 409.770 410.872
31 378.000 398.470 395.686 411.526 397.603 384.703 415.490 381.380 361.931 398.727 411.931
32 364.000 374.937 381.351 365.444 383.637 379.882 369.026 369.778 389.881 365.263 385.763
33 360.000 357.802 358.939 347.339 354.542 354.464 345.731 348.088 351.617 349.420 350.033
34 382.000 400.326 403.395 387.850 394.614 413.930 406.354 411.523 379.879 394.651 395.309
35 527.000 507.892 516.630 498.522 508.928 516.356 498.441 474.420 458.539 490.558 457.037
36 408.000 407.906 407.184 408.092 409.000 409.356 408.371 408.723 406.307 405.293 408.271
37 421.000 410.521 398.960 483.671 458.212 437.833 435.415 399.620 472.855 415.353 399.371
38 346.000 338.296 343.529 333.329 337.024 335.908 335.295 334.740 338.216 354.457 344.746
39 478.000 535.116 540.109 540.972 542.667 549.382 549.283 526.517 558.073 551.385 544.049
40 420.000 414.303 423.630 436.989 421.669 422.666 421.816 427.510 419.197 426.837 432.497
41 430.000 439.287 432.161 444.528 446.794 443.889 441.607 435.852 449.928 436.741 441.571
42 623.000 575.653 559.574 571.568 562.560 566.755 569.847 577.047 565.077 575.209 568.644
43 457.000 475.061 442.580 452.957 445.613 445.479 448.356 443.592 454.063 443.598 447.599
44 424.000 466.483 431.348 419.622 425.303 441.056 425.565 415.077 405.417 485.643 419.786
45 456.000 434.695 452.114 437.236 437.260 428.241 433.591 426.649 431.374 445.318 443.795
46 411.000 420.956 417.898 391.062 405.845 403.032 401.264 414.812 416.678 397.632 408.560
47 413.000 429.598 432.315 450.608 429.663 431.188 422.958 418.199 421.683 438.224 438.416
48 332.000 326.629 328.575 331.172 327.504 348.820 342.133 330.152 336.257 326.251 344.994
49 489.000 488.370 487.942 485.848 487.789 488.400 489.051 488.440 489.099 490.642 496.401
50 425.000 427.878 437.932 425.332 431.492 425.438 425.458 422.932 435.054 430.252 429.204
51 359.000 363.378 372.368 366.771 356.968 363.032 351.646 365.261 355.895 359.681 354.142
52 418.000 415.553 422.905 422.676 421.955 415.629 417.646 414.300 417.553 421.073 420.870
53 325.000 322.902 335.222 338.438 331.151 336.595 332.978 333.385 332.308 326.055 334.560
54 447.000 464.078 447.770 448.151 448.807 423.489 441.497 448.438 448.512 438.873 452.813
55 464.000 463.942 471.906 488.137 501.827 479.822 491.852 494.999 458.349 500.682 493.786
56 431.000 424.110 429.277 421.632 423.328 415.390 427.381 428.553 419.469 427.721 419.733
57 332.000 344.151 349.731 345.811 352.813 344.787 347.761 360.718 343.546 338.415 343.839
58 329.000 392.935 413.186 422.908 403.912 414.911 407.996 422.003 419.490 412.385 402.635
59 315.000 352.664 350.354 350.966 356.324 368.953 364.521 357.664 369.507 360.794 357.823
60 396.000 397.493 396.320 404.573 411.641 393.371 403.381 405.799 403.605 411.733 401.625
61 390.000 382.312 377.644 372.849 377.380 370.431 382.679 368.316 376.166 370.796 367.241
62 423.000 420.113 423.577 432.947 438.104 421.906 426.891 432.140 422.237 428.579 427.425
63 430.000 457.188 438.258 468.415 443.480 442.417 442.202 437.073 442.023 447.194 448.934
64 429.000 425.964 427.348 430.506 426.385 417.498 429.417 435.482 414.118 414.603 423.907
65 467.000 440.241 447.030 441.430 446.353 443.310 439.993 441.740 445.007 446.339 444.421
66 602.000 573.425 576.799 570.593 573.002 563.571 582.189 579.913 546.801 572.430 571.724
67 461.000 444.580 420.077 465.409 468.051 448.032 443.049 451.822 441.199 443.487 441.079
68 342.000 341.589 340.452 343.559 341.580 341.572 338.601 342.429 336.911 341.219 340.490
69 545.000 511.507 477.070 489.440 512.681 497.798 486.488 490.936 498.269 493.131 505.142
70 415.000 424.152 426.941 411.885 416.310 428.772 423.984 431.718 430.615 436.077 424.797
71 365.000 363.373 379.027 361.376 366.711 366.116 376.377 371.102 377.359 368.880 376.997
72 429.000 451.996 444.810 441.190 446.616 476.337 465.821 445.119 445.584 444.437 437.176
73 336.000 332.230 332.272 330.524 333.480 331.747 333.214 331.473 334.969 334.444 331.202
74 302.000 306.846 330.786 306.418 319.736 314.647 324.511 312.979 315.808 313.775 316.054
75 426.000 438.727 435.930 436.681 436.902 437.783 443.078 429.098 437.713 438.238 441.252
76 364.000 377.033 378.652 365.583 364.372 386.307 375.308 373.819 369.623 360.236 382.686
77 451.000 419.000 421.221 419.190 420.926 419.395 417.129 424.380 420.769 417.412 417.363
78 573.000 551.848 566.611 587.075 565.533 574.575 574.064 576.491 575.603 581.902 573.336
79 447.000 449.708 446.802 447.121 447.783 447.215 447.479 446.198 449.499 443.699 447.488
80 322.000 341.909 350.511 337.864 338.470 339.601 337.540 354.584 339.186 348.077 352.887
81 586.000 583.665 591.997 588.221 584.371 550.212 565.846 565.499 578.440 581.634 577.996
82 459.000 441.633 435.625 435.334 444.099 455.423 446.510 458.877 442.099 440.253 444.534
83 405.000 408.839 409.353 422.162 413.140 429.658 441.514 433.549 430.260 416.298 417.781
84 434.000 432.378 429.932 434.091 441.402 431.289 430.024 436.135 436.194 438.242 436.832
85 441.000 446.711 451.856 451.377 454.151 439.604 459.582 459.617 455.792 442.738 449.431
86 403.000 405.845 404.328 403.826 407.525 409.919 403.964 406.328 406.652 407.971 409.500
87 450.000 443.569 435.738 427.216 433.389 433.947 431.886 426.546 441.060 439.335 438.901
88 372.000 358.235 350.359 347.974 360.204 355.400 343.720 349.775 364.327 351.188 356.506
89 400.000 403.464 415.989 439.349 438.358 445.704 423.186 446.275 429.809 441.268 424.115
90 545.000 549.150 544.616 546.551 543.742 538.504 540.318 534.771 543.115 544.653 547.412
91 411.000 385.490 388.694 398.162 412.654 401.972 370.304 385.410 392.022 387.481 407.871
92 344.000 331.208 330.190 343.722 330.635 335.364 337.164 342.958 333.989 332.063 336.204
93 502.000 544.961 516.956 530.458 506.804 513.303 524.799 524.585 521.528 530.523 505.074
94 401.000 410.161 403.998 427.397 441.262 403.744 421.139 404.460 408.749 440.291 416.122
95 407.000 405.524 413.580 409.757 401.272 406.123 413.392 408.151 410.723 408.702 407.974
96 444.000 432.409 433.772 434.119 436.157 433.599 444.309 437.291 437.215 444.837 439.127
97 321.000 350.205 328.609 320.482 323.920 327.259 331.289 334.677 356.007 323.226 324.000
98 584.000 584.530 584.935 587.093 588.948 583.850 579.850 586.406 593.047 583.763 585.989
99 480.000 482.456 488.199 497.339 571.376 494.957 482.179 482.727 485.791 493.382 565.898
100 510.000 493.756 477.712 499.444 495.025 463.714 465.250 480.740 491.252 484.800 463.554
101 408.000 413.025 417.892 415.784 406.746 413.744 400.223 408.456 418.259 414.480 413.691
102 323.000 332.608 322.068 331.524 333.013 341.619 328.747 331.916 334.289 341.760 325.620
103 438.000 457.500 429.446 433.813 429.614 450.787 433.664 431.232 418.650 429.410 447.938
104 417.000 418.594 418.102 419.123 419.271 417.781 414.490 417.685 416.240 418.554 420.739
105 429.000 431.671 430.536 439.785 435.548 432.939 437.963 440.427 440.295 444.335 422.852
106 434.000 421.529 420.434 423.853 424.061 417.918 437.624 428.177 421.810 418.628 418.354
107 442.000 430.897 441.215 433.009 432.966 431.910 428.039 435.998 436.290 426.075 438.448
108 410.000 411.371 411.306 412.098 414.625 414.305 411.313 414.458 409.784 411.384 413.266
109 335.000 399.812 389.360 372.548 406.307 392.706 409.429 368.415 399.040 385.255 366.877
110 515.000 490.261 466.408 526.661 502.196 526.389 510.202 495.053 503.328 520.690 526.625
111 400.000 401.164 394.292 396.577 396.890 402.774 398.533 398.684 400.800 399.922 394.401
112 429.000 439.077 431.399 438.160 435.551 436.588 431.709 437.324 430.641 434.580 439.040
113 432.000 462.915 452.147 463.604 472.821 456.007 461.896 463.408 461.341 469.264 456.018
114 335.000 330.560 326.620 329.476 329.403 330.048 328.044 329.277 329.222 328.987 329.391
115 395.000 404.876 406.759 389.965 424.023 393.264 411.452 398.894 420.429 417.653 408.645
116 341.000 360.468 357.991 368.497 360.640 357.652 360.545 359.855 361.214 372.413 358.234
117 425.000 417.394 419.257 421.921 429.100 431.776 416.434 425.158 424.557 425.750 426.306
118 351.000 358.294 363.065 355.048 369.561 367.380 357.743 362.784 358.760 362.129 371.848
119 315.000 312.339 313.241 311.574 313.812 310.307 314.492 314.818 312.818 312.134 313.208
120 320.000 349.072 333.388 379.461 390.624 379.409 357.539 337.692 369.012 355.615 350.742
121 588.000 578.965 582.821 581.374 576.427 572.656 590.898 587.518 586.704 572.798 585.107
122 469.000 441.718 468.097 438.054 470.802 424.257 451.084 466.895 432.024 458.343 458.162
123 321.000 335.467 343.939 358.705 358.521 351.241 343.443 342.568 350.458 329.627 352.662
124 310.000 427.771 432.363 369.809 432.120 420.307 441.067 389.290 419.643 396.080 387.571
125 362.000 322.122 348.150 333.908 318.406 322.926 322.889 318.023 331.648 335.208 318.781
126 332.000 391.155 384.598 364.701 353.038 379.096 369.050 360.178 386.724 366.836 369.663
127 307.000 331.088 340.542 344.373 348.743 357.155 339.831 359.504 352.703 321.862 358.771
128 400.000 394.972 400.197 398.027 395.211 396.505 395.712 394.809 397.529 397.074 395.458
129 490.000 474.097 490.419 464.176 486.356 474.781 465.615 474.184 491.397 477.610 500.232
130 354.000 350.029 338.986 343.723 342.363 343.083 346.481 345.421 352.771 349.458 348.261
131 326.000 338.304 340.388 344.277 346.719 338.439 338.110 331.129 334.047 346.960 331.293
132 326.000 345.902 346.604 343.822 356.069 340.702 350.453 342.474 326.487 343.148 350.615
133 409.000 418.217 416.540 410.874 423.525 430.798 408.336 421.039 419.559 415.109 413.657
134 562.000 477.039 449.080 451.843 460.444 449.061 445.659 474.795 465.630 457.381 423.352
135 332.000 357.240 352.563 349.024 361.928 358.659 353.109 372.349 351.323 355.840 344.939
136 472.000 444.478 462.622 456.398 463.197 453.193 452.162 463.125 455.671 457.721 455.638
137 405.000 426.239 414.684 413.496 415.188 411.129 413.253 427.605 427.754 413.348 410.077
138 394.000 401.088 396.495 400.927 402.164 400.003 399.862 405.167 400.517 404.195 391.538
139 324.000 331.800 330.106 324.694 327.803 326.798 328.162 329.531 324.062 326.449 336.944
140 555.000 556.357 571.693 557.033 564.049 568.516 562.804 554.684 565.310 564.259 563.994
141 324.000 317.835 321.076 315.980 315.052 319.133 322.546 319.540 321.711 322.430 317.724
142 422.000 421.149 411.832 411.720 412.291 444.458 432.534 414.492 416.303 416.706 422.950
143 429.000 424.286 406.201 403.877 416.537 421.731 402.861 413.945 410.749 408.358 414.762
144 314.000 320.140 326.728 329.262 350.487 369.274 365.918 347.917 328.779 326.127 325.923
145 445.000 435.646 442.117 424.630 453.500 431.352 398.501 430.870 427.496 434.163 439.218
146 420.000 410.380 416.947 411.596 413.143 412.688 415.284 411.068 411.667 405.983 410.336
147 350.000 343.268 344.658 353.070 347.866 344.734 339.644 349.505 343.199 348.881 349.523
148 381.000 388.704 390.431 368.420 385.141 388.848 387.305 380.918 390.212 390.549 387.127
149 340.000 347.524 362.816 354.456 360.015 358.209 352.827 359.977 355.085 343.778 346.280
150 462.000 474.184 465.579 454.019 476.126 466.955 457.042 466.259 456.964 467.264 466.643
151 545.000 537.332 535.443 528.047 547.423 537.685 543.053 546.658 543.857 526.462 523.640
152 401.000 412.291 416.012 379.064 406.450 393.703 403.542 414.429 406.332 400.029 402.582
153 450.000 493.221 514.971 513.946 502.033 510.289 479.471 526.199 506.482 508.601 516.360
154 495.000 476.717 542.333 485.909 506.612 498.923 491.026 498.596 490.049 490.721 495.221
155 415.000 400.306 434.846 411.762 430.366 416.386 436.471 426.222 395.181 421.663 442.854
156 580.000 532.465 517.687 506.602 531.112 526.581 516.993 525.645 504.060 491.525 529.938
157 412.000 400.941 410.107 396.806 400.791 400.677 403.263 407.466 399.365 411.284 399.273
158 446.000 494.206 453.353 511.563 475.231 490.176 479.353 494.272 505.642 465.009 470.548
159 330.000 333.800 329.746 341.872 325.706 326.400 326.697 331.949 325.380 331.131 323.568
160 325.000 327.686 318.164 320.267 338.606 328.053 338.599 324.738 343.979 330.772 348.800
161 316.000 339.512 322.648 365.334 338.586 345.743 341.755 348.646 347.376 316.569 358.891
162 408.000 407.401 408.820 407.353 401.108 407.923 405.216 405.764 402.823 407.341 414.211
163 428.000 423.768 404.977 404.204 407.065 406.426 405.093 397.924 400.086 409.526 407.952
164 396.000 471.286 499.451 479.829 486.093 477.253 471.500 480.279 492.240 500.023 470.131
165 385.000 348.865 360.857 350.581 357.048 346.079 362.421 352.242 356.694 350.981 351.947
166 335.000 336.605 334.738 336.699 334.454 332.395 330.506 334.159 334.074 333.815 334.848
167 339.000 336.439 331.229 334.411 333.319 331.937 330.684 329.650 333.226 331.273 332.062
168 419.000 436.104 440.411 436.724 437.951 440.493 441.109 428.255 422.486 434.521 432.291
169 321.000 315.106 312.528 311.381 314.485 312.060 312.997 312.971 309.854 313.436 313.168
170 419.000 420.047 422.080 423.374 416.118 412.529 422.477 418.800 419.377 418.714 419.465
171 423.000 435.391 433.608 430.674 422.619 434.155 425.502 432.450 439.976 429.406 439.335
172 416.000 414.607 432.639 423.704 417.485 421.094 417.191 424.529 411.984 424.107 413.007
173 434.000 417.677 416.789 416.644 422.318 417.802 417.485 415.506 420.770 416.378 406.481
174 329.000 337.047 349.317 338.028 325.469 334.383 331.974 325.194 339.324 356.385 337.360
175 450.000 444.796 431.769 447.032 425.677 428.986 436.775 429.509 431.277 433.518 434.489
176 333.000 327.699 317.068 321.811 329.538 319.614 325.385 330.790 323.644 328.152 334.862
177 420.000 435.928 435.723 425.865 430.260 413.822 407.863 434.351 427.503 440.698 441.882
178 315.000 323.982 319.586 328.216 323.245 319.350 337.514 320.951 340.819 323.324 331.929
179 349.000 343.317 353.768 342.380 348.922 349.373 349.447 336.217 349.964 339.418 386.360
180 431.000 414.816 405.139 421.961 405.938 409.608 407.178 411.068 421.456 410.703 407.858
181 407.000 402.244 399.738 400.863 396.961 400.356 397.201 402.368 397.133 404.704 401.025
182 424.000 419.899 421.852 422.221 418.857 416.700 417.544 419.799 419.161 417.837 421.962
183 425.000 415.734 430.134 425.880 424.197 447.077 435.027 426.126 425.040 432.711 425.192
184 588.000 585.493 587.471 593.098 593.662 592.453 589.648 586.092 583.656 567.794 575.352
185 332.000 342.792 337.952 332.895 336.127 332.438 344.242 352.078 347.570 326.448 329.565
186 379.000 423.536 416.321 407.901 420.481 418.614 416.745 421.102 410.940 422.034 434.259
187 586.000 553.699 580.732 582.011 587.594 584.596 584.263 578.218 584.122 588.293 576.312
188 528.000 550.396 528.200 537.545 509.525 504.657 515.790 539.361 510.639 539.886 531.336
189 425.000 419.304 423.958 436.217 444.437 421.689 439.190 437.263 440.630 429.331 424.208
190 398.000 396.645 371.259 395.162 395.505 396.937 393.984 401.519 384.285 395.341 395.043
191 492.000 481.926 491.340 482.723 502.634 483.180 489.240 487.921 488.718 502.557 494.738
192 395.000 400.257 404.078 402.628 403.086 401.789 401.375 403.474 402.220 400.161 408.002
193 503.000 459.798 458.684 432.882 462.219 463.949 461.586 435.206 460.239 431.983 472.785
194 402.000 413.404 409.555 410.722 414.758 414.857 414.772 412.567 408.957 412.941 410.575
195 316.000 326.139 328.284 327.155 326.110 328.324 324.832 327.813 325.233 326.838 331.199
196 537.000 518.183 522.001 525.211 528.201 520.694 533.776 511.947 533.489 533.491 533.779
197 426.000 416.719 418.160 427.114 417.387 427.244 418.310 424.870 424.389 421.864 435.722
198 414.000 447.948 441.313 448.637 441.975 444.823 444.245 445.715 442.103 446.796 445.941
199 460.000 498.655 495.066 488.686 574.389 508.108 497.830 503.007 526.999 488.924 567.782
200 438.000 442.231 446.966 447.796 443.805 439.549 459.069 447.483 439.946 444.382 445.790
201 418.000 425.909 424.571 423.720 427.201 427.233 416.855 430.467 423.257 419.689 425.490
202 432.000 382.270 396.672 366.627 398.449 378.773 380.096 377.460 393.592 376.155 394.024
203 422.000 407.435 428.323 434.822 428.370 434.488 427.087 430.063 430.092 431.918 408.304
204 450.000 428.227 426.580 428.338 421.034 411.176 420.352 429.538 422.908 431.674 416.950
205 362.000 354.271 363.734 351.683 357.775 366.989 372.919 361.632 377.851 364.800 369.127
206 500.000 450.465 452.997 452.121 448.739 478.390 458.500 471.587 477.646 483.311 488.180
207 361.000 374.664 392.082 376.680 364.371 364.069 369.010 356.383 386.187 383.327 377.677
208 439.000 434.476 419.386 410.108 429.036 432.571 422.123 421.166 429.560 421.862 426.266
209 382.000 447.532 477.330 465.423 428.619 469.681 446.387 439.698 448.252 455.231 458.523
210 446.000 430.647 440.548 447.731 429.718 454.077 444.863 477.294 442.782 461.117 450.839
211 420.000 443.021 443.154 441.594 442.998 441.463 417.129 443.035 420.769 446.999 442.828
212 420.000 417.421 421.154 439.434 421.575 420.003 427.202 424.127 424.458 424.964 423.787
213 488.000 423.711 423.879 425.220 404.998 425.500 429.653 421.415 419.415 403.155 430.367
214 395.000 404.294 404.231 418.481 407.048 405.220 406.402 400.816 408.086 403.755 406.655
215 399.000 403.229 395.268 405.466 405.487 406.147 401.834 405.301 402.011 404.988 402.505
216 356.000 343.820 347.634 350.717 345.432 338.803 340.212 340.211 345.070 348.406 348.486
217 440.000 440.113 466.339 456.884 434.994 451.414 448.054 447.482 427.204 440.713 440.919
218 342.000 426.153 404.580 403.978 416.987 419.756 421.147 389.247 382.383 416.858 396.998
219 535.000 501.052 519.399 519.453 529.230 496.653 529.052 520.623 525.973 529.560 495.785
220 525.000 497.827 483.716 478.481 522.160 503.799 509.589 478.720 483.246 490.867 491.293
221 526.000 512.847 511.818 533.140 513.565 513.563 524.160 525.992 532.585 537.494 530.031
222 318.000 334.033 318.875 322.578 319.438 322.166 325.790 326.995 330.449 337.442 318.478
223 518.000 480.376 462.172 472.178 482.011 484.685 468.416 497.692 487.953 472.993 479.503
224 366.000 373.716 360.877 365.141 372.339 365.849 360.197 370.248 355.661 361.864 367.941
225 349.000 359.126 362.829 362.633 368.291 367.364 368.236 357.396 365.676 355.907 363.721
226 396.000 397.975 395.193 401.955 397.610 395.868 397.403 397.856 399.587 397.776 396.626
227 380.000 345.806 350.257 358.108 348.867 344.968 358.979 362.893 366.842 361.024 373.952
228 375.000 385.902 402.274 378.932 394.718 383.216 372.787 392.470 375.234 393.260 404.915
229 455.000 455.404 468.037 446.239 449.320 461.830 455.229 450.673 454.674 465.296 445.442
230 428.000 439.775 429.329 402.055 449.423 427.210 429.880 410.133 429.810 437.962 438.391
231 334.000 334.517 333.197 336.501 334.496 333.334 335.088 336.198 331.887 334.688 331.849
232 337.000 325.664 325.590 328.167 322.502 322.553 324.150 321.623 322.167 328.485 322.769
233 418.000 426.052 419.391 422.015 415.957 421.308 420.560 421.333 424.704 417.836 416.566
234 310.000 310.060 322.371 314.890 337.292 311.225 332.281 304.974 317.328 316.285 321.520
235 395.000 398.116 394.809 396.165 400.151 398.232 397.031 394.258 391.288 398.763 396.469
236 450.000 411.246 417.576 430.270 404.525 395.180 391.340 421.895 414.715 418.487 427.100
237 368.000 355.415 354.428 362.879 365.830 349.174 359.614 373.716 359.844 365.526 359.774
238 468.000 490.491 486.455 464.003 474.805 467.933 456.171 466.557 471.098 488.652 471.172
239 305.000 314.528 311.632 322.109 320.555 311.178 316.185 315.032 329.629 331.823 315.205
240 303.000 310.898 319.726 314.230 342.084 318.745 330.554 315.973 328.016 325.282 327.437
241 316.000 322.614 319.237 336.237 322.808 330.618 323.740 319.927 330.565 320.689 321.571
242 360.000 361.910 336.451 354.871 337.628 343.040 339.603 347.861 346.213 369.528 345.657
243 466.000 467.402 459.328 467.928 460.737 460.680 459.332 467.408 459.014 461.969 461.100
244 422.000 421.313 419.729 424.681 423.221 429.331 430.334 419.681 430.278 432.068 423.497
245 418.000 390.022 406.213 404.275 414.796 375.406 386.037 387.751 379.423 396.859 383.690
246 409.000 406.118 412.542 408.617 405.814 408.997 407.041 410.608 410.950 406.138 409.478
247 326.000 335.935 333.744 358.209 340.336 335.347 349.088 353.451 327.871 352.286 339.194
248 328.000 347.173 357.638 350.941 334.901 345.348 343.111 353.389 355.794 329.729 404.296
249 369.000 372.345 395.614 382.112 398.135 403.546 374.711 392.694 385.802 412.388 389.219
250 346.000 336.566 333.913 343.573 328.761 333.109 343.937 329.790 338.089 329.792 343.364
251 407.000 412.187 421.633 410.090 417.230 415.749 414.009 419.277 420.106 415.511 409.411
252 414.000 369.853 394.488 388.930 377.275 383.675 408.247 387.654 391.834 385.309 374.477
253 501.000 446.966 444.978 462.803 495.134 484.659 478.979 469.143 479.190 470.449 483.997
254 421.000 414.444 418.245 422.339 421.916 422.077 417.340 414.511 416.655 421.024 419.027
255 316.000 322.362 327.460 318.369 336.798 333.265 323.500 331.231 327.408 322.001 338.383
256 328.000 319.427 320.952 319.154 318.845 317.628 315.688 313.416 317.149 319.688 317.432
257 445.000 522.684 505.186 510.472 501.628 504.064 508.833 499.948 492.951 484.749 424.774
258 371.000 369.371 395.192 347.416 357.448 388.581 352.604 384.703 368.045 366.166 369.583
259 484.000 407.435 435.088 417.178 420.263 383.074 442.435 420.548 413.723 414.426 406.083
260 418.000 420.968 408.178 414.482 421.642 423.960 420.532 433.061 425.881 427.420 430.888
261 371.000 362.179 384.655 370.666 358.858 347.476 366.133 363.748 346.094 360.389 361.757
262 331.000 320.555 320.869 327.668 324.661 323.995 323.930 324.882 336.910 327.112 324.034
263 586.000 551.839 557.259 563.025 570.506 567.266 547.542 561.596 559.875 560.459 554.147
264 434.000 444.008 426.646 432.188 428.361 410.214 450.911 420.548 406.150 443.499 423.282
265 412.000 444.671 435.592 441.862 425.441 429.669 433.532 441.702 431.730 442.335 432.075
266 483.000 443.073 427.009 430.569 435.292 403.359 433.161 407.507 429.313 389.463 448.850
267 393.000 395.319 394.096 400.196 395.055 390.125 384.757 387.640 404.680 394.990 408.743
268 386.000 394.417 387.789 390.813 379.891 391.678 396.209 387.538 395.094 394.335 405.323
269 344.000 338.309 333.303 336.392 368.758 372.466 345.648 358.102 333.830 340.416 343.336
270 392.000 405.035 388.150 380.399 391.944 367.128 383.641 405.089 399.410 405.481 390.963
271 460.000 475.220 500.966 483.196 462.848 488.123 497.737 490.533 501.092 494.272 499.606
272 321.000 334.711 335.562 326.392 323.997 326.728 329.316 330.523 325.521 326.985 321.858
273 311.000 331.226 352.160 350.640 365.995 359.039 366.859 360.708 362.841 356.673 341.147
274 391.000 356.341 357.470 357.061 379.378 368.673 361.819 372.829 367.975 389.652 376.756
275 431.000 435.517 445.450 449.355 436.275 445.868 433.677 447.080 467.495 444.907 459.039
276 357.000 360.640 363.211 354.216 360.909 356.567 348.797 352.642 341.730 350.551 345.012
277 414.000 432.657 430.805 465.641 439.189 456.792 401.809 458.887 432.658 470.832 435.716
278 452.000 442.299 440.711 419.107 425.268 434.468 437.299 444.760 443.864 446.019 448.502
279 437.000 410.708 402.572 408.669 419.447 415.144 413.959 399.965 397.710 407.728 409.933
280 315.000 312.490 314.055 310.247 310.593 309.898 314.379 313.436 310.796 311.152 314.054
281 435.000 434.206 440.004 451.873 423.506 431.180 455.286 457.753 441.527 437.145 425.101
282 448.000 410.946 403.366 426.758 426.968 425.973 432.890 421.780 419.794 422.288 420.119
283 416.000 417.886 412.842 425.044 416.939 424.917 414.646 420.746 424.754 413.710 418.648
284 328.000 326.426 319.606 320.512 319.664 325.934 319.261 326.571 325.630 318.517 327.578
285 390.000 400.002 394.573 397.954 394.935 399.601 398.952 398.786 397.403 395.779 394.240
286 310.000 328.083 329.416 321.514 317.875 328.083 359.065 334.250 323.985 322.759 348.966
287 365.000 363.976 361.325 377.085 389.625 381.147 364.873 377.424 383.234 380.839 374.390
288 402.000 428.176 423.255 400.024 419.755 414.923 414.727 415.335 406.696 412.454 419.692
289 372.000 387.561 404.651 373.739 406.184 406.117 375.080 380.999 402.532 389.610 404.831
290 428.000 439.473 466.080 433.296 442.948 454.137 447.480 443.592 441.472 467.870 459.957
291 267.000 442.341 417.686 412.734 404.112 397.585 435.618 402.526 433.697 422.622 422.897
292 330.000 329.532 326.571 333.193 332.608 333.913 336.962 338.886 338.331 337.558 340.723
293 598.000 562.158 581.887 573.400 586.308 556.162 573.677 572.486 554.619 566.663 571.853
294 392.000 451.253 373.891 402.307 470.665 449.330 432.241 447.935 385.181 415.953 429.383
295 430.000 453.783 469.713 461.807 467.831 458.294 463.164 425.720 498.945 481.101 460.200
296 340.000 359.426 345.702 382.496 342.621 347.112 376.242 369.822 365.167 355.945 365.550
297 312.000 331.073 324.260 323.356 329.920 321.265 339.073 328.939 321.706 324.983 319.154
298 327.000 340.581 335.901 349.731 331.167 351.109 344.097 338.833 340.793 339.947 333.091
299 342.000 348.206 337.391 330.099 345.207 361.615 367.778 331.187 364.877 350.288 352.820
300 417.000 433.155 421.330 432.848 424.772 422.883 427.262 423.277 420.008 423.336 424.077
301 318.000 319.402 322.507 317.667 320.474 320.021 324.259 321.165 317.291 317.039 321.117
302 329.000 329.086 327.776 331.535 327.382 324.150 340.437 323.904 332.331 346.081 337.038
303 339.000 333.178 340.754 331.822 326.890 341.672 331.457 328.922 331.519 334.416 358.027
304 334.000 328.304 319.181 330.889 329.843 329.481 327.556 328.487 326.667 322.063 323.924
305 346.000 354.314 338.476 375.584 333.753 351.861 397.189 340.072 340.073 346.125 340.523
306 420.000 411.743 418.042 425.831 425.631 438.223 416.219 423.358 420.276 422.585 420.153
307 371.000 377.553 376.746 381.461 361.848 388.525 384.947 368.047 380.613 369.913 369.807
308 560.000 580.049 575.275 575.362 570.823 572.551 573.719 572.135 578.111 573.408 580.721
309 512.000 491.394 517.308 490.115 517.374 509.965 507.086 510.597 506.631 493.080 518.759
310 410.000 423.467 427.570 418.148 420.801 411.916 417.552 410.961 427.028 415.473 429.534
311 473.000 434.331 453.645 472.634 472.543 471.587 476.294 474.824 475.814 473.441 475.586
312 427.000 427.976 425.131 435.907 420.691 429.297 439.324 425.016 430.681 422.220 419.728
313 326.000 334.555 367.303 337.501 355.704 335.745 352.239 338.488 338.829 340.027 361.671
314 405.000 403.652 371.771 398.010 404.024 399.488 411.322 404.124 405.939 399.282 389.422
315 442.000 450.684 438.250 463.489 454.754 486.224 456.617 463.829 475.514 450.165 462.403
316 330.000 331.018 333.048 332.685 332.235 332.466 333.355 327.941 330.174 332.938 332.292
317 328.000 323.691 325.847 325.083 329.266 322.886 324.510 329.623 332.577 328.592 328.608
318 436.000 455.410 455.356 463.546 451.441 452.319 455.956 462.383 463.120 464.882 470.655
319 410.000 417.449 419.061 415.694 417.574 429.836 416.951 417.701 417.765 422.103 421.618
320 462.000 482.744 460.598 466.750 496.107 496.665 488.441 483.611 472.866 511.541 475.362
321 471.000 457.170 450.239 458.739 453.590 458.777 459.077 450.150 458.233 457.567 459.989
322 427.000 429.046 431.420 428.788 426.632 429.137 427.481 428.472 429.655 427.383 428.483
323 464.000 445.676 449.307 448.444 449.617 454.629 454.050 450.112 444.844 447.905 447.145
324 446.000 455.008 466.381 481.289 463.297 459.711 458.074 440.622 463.211 449.286 446.426
325 583.000 594.380 589.740 588.370 589.453 575.447 582.361 588.417 593.210 578.676 584.086
326 562.000 489.239 474.301 485.437 491.699 474.028 469.427 456.808 489.700 483.891 474.777
327 313.000 310.680 312.928 310.723 315.297 313.958 314.492 314.307 312.818 311.727 311.171
328 422.000 404.461 417.371 405.614 392.326 401.590 401.854 416.261 411.730 407.193 419.258
329 382.000 443.939 455.069 431.461 445.828 455.534 426.187 454.549 467.569 415.836 433.167
330 398.000 353.006 361.317 377.491 359.908 371.959 352.266 352.447 356.311 374.893 386.153
331 371.000 368.020 398.719 382.112 391.755 404.040 379.202 397.709 381.609 414.820 384.303
332 414.000 412.410 404.781 410.739 407.387 417.681 412.554 411.057 410.807 412.251 415.596
333 440.000 455.608 457.290 462.075 451.941 450.580 455.668 456.875 454.508 450.364 453.572
334 599.000 590.989 597.547 595.137 586.370 592.460 596.374 594.909 591.814 593.054 588.468
335 353.000 349.062 346.762 338.544 342.992 341.195 350.921 344.644 346.103 346.469 345.224
336 404.000 500.351 503.798 490.051 468.446 482.578 480.464 492.362 481.349 503.107 470.907
337 406.000 415.016 418.393 414.497 411.673 410.501 415.207 422.302 418.180 421.505 413.014
338 324.000 349.476 347.597 353.524 350.943 351.893 349.631 348.057 347.907 345.905 350.163
339 337.000 342.277 347.148 343.660 346.672 343.607 343.049 340.426 342.902 345.017 339.806
340 395.000 400.665 403.259 404.600 406.402 410.403 399.726 405.198 409.937 406.241 409.193
341 407.000 409.132 413.218 414.379 411.713 412.225 414.007 413.755 409.312 409.621 411.934
342 330.000 342.283 355.839 356.004 363.206 342.940 331.872 352.206 336.962 343.490 358.825
343 417.000 433.913 437.580 437.205 436.899 433.041 437.496 432.993 433.428 432.759 436.034
344 395.000 395.082 395.349 395.317 401.764 396.313 399.777 392.355 393.702 398.596 396.907
345 503.000 400.673 380.697 399.460 394.275 393.251 392.723 373.383 413.436 418.316 412.571
346 448.000 433.510 439.844 424.846 437.391 446.383 440.831 440.761 440.216 422.114 427.282
347 363.000 361.943 369.022 374.003 366.704 357.136 364.771 365.430 388.266 369.495 370.264
348 386.000 399.035 393.061 382.932 394.012 401.973 388.339 386.870 385.811 411.854 398.718
349 330.000 333.142 335.563 332.329 332.267 332.168 333.594 335.745 330.967 335.358 331.423
350 488.000 376.669 370.898 376.768 376.892 385.500 381.670 375.638 393.661 385.257 377.432
351 479.000 493.764 478.716 483.455 465.316 502.804 488.038 496.769 485.004 483.665 478.319
352 338.000 363.217 363.204 383.549 349.683 367.503 384.512 366.858 362.458 349.283 393.943
353 456.000 482.581 469.948 522.603 516.077 494.606 484.899 503.158 471.215 491.651 482.295
354 418.000 423.349 416.563 422.169 434.207 409.829 421.887 423.999 419.877 413.347 447.099
355 322.000 318.959 322.186 325.699 323.841 322.733 320.229 330.300 325.777 320.232 326.530
356 321.000 318.032 309.728 311.782 311.678 311.201 313.039 314.444 307.451 310.740 313.533
357 335.000 369.153 384.648 345.495 402.151 349.988 378.893 351.987 366.588 376.729 377.154
358 394.000 398.541 396.091 396.697 397.366 399.387 397.301 393.063 396.018 400.172 396.056
359 398.000 457.221 449.116 437.522 411.249 450.144 420.556 467.699 464.805 455.193 477.379
360 421.000 437.089 417.130 456.533 435.402 411.446 460.090 414.438 424.204 445.054 424.029
361 364.000 369.631 369.741 364.423 373.424 368.221 368.628 363.699 369.905 354.355 365.358
362 322.000 314.790 320.744 319.784 315.267 321.508 322.138 320.480 319.779 318.764 319.600
363 446.000 443.997 439.706 409.296 435.726 421.106 430.694 447.281 453.996 458.534 422.600
364 340.000 323.522 329.833 338.438 325.677 325.201 323.893 322.163 327.211 326.055 319.625
365 340.000 345.860 359.848 346.949 338.878 363.162 363.753 350.796 350.250 348.914 348.554
366 452.000 431.374 433.611 434.616 427.293 426.934 420.633 420.301 434.042 409.041 435.880
367 367.000 357.099 346.198 352.884 346.810 364.455 350.048 359.606 364.118 353.626 351.055
368 425.000 433.197 428.321 422.508 433.339 435.340 422.044 439.894 425.626 423.142 435.481
369 399.000 401.942 375.650 378.398 376.479 383.311 376.082 396.226 381.696 375.011 371.985
370 420.000 418.232 417.402 416.619 414.574 419.809 424.458 417.752 421.875 416.844 417.153
371 526.000 571.832 557.197 553.478 555.170 566.388 552.821 554.096 550.039 552.191 554.647
372 343.000 329.741 330.649 335.125 323.839 332.191 331.106 337.141 333.919 336.036 339.851
373 420.000 420.153 421.955 421.891 418.726 418.763 427.565 422.269 424.022 421.542 423.267
374 403.000 398.749 398.760 389.955 406.939 402.255 401.394 386.661 390.654 399.513 411.601
375 495.000 466.490 476.710 481.436 478.308 492.240 468.190 499.990 488.090 472.317 473.588
376 564.000 487.562 482.319 461.359 446.041 459.448 475.096 486.419 505.897 461.998 459.458
377 420.000 497.185 482.372 502.663 537.736 497.648 514.129 496.143 496.710 500.788 501.673
378 414.000 419.304 422.975 413.911 424.269 420.470 427.918 418.267 396.813 420.855 420.903
379 328.000 312.179 314.946 316.913 315.664 318.084 316.645 313.140 309.003 323.457 317.521
380 546.000 499.462 465.466 483.269 450.405 462.907 489.258 470.865 472.258 449.911 493.372
381 323.000 320.029 317.225 322.463 318.567 321.488 323.552 326.733 321.815 317.680 324.159
382 413.000 419.608 414.727 415.007 412.002 416.150 412.191 414.392 413.573 416.931 414.939
383 360.000 375.577 373.300 397.932 370.506 378.239 364.467 353.326 368.936 378.701 377.285
384 411.000 410.994 420.972 415.474 416.901 415.196 408.126 421.551 411.784 413.336 411.098
385 346.000 334.148 333.503 334.314 333.871 331.335 337.428 336.275 338.123 338.857 334.634
386 449.000 458.407 456.785 457.364 458.551 454.817 457.749 456.365 456.616 457.753 457.678
387 389.000 364.906 393.904 384.779 404.683 395.350 397.805 395.322 388.102 382.195 373.826
388 340.000 339.194 339.900 340.905 351.462 348.212 333.435 343.914 348.886 337.808 344.637
389 343.000 336.622 332.538 328.722 337.833 327.158 335.309 333.946 335.084 332.126 327.972
390 404.000 411.414 412.761 408.974 414.979 408.290 405.240 410.783 411.677 403.433 418.305
391 451.000 454.366 443.055 454.672 454.526 451.190 450.646 446.876 453.431 456.988 458.474
392 359.000 347.780 353.557 343.661 357.012 351.137 349.901 349.831 352.938 355.636 344.565
393 410.000 409.623 404.856 416.380 408.190 412.594 410.703 412.391 414.938 409.147 426.761
394 340.000 342.974 345.204 349.045 331.479 339.113 360.710 387.621 329.500 342.894 345.777
395 504.000 447.252 452.062 448.562 461.040 466.505 452.446 458.844 440.100 454.265 446.209
396 546.000 466.881 460.440 496.685 487.101 537.079 506.534 471.146 452.208 505.671 506.122
397 392.000 375.320 383.205 374.718 350.506 374.471 367.704 361.315 367.177 360.087 381.939
398 413.000 429.334 430.762 415.486 419.435 411.848 415.299 420.490 425.932 411.402 412.338
399 325.000 344.376 336.308 352.054 343.988 346.503 343.848 345.754 353.536 339.435 393.804
400 297.000 311.422 310.143 310.220 307.742 312.172 302.343 307.743 314.055 313.487 308.029
401 397.000 393.818 399.545 386.213 401.625 401.009 393.240 392.903 400.898 400.882 401.461
402 428.000 445.246 420.833 430.940 430.226 425.917 420.648 418.055 417.056 428.826 430.475
403 440.000 421.631 428.817 405.743 405.151 407.462 393.709 404.370 409.571 392.163 407.837
404 604.000 584.097 571.850 584.294 594.214 590.568 591.522 556.526 593.849 540.513 597.646
405 442.000 437.008 440.474 436.594 442.030 446.576 439.789 442.231 438.422 445.966 444.098
406 462.000 449.977 482.318 487.032 483.366 462.605 491.144 457.911 490.232 458.229 489.360
407 491.000 437.745 426.636 404.155 475.467 473.910 465.321 408.467 422.395 438.415 472.657
408 495.000 512.166 473.984 490.212 481.702 460.830 503.760 488.515 507.107 482.648 504.565
409 394.000 362.249 359.929 369.850 361.172 363.559 370.620 377.084 354.449 373.279 376.189
410 320.000 323.063 325.294 326.350 326.283 322.954 322.136 323.574 326.004 325.590 328.505
411 445.000 436.822 432.245 426.943 424.220 428.295 429.558 463.809 427.503 430.533 433.625
412 350.000 352.452 346.122 347.462 352.250 354.419 354.707 354.218 346.060 356.868 352.152
413 332.000 324.192 324.019 326.710 330.015 331.800 329.849 329.960 329.895 327.558 324.768
414 411.000 422.180 424.098 427.081 417.598 427.265 422.799 431.316 426.648 424.137 413.141
415 341.000 365.285 370.553 350.250 366.306 365.035 373.780 379.463 361.947 389.726 381.435
416 452.000 473.027 466.120 457.991 465.810 457.061 466.666 467.939 462.436 463.634 470.188
417 398.000 391.342 389.151 405.911 411.554 391.322 399.773 397.619 387.490 397.455 383.650
418 357.000 348.091 346.761 342.909 342.478 341.183 344.145 343.606 344.704 337.749 344.686
419 410.000 416.049 410.952 420.515 415.653 426.903 417.371 419.206 415.300 412.917 415.377
420 411.000 414.156 415.611 422.011 414.952 406.181 413.138 414.867 422.326 405.489 425.451
421 316.000 322.977 340.994 335.209 311.859 328.395 346.100 334.731 333.328 345.760 330.130
422 454.000 436.927 420.927 431.004 422.459 417.108 424.905 425.924 429.733 430.912 431.357
423 492.000 480.277 473.267 471.019 493.503 486.842 464.091 494.215 487.843 459.807 502.874
424 405.000 415.335 413.618 415.591 416.698 411.615 413.536 413.246 412.599 412.614 413.424
425 357.000 361.631 363.329 367.931 364.783 357.233 376.490 356.681 372.447 366.007 374.827
426 424.000 416.199 409.713 412.764 413.834 414.994 412.846 415.977 423.538 415.482 411.572
427 335.000 346.768 320.882 343.345 326.734 334.349 344.719 331.991 324.517 334.578 332.394
428 438.000 437.571 423.919 435.139 426.338 425.241 424.008 418.515 439.048 429.631 420.212
429 525.000 373.344 441.209 436.432 473.413 425.698 426.993 445.581 424.662 412.209 424.634
430 331.000 414.782 417.888 419.243 411.797 395.970 420.060 385.460 439.914 414.092 404.036
431 431.000 421.868 431.652 428.619 424.599 430.136 432.318 426.094 421.774 418.726 428.236
432 591.000 555.564 587.542 578.189 585.750 577.620 579.473 582.351 586.966 584.546 586.385
433 414.000 417.050 430.115 429.144 425.332 417.073 419.210 425.151 421.873 418.643 414.768
434 388.000 392.849 404.260 391.994 403.414 377.927 396.993 387.655 406.056 388.982 388.686
435 585.000 574.771 579.622 568.296 573.687 572.421 572.122 575.802 584.520 577.961 581.436
436 398.000 399.144 405.132 401.544 402.618 405.641 400.605 397.980 406.170 399.264 398.742
437 441.000 428.660 417.534 451.431 404.332 394.246 421.089 412.955 424.294 398.770 448.193
438 309.000 309.582 308.273 314.476 308.781 312.011 311.211 309.152 306.179 312.683 314.205
439 518.000 508.154 517.125 511.596 515.275 509.622 532.007 516.456 523.935 513.885 511.143
440 416.000 411.910 417.414 413.275 415.980 414.163 407.111 413.456 411.489 415.298 412.099
441 412.000 416.597 416.328 415.104 413.607 412.518 418.563 416.127 409.617 415.656 427.202
442 385.000 421.152 386.975 379.658 362.938 386.634 400.940 377.146 377.561 370.052 388.258
443 325.000 327.110 325.234 325.790 320.499 328.897 330.451 325.220 326.803 323.084 333.406
444 325.000 325.904 320.580 334.634 334.855 328.065 329.404 335.448 334.838 346.152 328.040
445 328.000 343.977 347.698 355.282 345.896 330.736 340.440 343.769 360.447 347.374 344.501
446 397.000 403.248 396.150 401.901 400.441 401.849 402.635 400.594 399.102 401.360 397.862
447 407.000 407.493 406.102 413.544 407.053 405.164 405.510 408.658 412.512 406.617 405.800
448 491.000 477.469 472.433 465.530 468.317 463.780 468.068 447.823 465.043 473.286 474.385
449 328.000 313.562 316.481 312.852 315.615 311.549 311.033 315.469 319.192 312.037 308.504
450 430.000 423.974 434.054 431.306 433.692 424.898 433.004 436.024 427.171 429.516 429.459
451 413.000 392.933 378.719 400.093 388.593 385.670 400.352 385.937 380.833 377.288 392.873
452 364.000 356.909 377.556 355.182 354.442 368.980 367.797 377.239 367.376 359.363 377.964
453 404.000 398.167 399.400 399.506 396.800 393.475 402.501 395.260 393.242 402.598 397.142
454 431.000 441.309 472.631 453.366 433.120 466.083 451.039 447.782 447.854 467.906 441.956
455 461.000 442.562 441.040 444.665 440.562 446.870 450.515 444.410 447.381 447.112 455.565
456 346.000 361.541 361.345 357.817 348.831 357.784 333.241 342.038 361.412 346.397 365.013
457 461.000 456.445 454.702 449.258 455.349 451.195 455.970 453.985 449.663 454.199 451.333
458 446.000 453.007 446.022 445.876 445.718 443.588 440.457 436.802 446.011 449.705 453.342
459 334.000 327.951 325.014 328.565 329.614 327.895 322.801 328.466 328.273 329.577 323.850
460 368.000 337.230 340.548 339.704 342.040 345.520 350.627 339.069 349.511 344.532 339.510
461 421.000 371.348 412.286 390.365 381.167 370.203 390.279 412.142 409.547 348.168 396.828
462 536.000 592.853 554.394 558.618 559.574 551.435 549.631 542.132 547.003 558.988 555.949
463 399.000 416.840 413.038 412.890 412.455 420.014 412.714 419.489 421.848 415.541 418.592
464 584.000 588.705 588.174 589.240 581.920 579.267 584.806 574.124 589.612 590.201 587.209
465 592.000 588.078 588.250 586.062 578.456 587.780 575.715 576.613 586.476 589.124 578.140
466 450.000 452.873 449.110 457.839 463.695 448.989 454.642 451.761 446.686 455.102 456.616
467 359.000 359.172 367.727 360.932 361.573 362.486 363.513 349.985 363.668 361.826 367.970
468 325.000 315.888 320.214 317.676 318.363 318.366 316.124 318.467 313.397 318.458 314.076
469 315.000 355.547 340.080 332.452 364.486 363.000 353.796 350.218 355.320 352.794 355.714
470 411.000 359.384 368.872 389.376 397.483 357.899 353.036 380.221 392.378 401.291 391.361
471 548.000 537.268 540.210 537.847 547.816 541.271 516.758 528.547 536.877 539.797 536.896
472 450.000 438.255 440.754 422.318 443.609 444.814 444.541 429.747 428.791 432.642 456.800
473 310.000 360.278 347.575 339.239 343.702 353.096 330.893 337.358 353.036 340.078 333.092
474 362.000 371.218 368.173 361.506 366.463 365.777 361.847 367.538 369.443 367.946 365.298
475 322.000 319.213 328.325 315.358 326.181 326.349 321.905 320.697 324.518 323.588 325.720
476 396.000 406.928 401.585 404.141 408.772 404.941 407.623 399.889 401.431 406.126 403.253
477 408.000 417.388 414.502 413.474 411.980 428.143 415.691 416.958 417.001 419.142 415.757
478 540.000 517.293 518.115 526.110 524.015 492.175 535.031 547.375 532.224 500.999 503.726
479 399.000 409.287 405.517 404.354 407.488 414.764 408.851 413.701 402.140 405.963 407.712
480 448.000 431.691 424.456 453.847 437.674 431.386 440.249 452.662 424.574 456.128 436.232
481 460.000 404.687 408.725 407.786 414.228 406.190 403.910 408.568 412.025 409.393 388.770
482 331.000 329.703 334.705 340.716 332.520 332.952 334.522 333.481 337.288 343.696 331.257
483 448.000 436.634 435.789 437.402 422.941 441.500 439.863 443.489 435.255 441.836 431.886
484 444.000 456.861 492.468 463.352 485.810 464.108 462.436 441.086 463.545 467.149 463.432
485 336.000 346.030 341.894 336.428 357.202 336.414 333.692 345.353 336.834 338.358 340.131
486 502.000 446.399 467.669 422.921 414.680 433.287 434.291 443.453 436.257 415.514 437.204
487 409.000 416.253 413.078 420.063 419.599 413.056 414.791 423.859 428.113 416.018 418.555
488 405.000 411.229 411.982 409.628 409.427 410.841 411.388 414.238 411.716 409.367 410.887
489 555.000 572.959 560.143 569.255 564.202 565.083 569.300 574.595 567.211 565.720 560.697
490 427.000 424.308 430.360 427.668 429.285 429.039 428.369 427.386 426.847 429.643 428.527
491 452.000 450.482 433.726 438.578 447.942 442.133 440.298 434.566 438.314 447.455 441.174
492 329.000 363.139 374.393 344.828 365.429 367.019 351.650 368.867 358.377 359.479 361.668
493 491.000 476.627 464.380 498.689 491.741 494.711 482.651 446.809 480.462 467.617 497.930
494 440.000 448.076 429.729 455.142 434.489 435.609 443.214 437.314 446.236 457.024 432.870
495 363.000 351.077 348.329 350.678 350.083 356.794 358.783 360.047 354.143 350.543 360.726
496 432.000 428.740 428.970 416.419 418.089 422.639 418.243 423.595 429.466 430.448 417.919
497 514.000 484.314 454.045 481.743 481.936 486.119 470.991 466.415 468.005 466.987 467.512
498 536.000 538.020 538.729 541.965 552.238 510.049 530.630 541.559 535.021 564.983 546.705
499 462.000 458.229 453.788 455.604 457.265 458.448 457.937 455.504 457.813 460.019 455.595
500 510.000 537.201 467.863 499.669 500.357 427.509 439.748 450.741 432.269 462.164 492.430
501 357.000 395.782 421.312 408.420 388.414 390.577 415.458 366.640 377.008 386.777 410.986
502 418.000 421.459 412.568 422.937 426.446 422.620 421.116 421.749 420.878 429.196 416.684
503 406.000 432.514 409.074 449.947 449.982 428.304 446.581 429.995 440.656 436.929 433.134
504 464.000 437.880 409.378 430.601 436.058 418.525 422.341 420.637 414.080 405.455 436.536
505 400.000 395.903 397.996 397.852 398.077 396.053 400.344 398.273 398.320 403.766 399.231
506 400.000 414.066 404.429 383.725 408.603 426.643 430.335 417.638 427.839 423.526 410.128
507 333.000 339.171 350.635 340.523 337.840 350.746 346.974 336.467 335.210 339.057 337.276
508 452.000 449.205 445.529 444.904 457.507 451.428 449.087 437.059 453.039 451.404 441.111
509 586.000 569.771 579.244 578.353 578.635 580.936 577.829 579.919 569.914 567.036 581.029
510 461.000 450.477 443.087 460.282 449.612 453.805 458.687 444.507 466.777 457.481 462.273
511 606.000 592.627 576.412 587.639 590.725 588.014 601.854 568.817 584.677 594.175 580.377
512 338.000 353.917 345.117 349.296 371.340 354.770 342.378 345.724 357.522 363.144 345.355
513 368.000 360.085 352.156 358.534 363.206 366.601 356.159 359.568 383.714 373.090 358.383
514 442.000 445.625 442.480 442.155 447.067 431.387 432.861 439.528 445.074 430.933 439.969
515 417.000 417.799 414.714 410.659 414.999 419.137 420.145 415.743 415.096 420.460 411.364
516 328.000 346.463 338.535 320.450 352.675 331.262 321.474 332.996 321.615 321.805 338.553
517 477.000 480.473 424.498 407.232 447.579 441.313 458.176 396.430 437.084 474.879 476.058
518 350.000 340.461 331.703 337.307 333.564 334.572 332.918 335.617 331.506 332.895 333.124
519 421.000 419.603 420.889 417.607 425.101 416.523 427.796 416.813 418.921 419.442 418.594
520 592.000 570.980 577.822 568.032 552.015 575.837 551.225 566.757 548.830 563.785 591.043
521 422.000 432.380 425.376 425.043 425.422 424.399 427.863 428.893 423.266 431.644 429.886
522 473.000 495.249 514.560 497.719 462.797 476.642 465.792 482.462 498.599 508.488 487.753
523 567.000 560.925 556.728 549.934 540.053 554.668 562.298 558.388 546.999 558.813 554.185
524 425.000 450.244 446.191 429.816 451.392 432.564 435.630 447.122 432.271 433.724 426.433
525 429.000 414.044 427.075 419.914 427.443 422.087 405.269 413.077 415.285 427.151 434.997
526 351.000 348.248 334.472 353.224 332.276 349.658 348.907 341.023 349.778 351.158 347.855
527 416.000 413.754 413.464 416.429 417.832 412.275 415.063 413.151 414.648 416.701 412.736
528 354.000 342.813 342.727 349.321 337.235 336.906 344.064 347.590 353.441 350.065 345.495
529 524.000 532.748 525.971 519.571 532.538 522.064 522.772 523.919 522.911 531.979 525.699
530 334.000 360.425 342.772 362.151 353.814 348.939 404.706 343.617 357.699 349.435 343.872
531 462.000 455.556 461.397 456.521 456.180 460.015 459.142 455.606 457.144 454.201 458.454
532 477.000 434.496 450.825 435.156 440.042 447.035 444.164 445.487 455.154 452.092 438.413
533 528.000 531.034 534.198 539.223 526.816 536.054 528.800 541.193 528.411 516.738 524.195
534 335.000 331.626 322.482 344.350 333.156 328.538 339.598 339.895 330.767 336.068 333.230
535 323.000 329.174 354.793 341.806 336.550 337.618 353.981 345.543 362.036 321.772 336.317
536 412.000 415.634 440.971 429.835 418.819 430.239 418.852 417.995 440.586 424.915 426.304
537 551.000 577.187 565.082 571.478 571.156 567.424 576.622 574.653 577.850 574.491 569.114
538 406.000 409.807 406.295 402.700 406.467 404.524 411.949 399.551 403.436 403.005 410.661
539 502.000 525.876 534.133 531.193 528.208 520.726 535.518 517.339 528.105 537.515 523.334
540 415.000 410.887 410.583 408.893 410.563 409.488 406.215 411.572 411.593 412.561 409.048
541 336.000 334.897 331.707 333.189 332.451 337.912 338.998 338.634 335.759 330.194 329.132
542 312.000 323.913 323.851 324.871 324.714 323.848 320.485 321.036 322.756 325.581 325.184
543 330.000 332.667 331.007 332.718 331.161 332.228 329.498 337.823 332.243 327.737 331.772
544 508.000 376.213 433.355 413.606 396.822 421.873 415.840 404.222 400.086 388.247 410.537
545 588.000 585.400 580.324 583.826 587.125 580.284 576.736 584.826 577.754 566.330 570.038
546 410.000 426.546 435.473 424.770 424.742 426.051 428.722 434.902 429.868 419.403 436.760
547 540.000 560.235 561.975 537.240 545.959 545.585 549.198 552.361 539.004 527.856 540.047
548 362.000 355.966 356.824 355.842 362.273 353.794 353.426 356.426 360.492 355.360 347.122
549 404.000 403.484 402.812 402.636 402.197 403.886 404.437 404.018 405.025 404.840 405.636
550 370.000 378.051 371.751 380.704 359.140 370.778 365.289 388.430 382.683 375.281 389.558
551 482.000 390.285 373.452 393.371 389.510 390.026 394.906 405.557 376.541 385.540 393.884
552 398.000 399.604 402.208 398.196 396.925 398.581 401.100 398.305 396.787 398.176 396.106
553 466.000 435.017 405.232 442.001 418.704 437.373 445.059 436.645 426.062 455.269 446.954
554 405.000 410.092 408.289 409.426 415.572 411.595 412.621 415.838 417.489 410.947 409.057
555 576.000 576.527 570.085 576.668 578.131 573.358 576.554 570.508 567.707 566.543 555.539
556 457.000 414.410 416.515 409.603 415.277 416.736 408.758 412.546 417.832 414.988 414.120
557 478.000 434.331 453.645 471.945 467.931 471.383 469.832 468.794 473.973 468.045 468.496
558 431.000 420.981 463.449 436.442 467.983 451.085 478.796 444.288 433.609 479.417 458.987
559 411.000 345.485 354.087 380.102 366.198 351.100 364.647 367.209 369.081 353.432 349.293
560 409.000 407.074 405.869 413.709 407.553 412.491 410.816 412.466 407.022 410.638 409.356
561 375.000 372.270 379.878 372.528 377.389 358.986 382.893 388.503 404.561 372.667 396.056
562 400.000 396.530 409.241 434.533 424.747 418.704 399.428 409.264 420.574 417.411 418.126
563 331.000 328.711 321.993 324.222 320.959 324.752 324.691 323.366 325.778 322.235 321.585
564 412.000 428.797 431.772 422.691 419.517 453.297 434.090 420.348 419.931 414.030 415.203
565 485.000 462.200 471.646 482.820 470.469 480.385 485.859 482.471 475.909 483.736 458.714
566 407.000 415.619 422.183 426.242 415.942 420.214 419.295 422.795 413.536 415.926 414.851
567 405.000 405.849 401.467 405.078 396.257 403.076 397.307 397.972 396.755 401.603 410.292
568 406.000 406.311 404.990 404.261 404.355 405.276 404.004 407.767 395.832 398.285 405.101
569 342.000 340.739 341.827 337.521 338.388 342.345 341.540 338.563 340.425 333.264 334.351
570 321.000 331.463 324.984 332.351 327.225 323.827 322.383 323.612 326.326 319.660 322.253
571 361.000 381.649 384.872 361.028 380.209 389.064 365.970 403.371 372.734 375.315 373.923
572 387.000 390.437 377.573 396.351 375.916 391.980 387.933 385.407 393.006 393.798 394.862
573 323.000 324.674 319.342 319.590 328.049 323.996 322.496 324.136 318.376 320.251 326.146
574 390.000 398.318 406.881 405.434 391.960 395.841 404.139 384.444 393.326 392.588 416.750
575 440.000 430.409 436.353 419.784 463.795 430.733 454.604 428.085 445.225 440.162 439.813
576 332.000 369.826 344.981 375.248 394.290 368.719 355.460 373.009 360.069 387.820 364.352
577 456.000 497.323 472.204 490.474 503.754 495.544 455.228 486.976 459.803 448.091 473.018
578 488.000 463.596 465.348 413.411 453.003 443.630 470.449 451.311 431.774 462.446 481.901
579 332.000 370.209 364.426 404.340 371.618 452.840 424.829 423.821 400.277 348.557 376.437
580 316.000 331.899 333.555 332.052 334.738 325.578 332.621 320.763 328.132 333.957 317.728
581 459.000 450.285 420.065 418.612 458.118 433.040 433.122 458.066 442.772 454.324 448.390
582 335.000 326.534 324.331 329.532 334.617 330.756 325.313 326.857 326.338 327.807 333.000
583 332.000 344.325 349.330 348.942 342.269 347.388 350.216 335.796 346.573 332.809 339.003
584 459.000 440.883 443.574 443.512 461.645 445.119 461.785 435.554 456.582 456.316 466.633
585 396.000 407.994 408.585 424.867 402.666 409.400 410.333 393.297 418.125 415.812 428.966
586 489.000 490.075 490.484 486.940 488.060 488.305 488.349 489.338 489.620 489.007 496.401
587 417.000 428.961 431.417 427.038 434.131 423.373 431.754 438.623 415.107 421.703 421.676
588 404.000 408.125 402.388 402.806 403.818 403.249 404.338 401.808 404.518 400.797 402.463
589 400.000 429.701 420.964 427.770 425.995 428.302 419.236 430.008 418.026 418.233 420.176
590 357.000 345.980 353.203 354.272 359.936 354.760 350.539 352.802 354.884 354.756 349.328
591 437.000 468.751 481.528 476.569 420.921 460.968 441.081 443.612 461.162 446.242 414.533
592 542.000 537.669 538.741 534.531 519.453 535.117 523.857 525.527 533.534 538.409 533.995
593 419.000 429.213 433.982 430.796 431.516 431.854 431.071 430.583 425.510 431.312 427.597
594 350.000 355.473 351.594 350.575 342.792 349.068 348.853 354.449 362.373 349.021 363.846
595 424.000 418.072 424.378 416.512 420.409 414.827 417.717 416.107 424.204 411.713 415.022
596 443.000 448.013 461.067 426.755 424.691 453.610 471.613 454.806 434.753 452.373 420.464
597 439.000 452.598 427.205 444.525 449.969 441.389 453.330 449.553 441.272 439.044 427.349
598 324.000 321.229 318.626 318.998 318.605 318.660 320.359 324.219 319.462 316.904 320.431
599 311.000 324.680 321.312 328.250 320.520 319.073 323.713 324.532 328.297 314.913 324.068
600 331.000 330.400 335.709 333.709 327.918 330.150 330.069 337.726 330.680 331.126 326.092
601 428.000 415.903 409.282 413.830 414.578 416.351 406.372 402.137 405.981 409.459 420.556
602 400.000 439.562 428.557 423.247 416.604 431.468 423.324 423.031 423.621 433.385 431.218
603 309.000 307.584 305.057 307.689 304.292 303.089 311.907 300.446 304.743 311.782 308.355
604 375.000 357.312 357.824 355.464 365.122 350.062 370.842 368.400 355.530 359.204 354.421
605 450.000 433.414 430.113 429.893 429.687 439.353 433.111 439.725 436.819 436.101 428.800
606 388.000 399.294 400.097 411.870 393.391 408.436 403.680 407.794 401.260 410.514 397.721
607 323.000 355.774 339.447 335.693 351.564 347.057 345.216 359.499 358.316 349.243 372.714
608 448.000 423.006 441.313 448.637 441.975 423.222 428.419 427.887 427.011 425.784 424.655
609 372.000 363.733 377.126 362.128 362.506 375.828 376.595 370.921 380.516 395.939 403.030
610 328.000 317.968 336.065 329.206 323.947 334.358 328.014 316.140 323.481 332.959 311.563
611 460.000 445.392 448.329 444.045 449.916 444.007 450.762 437.745 444.178 442.202 440.415
612 504.000 535.798 528.229 531.595 531.182 528.376 533.344 517.415 537.441 526.611 532.065
613 433.000 453.412 437.197 440.295 447.439 437.706 442.681 437.175 441.553 441.928 450.317
614 564.000 571.704 564.805 576.461 575.150 567.396 570.759 560.612 576.630 570.598 570.978
615 439.000 375.158 381.898 362.892 369.433 367.603 357.504 369.767 387.690 379.861 380.705
616 440.000 463.283 459.482 467.519 469.264 458.269 466.905 467.514 490.645 468.105 481.905
617 484.000 485.070 504.732 470.236 467.741 473.667 491.255 493.326 486.751 464.243 486.082
618 396.000 408.535 419.029 406.592 401.018 409.791 429.641 414.406 423.386 399.507 409.270
619 435.000 419.806 419.562 418.502 412.297 418.755 418.970 420.334 420.179 420.324 421.799
620 397.000 408.021 387.034 413.981 424.011 402.423 390.389 388.999 381.492 405.521 418.062
621 420.000 429.677 432.440 426.825 432.033 428.693 431.504 438.602 423.178 430.164 418.992
622 408.000 445.294 444.764 456.518 440.324 424.763 438.431 424.262 444.127 426.713 428.893
623 437.000 444.514 437.941 438.258 426.036 428.540 431.238 435.401 434.732 434.509 438.872
624 406.000 425.645 456.479 481.755 406.256 413.324 445.648 455.015 440.978 428.203 434.120
625 393.000 380.331 394.251 387.615 390.340 380.232 367.195 384.432 392.434 381.033 414.362
626 452.000 442.228 443.141 466.169 453.694 451.246 480.242 447.681 441.366 447.679 457.928
627 466.000 421.688 460.634 443.385 449.182 443.028 450.488 458.888 439.881 438.154 455.597
628 410.000 424.927 463.822 412.732 418.075 433.587 439.965 412.590 422.480 440.970 444.350
629 447.000 445.451 447.493 449.653 444.933 445.825 445.206 447.501 448.495 446.253 446.843
630 487.000 441.216 438.557 444.534 440.870 450.680 457.109 427.617 441.423 452.384 442.655
631 420.000 421.699 431.324 439.910 429.313 435.467 425.460 433.675 421.820 435.331 440.666
632 565.000 575.482 545.744 578.082 572.639 554.140 563.602 564.551 560.227 572.350 565.995
633 309.000 318.156 318.810 317.558 314.204 317.589 318.428 318.041 314.070 320.035 323.024
634 437.000 424.800 459.626 414.201 439.375 437.194 439.437 439.336 434.366 443.925 432.902
635 481.000 480.295 479.901 481.139 486.472 481.239 475.093 478.693 472.708 474.594 483.943
636 390.000 389.829 380.591 383.648 385.105 376.799 391.219 390.685 383.527 396.038 375.967
637 329.000 338.314 337.678 346.374 340.314 340.408 337.483 337.531 345.239 344.571 343.230
638 349.000 347.703 354.126 354.595 354.161 351.546 349.735 350.837 362.237 349.085 353.569
639 336.000 335.969 335.331 333.719 334.699 336.603 337.690 343.991 337.459 335.449 334.764
640 550.000 520.415 490.294 478.884 510.715 536.622 514.976 534.607 525.620 533.876 532.056
641 315.000 312.077 311.299 310.286 317.376 310.780 314.531 309.777 310.362 306.588 315.965
642 420.000 462.793 440.330 441.695 427.249 427.306 446.379 450.296 431.187 434.219 427.482
643 466.000 465.184 464.664 456.397 459.523 466.577 462.375 462.698 461.805 460.270 456.455
644 315.000 333.398 322.916 339.143 328.081 326.999 326.661 329.109 343.092 342.154 350.931
645 345.000 345.292 345.958 350.079 338.318 349.716 336.444 344.689 361.159 344.363 348.190
646 451.000 428.525 435.870 450.381 443.910 447.668 465.266 460.176 436.337 437.089 453.926
647 337.000 342.671 353.487 347.286 354.328 344.858 356.971 348.550 345.706 339.776 354.744
648 439.000 436.688 413.740 416.467 416.025 431.272 433.456 408.521 424.198 417.691 427.351
649 330.000 335.045 342.683 348.891 364.403 326.670 338.040 345.277 338.354 337.251 347.019
650 538.000 544.746 541.487 534.242 549.871 543.982 532.405 543.216 547.872 533.124 540.514
651 326.000 372.146 419.406 412.573 380.345 448.570 370.883 446.471 421.816 343.295 420.877
652 392.000 413.219 424.597 418.825 422.472 391.644 418.315 412.615 401.592 421.390 395.666
653 366.000 399.376 407.878 406.938 396.484 445.806 402.742 393.271 402.010 434.620 396.617
654 318.000 333.247 321.766 318.025 319.566 325.310 336.166 314.220 316.927 326.110 335.962
655 561.000 471.226 459.102 468.424 432.355 457.054 433.839 441.859 434.355 443.552 471.981
656 436.000 439.585 417.394 415.615 431.465 448.768 423.565 438.693 417.604 429.995 420.305
657 463.000 489.301 489.697 488.458 499.092 484.699 476.886 482.433 467.664 475.562 488.444
658 348.000 332.341 333.035 329.896 330.971 325.394 332.373 334.513 330.249 334.755 331.904
659 313.000 347.670 370.420 338.184 349.288 348.762 370.743 368.572 346.179 345.459 352.040
660 451.000 447.771 456.469 443.701 445.385 453.443 455.860 450.109 458.009 455.141 452.239
661 384.000 401.218 390.767 350.811 404.424 370.292 389.939 414.696 376.201 361.313 382.024
662 459.000 431.217 449.984 439.706 444.295 443.100 440.185 450.107 440.259 444.591 441.729
663 421.000 357.652 348.949 363.994 344.937 351.425 338.205 354.081 345.724 364.766 341.955
664 481.000 464.793 453.650 444.053 466.492 467.117 459.651 460.647 462.309 444.907 464.984
665 320.000 345.536 320.471 344.292 352.583 344.191 325.872 355.553 327.194 335.622 344.987
666 310.000 339.156 386.710 359.578 374.658 368.699 401.731 361.263 382.876 387.753 366.272
667 402.000 411.092 409.938 403.519 409.350 410.458 408.378 415.305 406.028 408.443 408.823
668 530.000 400.325 415.101 421.677 430.830 415.161 403.390 408.170 422.455 417.868 397.433
669 583.000 527.506 498.192 522.681 536.495 513.859 511.852 532.189 512.403 482.551 522.477
670 421.000 425.387 427.392 431.566 439.736 444.775 435.358 427.696 438.996 424.403 443.914
671 415.000 416.249 415.849 416.521 416.404 417.695 417.561 416.756 414.273 416.887 414.515
672 387.000 389.480 393.028 392.446 394.148 396.804 395.542 388.102 390.560 389.540 392.122
673 584.000 565.143 568.708 568.844 561.742 560.347 576.686 576.393 553.323 556.381 549.467
674 307.000 318.619 332.686 334.642 325.246 332.754 332.445 331.003 325.047 329.195 326.844
675 424.000 425.392 417.064 423.585 422.546 419.300 424.037 422.446 419.505 426.504 420.029
676 449.000 427.224 447.004 440.073 428.772 425.846 436.544 430.190 440.152 432.615 427.201
677 610.000 511.289 530.166 518.109 509.099 535.376 512.899 503.474 460.157 478.388 518.347
678 505.000 503.409 481.309 517.858 479.258 489.712 481.688 496.409 493.109 492.895 497.962
679 408.000 405.653 403.996 405.067 407.020 407.522 403.221 406.608 406.995 402.986 407.187
680 377.000 371.862 377.559 364.472 369.307 373.754 365.496 379.453 368.601 377.728 371.798
681 502.000 402.978 404.417 421.796 422.543 435.386 447.044 417.296 450.189 436.820 436.493
682 319.000 328.111 327.270 323.751 327.559 338.125 334.550 321.548 323.541 331.481 326.981
683 394.000 407.435 400.496 404.073 402.696 408.977 399.924 400.154 405.227 405.960 406.733
684 290.000 305.398 321.250 308.454 308.416 315.845 337.977 324.960 329.089 313.575 314.167
685 407.000 415.583 413.431 413.876 419.057 428.143 418.314 418.761 407.957 413.283 420.073
686 444.000 451.674 447.177 444.267 440.218 432.949 435.860 454.166 472.276 443.790 439.912
687 322.000 323.373 325.050 323.959 321.199 319.027 322.252 320.761 322.369 321.274 320.129
688 331.000 340.779 358.108 336.486 332.493 335.671 338.780 338.770 357.479 345.242 328.919
689 402.000 357.194 333.619 364.206 360.009 369.258 338.557 355.304 352.547 345.902 365.141
690 320.000 341.380 329.338 326.598 354.096 351.158 343.361 336.655 334.033 315.835 332.502
691 386.000 370.633 389.266 394.618 378.252 372.430 389.888 381.748 372.037 378.556 390.516
692 364.000 422.025 426.838 446.307 436.426 418.867 436.664 443.958 418.233 424.762 429.099
693 328.000 325.280 317.782 323.196 321.407 325.626 325.021 325.014 323.738 317.247 327.735
694 312.000 324.838 319.777 329.176 323.720 326.294 328.207 325.267 321.162 332.388 324.425
695 378.000 375.977 382.018 366.952 382.953 364.582 374.079 366.001 388.863 385.306 364.814
696 331.000 344.236 338.783 338.421 338.879 344.484 334.740 345.621 346.185 340.210 335.008
697 330.000 326.052 337.242 325.462 317.093 328.966 329.401 329.042 343.604 328.414 329.743
698 451.000 441.962 435.694 436.536 441.357 437.047 443.459 439.641 429.513 439.928 440.650
699 313.000 322.660 329.137 327.167 334.752 332.401 333.185 346.013 333.986 333.343 347.870
700 408.000 413.168 415.342 414.721 414.808 416.926 417.123 413.382 412.390 412.094 412.403
701 440.000 445.210 441.625 437.465 433.342 439.921 440.657 430.748 449.148 434.585 436.683
702 375.000 371.239 384.068 382.875 389.575 367.488 377.160 379.056 365.192 357.998 364.895
703 462.000 468.165 470.586 452.743 454.889 478.689 481.994 478.763 454.706 499.534 501.437
704 450.000 448.201 469.173 476.795 468.822 428.442 445.185 432.568 447.062 443.503 430.768
705 417.000 418.942 431.177 436.438 438.500 428.497 423.977 425.829 420.099 418.703 417.697
706 452.000 439.569 439.380 438.718 433.018 445.468 438.210 463.783 431.903 433.145 449.092
707 526.000 554.856 542.293 546.591 517.448 515.650 517.463 524.445 532.577 502.771 529.050
708 460.000 448.749 451.468 432.961 458.946 459.659 440.049 451.922 452.042 448.238 447.459
709 428.000 423.205 419.587 425.795 449.671 411.390 421.175 405.587 423.003 405.530 424.906
710 310.000 358.875 350.285 341.113 334.844 325.297 326.348 351.862 334.509 317.531 339.289
711 412.000 418.884 407.967 406.690 404.914 409.513 410.075 415.904 415.556 408.984 409.321
712 320.000 340.910 347.646 324.077 327.143 345.022 334.047 328.370 336.053 327.534 329.645
713 468.000 468.306 498.199 527.312 505.810 509.347 477.218 497.866 461.420 506.009 490.113
714 316.000 350.205 329.129 329.544 332.411 329.310 329.589 326.733 356.007 330.025 332.865
715 602.000 585.038 591.350 594.990 589.181 584.227 584.929 593.360 590.847 542.679 588.255
716 328.000 351.804 350.210 394.746 362.221 354.561 368.531 359.943 359.095 358.557 377.424
717 579.000 553.389 523.596 530.953 503.446 523.271 516.596 531.017 537.021 535.763 500.389
718 354.000 369.560 370.877 371.036 369.567 369.696 364.624 385.624 369.662 357.770 352.301
