data_index lambdaa.observed lambdaa.predicted.repeat1 lambdaa.predicted.repeat2 lambdaa.predicted.repeat3 lambdaa.predicted.repeat4 lambdaa.predicted.repeat5 lambdaa.predicted.repeat6 lambdaa.predicted.repeat7 lambdaa.predicted.repeat8 lambdaa.predicted.repeat9 lambdaa.predicted.repeat10
1 342.000 347.108 348.002 349.806 345.892 351.757 345.266 346.998 347.214 355.531 345.527
2 336.000 343.601 342.406 339.050 342.958 350.144 343.204 344.927 336.864 341.332 348.563
3 434.000 413.083 398.269 416.764 415.959 421.212 410.152 435.356 417.512 428.485 421.769
4 320.000 335.192 335.867 339.260 331.562 333.951 334.269 334.219 334.615 329.226 331.352
5 317.000 354.005 358.413 358.405 358.743 357.251 359.955 367.678 354.539 357.054 363.304
6 432.000 455.402 457.513 454.844 454.091 457.270 461.119 454.845 452.354 454.267 475.028
7 419.000 451.838 451.245 452.186 449.766 437.633 449.106 454.184 433.784 448.342 449.141
8 554.000 567.764 556.834 562.107 561.779 565.598 562.754 544.695 566.781 561.107 561.991
9 438.000 459.900 461.362 474.028 459.949 462.987 466.520 448.558 472.419 478.296 468.818
10 315.000 323.465 323.907 326.670 326.910 320.898 323.713 321.688 324.820 325.520 319.247
11 325.000 317.351 346.062 330.076 327.002 326.291 323.389 325.095 326.527 317.664 337.114
12 492.000 404.242 406.377 419.551 415.718 414.214 427.863 412.218 420.098 424.853 422.057
13 370.000 370.269 375.647 378.599 367.749 363.130 375.314 374.303 372.715 360.573 379.091
14 424.000 417.258 417.289 417.054 417.676 419.801 419.697 422.000 427.304 423.509 420.785
15 400.000 406.323 403.583 407.638 405.859 406.486 403.780 405.451 405.104 406.117 401.035
16 406.000 408.128 408.209 412.488 408.327 408.448 410.520 411.428 410.001 413.602 413.326
17 429.000 436.416 441.382 438.061 436.545 446.226 435.921 440.954 438.952 442.349 448.954
18 450.000 474.870 476.374 472.901 474.393 475.792 470.012 477.216 473.246 484.319 475.798
19 342.000 337.119 332.468 333.188 334.772 322.879 337.966 327.638 330.374 327.343 328.452
20 302.000 356.180 359.972 351.033 354.384 353.079 359.600 357.189 346.605 355.030 365.417
21 437.000 419.527 412.292 421.581 415.452 416.876 418.737 420.155 420.209 417.644 415.268
22 407.000 405.936 407.942 410.350 406.534 408.740 408.206 410.123 407.855 406.463 408.481
23 384.000 393.292 395.561 394.498 390.543 389.546 398.714 402.414 395.087 394.205 396.226
24 371.000 383.992 381.632 377.336 375.978 379.905 381.483 381.604 383.811 381.934 392.289
25 417.000 358.030 359.925 358.173 357.521 357.169 359.439 354.879 350.255 355.266 363.370
26 425.000 414.886 408.881 415.550 413.752 417.829 412.663 410.718 406.685 411.696 417.334
27 350.000 345.817 348.983 352.411 355.542 345.049 355.672 337.552 354.166 350.128 345.030
28 444.000 440.381 446.454 439.668 444.885 447.879 439.517 439.867 443.689 438.347 443.078
29 379.000 462.921 453.415 454.262 466.497 466.318 454.673 461.019 451.272 459.971 457.382
30 400.000 407.185 408.826 407.891 408.108 408.090 407.100 408.784 409.977 407.100 409.518
31 378.000 328.766 359.492 355.221 337.488 347.466 355.415 349.287 350.929 342.861 337.908
32 364.000 370.023 373.724 371.273 372.801 372.423 370.320 369.266 372.834 370.736 376.958
33 360.000 349.873 350.459 351.878 350.032 345.833 345.352 347.749 350.475 349.719 348.448
34 382.000 399.194 394.644 394.738 399.048 398.742 397.160 395.981 390.372 394.577 393.341
35 527.000 514.770 515.611 495.810 511.595 522.160 522.514 514.980 500.901 523.474 516.332
36 408.000 418.101 419.307 418.026 414.296 416.323 417.149 422.066 423.734 414.518 418.397
37 421.000 417.760 415.436 413.800 415.839 413.654 412.708 405.413 414.657 416.621 409.343
38 346.000 342.664 332.856 342.666 341.771 348.767 336.663 350.856 342.658 343.828 341.315
39 478.000 564.703 554.380 556.072 567.383 571.632 568.118 567.387 567.590 563.910 566.830
40 420.000 443.301 438.135 439.689 436.958 440.319 439.652 439.504 435.922 437.994 437.102
41 430.000 454.443 463.214 463.077 463.204 471.115 470.337 462.567 465.214 463.569 458.338
42 623.000 579.892 542.930 575.175 557.097 568.532 547.237 567.710 571.598 572.429 569.192
43 457.000 458.981 459.496 467.178 469.933 468.461 494.338 467.301 471.501 466.871 457.812
44 424.000 430.527 427.951 433.186 424.729 424.487 433.563 434.650 427.744 429.372 424.880
45 456.000 498.913 478.731 474.659 486.508 474.439 484.571 513.154 485.376 480.818 483.749
46 411.000 414.448 408.380 402.809 415.214 412.064 410.454 408.654 413.237 414.201 428.501
47 413.000 480.339 479.496 472.153 476.695 478.696 464.490 475.639 462.878 478.240 476.861
48 332.000 334.579 340.948 334.233 335.857 326.100 336.572 335.285 326.338 330.553 329.420
49 489.000 488.900 488.900 481.462 488.900 489.100 488.900 488.900 488.900 488.900 488.900
50 425.000 408.518 403.701 406.159 406.826 393.000 414.070 409.178 404.114 409.862 406.773
51 359.000 378.882 386.731 382.397 379.426 381.430 384.247 384.852 371.854 383.167 368.125
52 418.000 417.678 418.642 422.544 424.091 417.949 418.358 419.646 420.158 421.452 424.670
53 325.000 329.850 329.577 327.818 330.238 327.965 325.715 327.832 324.616 323.530 327.639
54 447.000 478.471 477.155 468.057 477.203 477.058 467.958 484.983 480.042 468.534 477.579
55 464.000 464.287 464.286 460.466 465.142 482.096 453.025 462.288 482.078 459.828 460.065
56 431.000 414.908 425.904 424.602 413.419 422.309 422.392 421.763 421.779 420.975 417.889
57 332.000 334.942 341.710 349.368 345.477 340.008 351.667 342.596 337.574 335.981 338.911
58 329.000 400.800 375.479 387.683 379.836 385.474 394.865 381.112 372.468 383.535 399.145
59 315.000 344.618 340.154 337.801 343.132 334.878 329.830 338.099 344.438 338.874 341.564
60 396.000 433.311 423.104 434.279 438.290 427.797 438.793 430.117 423.727 431.879 428.932
61 390.000 355.982 359.663 357.080 361.285 359.628 362.550 351.297 360.229 358.058 351.128
62 423.000 439.955 456.094 447.130 443.895 444.744 439.493 446.506 447.991 441.087 442.815
63 430.000 437.274 442.036 437.467 444.694 433.765 438.704 448.825 440.978 433.766 437.465
64 429.000 423.968 419.054 417.397 403.560 422.294 412.837 418.689 415.905 418.607 417.542
65 467.000 454.536 453.722 441.619 459.860 458.097 460.099 455.245 470.309 455.640 457.806
66 602.000 523.585 527.609 525.941 533.229 536.643 527.905 530.894 541.954 531.873 541.268
67 461.000 443.127 444.061 456.764 438.159 444.039 448.667 441.451 472.721 445.581 444.851
68 342.000 337.100 342.409 340.053 346.217 340.039 340.196 341.902 341.555 338.802 339.420
69 545.000 493.422 490.777 484.093 487.447 489.586 481.670 482.711 484.429 503.985 481.235
70 415.000 420.193 423.548 413.402 418.412 421.778 417.465 419.184 420.312 422.294 419.821
71 365.000 379.631 376.851 380.706 380.064 382.098 380.753 377.784 374.952 378.384 379.192
72 429.000 446.216 454.754 463.039 439.609 460.997 456.059 442.663 452.768 461.285 463.158
73 336.000 326.880 328.582 328.142 331.232 321.300 323.889 329.752 329.598 330.460 333.462
74 302.000 321.007 315.961 310.882 314.843 308.848 305.115 309.208 313.840 307.229 320.133
75 426.000 430.706 430.500 430.455 428.159 446.705 436.893 428.981 432.219 428.228 427.086
76 364.000 392.336 403.494 397.256 401.765 393.229 398.320 399.777 396.599 403.697 411.237
77 451.000 427.927 426.169 428.129 427.026 426.046 424.370 428.579 437.490 423.888 422.323
78 573.000 572.602 559.976 569.713 553.388 554.934 569.002 574.198 568.253 570.659 573.531
79 447.000 445.271 446.062 446.900 446.900 445.816 446.900 445.518 441.882 446.900 446.900
80 322.000 332.201 335.804 330.139 336.423 337.094 332.411 339.555 342.578 337.954 342.238
81 586.000 560.082 567.349 559.213 569.718 562.542 554.815 565.888 558.313 556.131 572.171
82 459.000 442.167 446.064 453.199 448.236 437.371 443.529 446.908 446.330 446.872 453.669
83 405.000 416.650 410.405 406.545 413.975 423.318 413.564 412.140 413.145 414.015 414.513
84 434.000 426.053 426.618 427.480 425.873 429.400 426.824 434.688 430.119 427.463 428.065
85 441.000 438.791 431.963 434.823 436.487 433.434 427.840 434.722 432.494 436.512 472.731
86 403.000 401.505 404.248 402.035 401.953 403.118 399.408 403.174 402.640 401.752 401.578
87 450.000 449.815 447.876 452.687 450.171 445.842 451.317 448.501 448.159 447.792 452.742
88 372.000 353.207 354.751 353.139 353.922 352.968 354.120 353.057 359.657 349.916 357.809
89 400.000 395.986 425.983 393.396 397.031 400.866 408.331 382.810 389.004 426.474 403.198
90 545.000 541.408 541.624 543.825 540.844 543.383 535.706 541.242 545.924 546.591 546.353
91 411.000 396.800 404.690 402.324 406.607 401.115 403.954 407.155 410.839 402.148 405.398
92 344.000 349.813 352.529 346.126 352.131 342.749 355.276 343.223 351.107 347.082 347.288
93 502.000 493.564 487.847 482.647 495.892 491.383 489.605 489.538 491.011 491.274 496.230
94 401.000 418.722 408.621 405.900 410.631 394.049 403.186 409.814 409.563 409.371 422.347
95 407.000 400.289 397.945 399.484 403.426 406.617 401.016 402.278 397.677 401.235 399.057
96 444.000 438.182 424.776 437.998 433.699 440.177 442.688 438.097 440.237 439.525 439.102
97 321.000 319.708 320.543 323.814 327.658 325.768 314.973 317.753 316.309 315.439 315.331
98 584.000 578.437 580.768 587.009 577.703 574.854 582.397 570.585 574.315 577.161 575.851
99 480.000 496.133 566.745 484.133 491.974 478.318 489.946 499.626 502.652 482.707 487.075
100 510.000 511.475 498.752 502.157 500.030 488.826 501.554 505.957 514.098 508.080 496.750
101 408.000 407.674 409.689 420.608 415.651 408.598 412.584 414.723 407.033 402.927 417.655
102 323.000 327.419 325.385 326.247 326.983 323.155 329.263 331.069 327.279 328.267 332.777
103 438.000 475.510 479.350 490.486 511.335 500.216 477.469 491.325 478.133 478.603 471.652
104 417.000 414.539 411.540 414.558 414.141 414.766 412.393 418.255 413.625 413.132 412.414
105 429.000 423.367 417.337 421.880 421.813 421.552 415.555 415.050 417.529 424.952 418.734
106 434.000 422.147 420.186 418.928 424.405 426.030 418.052 416.988 418.670 424.097 422.047
107 442.000 420.678 426.443 442.513 420.539 422.877 429.137 418.598 417.573 423.749 432.274
108 410.000 411.913 414.048 412.597 416.461 411.854 412.800 420.474 423.899 411.041 413.990
109 335.000 384.908 384.410 381.437 375.971 381.117 375.451 375.964 369.654 379.047 382.982
110 515.000 514.123 517.216 510.387 515.437 513.067 513.268 512.493 515.484 541.748 515.238
111 400.000 400.635 408.123 397.114 400.519 403.650 398.870 398.711 404.658 397.731 402.700
112 429.000 425.397 436.708 439.105 422.736 428.422 434.213 426.433 412.140 430.707 426.701
113 432.000 460.425 467.823 459.732 465.761 462.873 453.623 453.076 458.467 458.538 458.025
114 335.000 331.148 330.100 331.001 330.396 330.210 332.078 330.908 330.100 333.706 330.100
115 395.000 399.140 415.241 394.649 399.681 402.539 406.080 401.201 409.527 403.880 391.899
116 341.000 341.150 338.117 336.536 341.623 341.667 341.272 342.658 338.219 343.084 336.284
117 425.000 418.370 424.845 420.038 418.780 423.838 423.376 420.924 422.154 424.271 424.888
118 351.000 363.653 370.800 367.632 364.147 361.737 367.508 363.436 359.663 366.316 374.423
119 315.000 317.315 314.840 317.149 316.718 316.296 314.677 314.487 316.131 314.621 315.337
120 320.000 325.144 334.239 329.020 356.452 337.632 331.581 333.898 335.653 329.002 326.094
121 588.000 590.350 593.763 593.272 587.518 600.825 590.279 598.891 595.167 595.483 594.638
122 469.000 466.179 485.356 485.855 477.211 482.079 486.584 478.799 457.064 476.917 471.704
123 321.000 345.817 356.560 354.967 357.097 348.881 351.629 354.788 345.116 352.449 354.628
124 310.000 417.650 392.490 397.555 408.728 401.593 421.941 421.831 397.450 414.890 401.826
125 362.000 369.369 359.150 366.106 365.091 357.581 364.917 357.189 363.642 361.577 354.808
126 332.000 362.429 365.979 367.529 371.072 365.082 354.932 365.013 337.145 363.892 366.817
127 307.000 346.469 340.406 326.879 343.217 345.282 341.164 341.469 344.720 340.894 338.402
128 400.000 386.907 388.139 383.834 389.745 392.337 391.415 389.108 393.707 389.246 394.750
129 490.000 500.708 491.994 477.502 485.493 495.059 495.043 496.324 503.416 496.697 500.633
130 354.000 361.897 363.689 361.734 364.688 357.130 358.275 362.308 361.168 358.725 351.926
131 326.000 339.339 345.312 344.785 345.797 341.380 345.517 343.693 342.993 343.601 341.302
132 326.000 332.457 341.592 329.226 332.795 338.017 341.024 334.469 338.460 341.092 332.097
133 409.000 407.545 399.050 406.850 402.680 405.722 408.818 400.569 403.112 404.134 408.259
134 562.000 445.215 437.677 435.917 440.613 443.391 439.857 436.773 435.545 435.031 439.110
135 332.000 345.730 354.973 350.936 348.004 346.994 350.655 345.501 347.020 350.525 347.345
136 472.000 497.053 487.732 493.886 490.262 486.977 494.115 504.897 492.487 487.964 478.236
137 405.000 418.854 417.029 421.301 417.691 423.862 419.780 418.100 413.499 421.110 415.614
138 394.000 396.177 400.390 404.233 397.425 395.140 401.175 398.952 399.400 399.458 396.896
139 324.000 340.947 347.238 342.272 342.880 342.237 344.778 341.356 343.077 345.223 342.286
140 555.000 570.745 550.672 554.200 554.373 542.256 553.485 538.651 553.066 551.696 537.499
141 324.000 316.066 316.910 313.185 317.376 317.076 310.416 314.799 314.030 310.956 315.905
142 422.000 420.113 429.893 428.649 430.340 439.136 422.045 427.149 427.875 442.731 439.536
143 429.000 425.192 431.635 434.343 423.805 426.764 423.360 426.755 411.934 428.183 434.567
144 314.000 327.619 326.638 333.243 352.226 325.416 326.481 317.892 326.426 325.866 331.857
145 445.000 445.193 444.068 435.731 438.694 446.721 443.001 439.977 439.414 441.593 442.238
146 420.000 409.433 416.160 412.825 411.400 408.837 406.301 412.460 411.682 408.912 416.978
147 350.000 350.458 358.026 356.768 362.848 355.813 354.927 352.303 353.539 356.136 363.284
148 381.000 404.297 399.656 407.461 400.726 411.726 411.188 416.564 405.610 411.008 405.374
149 340.000 361.167 353.102 354.738 351.953 353.401 356.956 346.983 362.177 345.055 361.368
150 462.000 468.805 467.012 470.107 462.618 465.207 461.607 471.531 468.018 462.866 461.450
151 545.000 517.295 522.955 513.045 513.847 524.102 523.075 508.418 515.710 527.149 512.704
152 401.000 400.017 405.920 390.169 397.557 400.121 398.508 398.912 400.394 399.852 412.814
153 450.000 496.976 494.721 489.532 474.643 489.698 481.890 462.353 504.576 483.492 500.365
154 495.000 529.622 523.504 526.109 522.771 532.818 522.301 519.038 531.476 521.168 529.429
155 415.000 415.855 409.616 409.127 396.027 394.241 413.945 398.029 401.366 381.498 383.422
156 580.000 499.344 522.513 489.561 519.380 514.661 521.594 515.279 504.868 522.742 524.985
157 412.000 408.289 415.610 416.721 408.038 416.377 422.471 413.130 414.667 413.755 410.688
158 446.000 461.698 464.646 458.493 463.989 457.143 461.554 465.980 466.365 459.880 454.328
159 330.000 305.791 311.851 308.017 310.214 313.541 308.452 303.903 308.725 312.397 308.408
160 325.000 324.435 327.727 327.507 327.010 322.943 321.467 318.665 333.251 331.167 327.086
161 316.000 302.779 308.572 324.552 316.015 311.463 309.333 307.709 330.509 311.573 309.539
162 408.000 385.474 387.338 387.921 394.441 383.925 390.359 384.780 376.710 383.613 390.553
163 428.000 408.894 406.724 419.040 408.531 412.264 406.710 409.429 412.323 404.623 422.570
164 396.000 490.041 494.811 494.034 494.294 505.345 490.677 494.761 496.281 489.513 492.968
165 385.000 361.593 358.496 352.817 359.388 361.125 358.604 358.867 355.595 361.106 354.167
166 335.000 344.625 339.640 335.973 338.701 340.088 338.043 340.725 340.084 342.072 339.400
167 339.000 325.322 335.488 338.552 335.950 331.475 334.732 335.669 340.744 338.137 335.592
168 419.000 430.953 433.174 435.885 432.400 428.058 430.047 429.299 437.781 431.051 439.491
169 321.000 307.898 312.030 308.194 307.927 309.957 307.733 310.266 312.216 308.902 310.724
170 419.000 418.492 414.263 417.741 413.541 417.963 413.913 414.831 419.178 415.210 413.649
171 423.000 403.791 404.694 399.427 401.687 405.000 404.215 400.901 404.542 411.550 404.151
172 416.000 409.223 409.496 404.278 405.259 411.865 412.124 408.473 411.541 411.384 404.930
173 434.000 410.638 416.027 421.595 417.914 419.352 427.373 409.794 411.491 409.487 425.479
174 329.000 346.698 331.311 333.335 340.635 338.920 341.327 337.162 336.746 335.483 337.650
175 450.000 434.927 431.490 437.673 425.531 432.006 432.968 441.578 440.576 431.750 426.555
176 333.000 332.142 324.525 330.975 324.681 328.963 328.997 334.575 325.640 328.602 328.264
177 420.000 401.802 394.245 398.201 401.532 395.729 394.094 405.166 409.904 394.354 398.823
178 315.000 341.906 342.267 335.866 342.673 336.973 338.980 338.243 340.406 334.594 335.960
179 349.000 341.792 347.219 350.508 357.274 350.676 360.190 351.743 342.338 359.879 356.522
180 431.000 392.130 396.553 400.022 393.201 392.809 394.806 401.011 377.121 393.844 400.804
181 407.000 388.281 394.529 387.590 388.292 390.037 395.632 390.935 394.239 397.155 389.318
182 424.000 429.026 429.524 430.998 428.351 431.438 431.040 432.651 427.693 431.430 428.299
183 425.000 426.679 427.588 421.966 427.202 425.394 429.125 429.633 431.132 427.150 430.169
184 588.000 602.821 600.953 608.234 606.973 604.793 605.865 604.115 608.090 602.875 601.029
185 332.000 342.219 343.877 338.765 341.654 343.236 338.122 344.939 344.772 346.387 341.917
186 379.000 416.196 412.624 419.885 420.298 426.304 422.222 411.334 410.535 415.389 411.513
187 586.000 578.415 583.882 571.819 567.653 574.435 562.189 577.819 570.397 576.376 573.263
188 528.000 541.158 544.944 544.932 559.328 544.565 548.098 557.196 532.780 552.866 544.317
189 425.000 414.486 428.637 414.547 410.483 415.534 415.754 413.488 408.271 415.487 414.502
190 398.000 394.904 399.468 402.011 398.553 407.592 398.984 399.344 395.721 392.040 395.196
191 492.000 493.614 490.418 497.396 503.572 503.888 508.220 501.794 504.851 510.967 489.443
192 395.000 395.167 395.358 395.620 394.106 399.374 402.079 397.400 403.470 403.884 402.092
193 503.000 454.641 465.656 456.785 464.517 454.697 456.001 460.156 454.550 454.565 460.868
194 402.000 406.442 403.238 398.834 406.171 402.344 404.700 404.611 399.896 399.847 405.216
195 316.000 338.419 343.922 333.362 340.283 338.306 337.026 332.735 338.311 336.634 339.858
196 537.000 529.117 544.911 530.971 532.772 544.497 535.430 535.547 537.550 529.312 530.358
197 426.000 447.179 445.587 438.820 443.674 447.578 444.139 449.048 445.602 438.271 452.394
198 414.000 446.357 438.296 447.900 444.541 447.901 438.237 445.839 447.156 444.305 447.695
199 460.000 498.355 563.148 502.209 502.997 501.935 497.346 497.416 499.556 495.323 499.826
200 438.000 455.500 437.308 455.645 445.152 434.694 444.142 439.141 442.268 435.235 438.984
201 418.000 418.919 420.085 414.661 422.802 415.987 423.471 418.019 415.788 416.798 422.616
202 432.000 409.037 409.037 405.786 405.504 403.499 405.813 408.551 410.210 405.030 412.512
203 422.000 422.461 426.217 422.642 428.335 424.818 424.312 425.343 422.787 415.702 421.494
204 450.000 420.085 421.468 414.527 421.074 405.947 417.294 416.255 418.738 420.837 423.737
205 362.000 345.037 352.096 352.324 344.816 350.502 362.558 349.338 348.867 349.915 351.899
206 500.000 437.812 409.074 417.007 422.432 411.376 433.983 416.381 424.886 420.140 422.557
207 361.000 367.683 374.419 369.853 368.763 366.277 368.252 357.423 372.210 363.001 371.639
208 439.000 388.812 382.257 378.363 388.045 386.538 385.153 388.246 383.751 392.528 389.288
209 382.000 487.832 492.941 494.976 499.332 503.743 473.450 486.565 496.390 483.847 479.050
210 446.000 455.250 453.214 450.323 446.922 455.135 453.385 451.510 452.953 451.433 455.567
211 420.000 445.377 445.176 444.029 445.578 446.266 446.550 445.176 435.519 445.387 445.006
212 420.000 425.545 422.226 428.162 428.207 422.640 426.914 428.467 428.409 427.621 432.629
213 488.000 429.048 417.683 412.878 420.121 416.293 418.011 413.612 421.285 400.656 412.051
214 395.000 401.009 396.185 393.141 397.276 395.387 398.914 392.075 392.771 398.570 390.662
215 399.000 390.298 391.810 391.807 388.547 392.755 398.518 391.247 390.067 392.161 390.964
216 356.000 352.908 348.087 347.173 346.943 346.549 347.147 348.581 345.755 349.270 348.715
217 440.000 437.261 430.328 445.683 430.772 427.429 438.318 431.894 437.785 433.752 444.665
218 342.000 382.550 370.306 367.519 348.628 364.868 371.893 356.852 371.884 365.509 361.067
219 535.000 505.591 496.446 500.135 505.274 509.008 514.157 519.548 502.914 517.009 500.977
220 525.000 480.838 493.070 497.491 487.783 488.560 488.342 490.150 497.998 500.918 488.359
221 526.000 512.691 521.076 503.988 511.975 512.935 514.647 509.977 516.459 514.013 505.355
222 318.000 300.740 302.627 304.935 307.138 303.589 305.210 308.689 301.174 302.169 301.789
223 518.000 474.685 482.503 476.371 462.983 486.442 451.506 469.389 464.143 469.141 477.352
224 366.000 362.853 363.121 366.271 362.978 362.387 362.363 371.766 359.230 364.655 362.431
225 349.000 365.649 367.037 364.670 370.135 371.599 367.718 370.934 365.916 366.156 368.757
226 396.000 396.718 391.765 395.014 395.351 390.979 396.227 393.662 400.426 397.373 406.017
227 380.000 365.934 368.727 368.724 371.676 371.210 370.277 373.704 370.594 368.121 368.239
228 375.000 380.167 379.517 375.712 381.197 378.869 368.946 374.549 377.173 375.786 378.834
229 455.000 445.399 452.707 454.262 451.387 456.222 454.143 453.404 454.720 449.841 456.136
230 428.000 435.591 442.969 437.431 440.886 434.236 431.505 436.605 439.882 440.349 441.361
231 334.000 331.560 336.612 338.899 333.261 332.432 336.387 337.040 339.233 338.139 335.281
232 337.000 324.964 329.885 330.921 324.950 321.394 323.667 326.909 325.647 324.960 326.162
233 418.000 413.641 421.331 421.458 410.727 419.520 417.116 420.804 416.597 417.182 421.903
234 310.000 312.077 318.382 325.004 325.448 328.597 320.815 335.293 320.807 316.427 314.734
235 395.000 397.046 398.098 398.124 401.698 403.034 398.273 398.595 395.892 397.885 402.768
236 450.000 423.341 431.672 419.101 426.793 412.808 422.522 421.096 422.808 422.314 427.300
237 368.000 356.626 375.530 354.880 374.184 352.254 360.817 349.782 356.109 362.067 348.911
238 468.000 487.616 482.365 489.975 484.979 477.803 491.826 496.354 480.378 488.505 493.995
239 305.000 291.953 283.973 294.039 290.677 298.639 290.012 292.826 294.257 295.206 288.821
240 303.000 323.978 309.363 317.712 330.410 317.367 313.676 333.366 324.966 323.495 315.312
241 316.000 319.266 320.813 313.839 321.920 318.930 318.198 318.097 320.453 322.280 323.615
242 360.000 350.175 371.830 351.722 353.598 345.794 352.856 352.184 353.171 346.733 346.918
243 466.000 463.387 465.900 464.561 465.900 465.900 465.901 463.508 465.900 455.168 465.875
244 422.000 406.225 404.430 406.559 411.131 403.955 408.005 404.078 402.848 407.548 402.004
245 418.000 409.637 394.045 403.838 404.019 402.229 407.038 402.089 396.678 400.857 406.562
246 409.000 417.094 410.579 412.797 415.885 417.501 411.265 414.904 416.884 413.905 414.169
247 326.000 357.558 360.506 357.406 354.209 365.202 349.759 357.700 350.931 356.222 359.348
248 328.000 360.319 367.458 359.926 359.858 352.894 355.659 354.475 373.706 364.601 388.904
249 369.000 362.687 365.088 359.916 366.096 363.643 360.763 362.126 363.078 360.814 378.721
250 346.000 342.923 339.985 343.280 343.475 346.377 343.073 349.060 347.317 346.981 336.269
251 407.000 394.392 395.142 396.151 393.855 399.440 397.195 394.222 394.084 398.901 398.305
252 414.000 401.535 396.605 396.188 400.626 401.253 394.502 400.034 398.705 402.840 392.762
253 501.000 476.764 484.898 478.702 469.076 463.611 475.587 466.861 464.718 465.714 470.585
254 421.000 414.394 417.245 414.151 414.992 413.289 412.216 414.533 413.147 414.795 413.597
255 316.000 328.999 326.060 318.578 337.847 326.738 323.805 325.359 326.444 322.541 324.714
256 328.000 329.137 329.000 329.253 327.874 328.974 321.260 331.798 331.579 318.815 326.583
257 445.000 529.501 483.128 467.453 522.906 528.232 524.734 531.314 532.398 525.747 521.732
258 371.000 388.678 377.330 372.025 391.656 368.194 387.190 364.998 369.710 385.010 368.307
259 484.000 437.340 447.977 443.762 446.182 442.838 442.896 434.775 438.809 439.211 438.613
260 418.000 420.902 419.925 414.727 411.602 421.957 420.032 418.842 415.971 421.628 417.593
261 371.000 374.336 373.686 372.430 373.556 373.170 377.558 379.104 371.923 375.220 373.606
262 331.000 306.468 308.816 310.200 312.123 307.596 306.581 305.152 311.791 315.654 304.914
263 586.000 575.887 568.992 567.359 574.217 572.091 568.031 571.990 574.837 568.035 567.519
264 434.000 443.596 450.391 432.399 452.610 452.543 443.073 436.021 448.826 444.818 448.554
265 412.000 415.048 425.329 416.528 420.817 406.557 413.163 421.933 413.705 419.476 420.074
266 483.000 449.584 449.698 449.688 443.634 456.611 458.843 444.086 454.096 446.643 461.696
267 393.000 377.041 381.590 385.809 375.134 380.770 380.543 376.655 379.867 377.984 380.576
268 386.000 396.572 390.363 391.478 393.031 403.493 399.504 392.199 398.224 392.027 390.909
269 344.000 347.176 348.873 364.785 364.863 356.806 352.303 349.569 366.661 351.573 355.874
270 392.000 400.749 401.715 392.469 396.104 390.285 395.918 393.731 405.124 393.662 400.027
271 460.000 419.290 417.069 422.898 426.898 436.916 427.229 417.228 418.388 423.546 425.824
272 321.000 316.142 311.649 315.297 314.987 311.325 321.191 320.482 320.412 317.199 317.081
273 311.000 339.739 347.088 359.737 346.985 349.728 347.840 348.730 351.090 348.315 345.161
274 391.000 334.533 359.338 353.269 352.903 349.087 348.851 350.772 353.320 352.313 353.230
275 431.000 444.645 453.824 450.055 455.606 450.109 439.753 439.622 443.702 440.816 461.964
276 357.000 348.230 356.321 350.292 351.044 354.401 354.789 353.298 347.491 352.920 352.695
277 414.000 417.400 407.220 424.225 419.911 419.706 418.123 398.706 420.802 417.445 394.660
278 452.000 435.075 438.245 436.081 440.013 437.200 441.044 438.971 451.634 439.767 442.301
279 437.000 405.458 400.895 397.467 404.988 409.329 395.625 401.900 406.608 399.977 411.578
280 315.000 311.691 313.119 308.082 316.159 314.333 312.447 314.915 314.289 308.769 316.058
281 435.000 441.598 446.162 441.675 444.906 447.791 435.122 451.771 438.837 445.085 440.306
282 448.000 457.224 468.273 468.929 494.904 485.646 453.983 464.379 456.203 456.965 458.364
283 416.000 416.660 414.965 418.372 414.468 417.847 420.153 414.904 417.651 417.705 414.626
284 328.000 314.800 315.940 312.530 319.181 320.379 309.364 317.219 311.650 314.090 315.471
285 390.000 400.350 397.747 400.480 398.295 399.933 398.377 400.681 398.698 399.846 405.967
286 310.000 327.069 322.856 338.410 329.941 324.900 334.565 324.116 328.586 330.671 329.123
287 365.000 365.304 365.110 366.370 365.027 363.199 364.845 369.687 365.750 361.165 366.763
288 402.000 410.622 405.851 393.515 397.938 403.647 396.104 384.327 370.892 393.514 390.985
289 372.000 388.125 381.089 383.498 391.798 390.614 387.372 391.848 388.871 389.348 400.814
290 428.000 428.440 442.965 457.189 446.996 454.396 440.451 440.983 440.821 444.900 446.511
291 267.000 421.589 394.912 406.341 389.237 394.626 412.277 400.289 398.407 405.300 417.841
292 330.000 337.709 335.040 336.344 335.871 332.892 343.295 334.830 338.234 335.022 333.945
293 598.000 585.169 598.945 595.730 591.451 598.008 584.292 598.499 583.971 586.804 593.024
294 392.000 376.257 375.841 365.629 373.507 367.334 368.747 383.231 372.065 365.712 368.140
295 430.000 478.305 476.403 466.128 475.063 474.357 476.231 475.101 457.328 476.948 469.406
296 340.000 357.295 357.263 356.011 362.704 358.474 359.077 365.844 360.096 360.867 360.604
297 312.000 323.223 320.538 319.403 321.597 316.411 320.552 323.127 319.770 324.644 321.726
298 327.000 325.664 333.553 339.625 331.375 333.304 343.374 335.058 331.502 341.693 344.229
299 342.000 388.492 366.172 359.873 364.110 363.777 363.340 360.340 359.639 359.132 363.676
300 417.000 422.713 416.659 420.132 422.993 419.218 419.588 423.584 420.159 419.028 420.789
301 318.000 316.188 316.510 317.118 312.385 312.717 312.790 316.830 315.639 312.768 314.052
302 329.000 330.338 336.597 324.589 340.403 329.321 331.090 329.451 332.328 328.351 330.724
303 339.000 350.747 344.378 348.983 342.978 344.432 333.667 350.792 339.648 340.873 348.750
304 334.000 317.411 336.650 319.574 316.365 321.262 318.428 318.541 319.664 320.755 326.087
305 346.000 373.739 356.996 351.717 348.510 357.542 368.882 348.076 363.721 346.936 354.644
306 420.000 422.169 420.707 421.769 424.415 423.689 416.091 417.061 420.943 426.962 429.674
307 371.000 387.122 384.592 381.157 387.316 384.965 388.316 389.265 387.093 377.763 384.270
308 560.000 553.983 556.948 567.437 553.402 549.810 554.174 561.997 563.049 565.282 554.670
309 512.000 502.109 504.437 501.981 503.306 509.685 514.535 507.164 502.220 507.223 506.686
310 410.000 411.719 411.752 412.701 415.552 409.906 410.646 412.926 409.905 412.614 413.681
311 473.000 476.946 459.764 474.004 472.768 472.983 476.739 477.900 474.829 472.391 473.823
312 427.000 428.117 429.433 432.136 436.076 432.616 434.231 423.725 426.640 427.794 426.579
313 326.000 324.804 340.306 334.722 332.982 332.072 333.170 334.310 334.720 330.074 345.069
314 405.000 390.757 385.148 389.005 395.338 388.695 394.070 389.478 386.055 390.967 387.469
315 442.000 462.156 460.091 459.016 454.126 461.410 454.156 459.433 452.993 446.941 467.658
316 330.000 335.100 335.100 335.100 335.100 335.100 335.100 335.100 334.900 334.900 335.100
317 328.000 331.852 333.765 332.837 328.521 334.152 333.233 327.588 334.635 324.369 332.702
318 436.000 444.601 438.599 441.143 446.796 446.149 447.472 447.204 454.125 445.195 443.096
319 410.000 415.488 412.355 413.619 411.054 413.197 412.538 412.421 414.438 410.812 413.370
320 462.000 495.417 496.234 487.593 506.736 488.636 496.252 497.840 494.426 497.397 502.715
321 471.000 460.230 461.097 464.676 460.338 458.487 459.177 464.452 454.119 461.413 460.845
322 427.000 419.820 415.497 426.900 426.900 424.947 426.900 415.256 426.900 426.900 426.900
323 464.000 449.100 466.307 449.100 458.268 458.971 454.335 459.058 449.100 462.144 449.100
324 446.000 440.578 446.363 441.406 431.479 439.326 438.812 441.119 444.777 444.601 438.459
325 583.000 593.218 607.093 590.616 587.326 598.455 593.610 600.460 592.463 592.605 584.582
326 562.000 503.778 528.530 538.591 505.802 499.177 494.128 502.449 507.817 480.226 504.338
327 313.000 311.301 310.749 309.959 311.355 312.088 308.984 311.114 310.647 313.251 308.610
328 422.000 410.655 409.434 407.545 411.695 411.119 406.813 406.178 410.933 417.062 410.852
329 382.000 430.542 438.258 447.875 448.141 453.753 435.270 431.945 440.233 443.328 436.058
330 398.000 363.821 373.709 369.797 365.675 365.019 365.499 374.618 370.857 359.853 362.236
331 371.000 373.362 381.351 374.619 377.124 375.873 377.675 377.984 383.011 376.668 391.084
332 414.000 410.433 406.918 410.576 404.254 402.202 404.807 401.611 410.659 407.174 402.841
333 440.000 463.563 457.500 455.761 455.357 463.849 462.905 455.792 456.436 457.403 461.517
334 599.000 587.870 583.314 581.839 588.058 589.010 582.961 574.816 580.170 582.024 565.767
335 353.000 349.496 351.331 350.036 351.642 350.845 348.313 347.298 344.306 349.904 354.423
336 404.000 522.194 500.402 514.998 516.377 508.632 526.837 506.242 508.176 532.131 535.192
337 406.000 419.962 427.144 416.387 412.298 421.633 409.073 415.183 417.950 415.204 417.687
338 324.000 340.849 347.134 345.024 340.045 348.132 341.450 348.824 345.855 355.236 343.916
339 337.000 342.100 342.100 342.100 342.100 342.100 342.100 342.100 344.893 342.100 342.100
340 395.000 383.459 389.400 390.670 391.216 387.146 394.693 380.876 390.244 390.291 392.612
341 407.000 404.900 404.900 404.900 404.900 404.900 404.900 402.681 404.900 404.900 404.900
342 330.000 349.240 355.278 357.419 349.327 353.064 363.061 355.016 350.278 357.524 359.250
343 417.000 435.346 434.532 430.110 432.971 436.805 434.252 432.168 420.427 430.580 436.161
344 395.000 398.806 395.576 394.578 391.819 401.630 395.690 396.501 398.035 394.833 397.093
345 503.000 399.684 393.388 402.026 402.904 397.756 399.439 392.035 402.216 400.152 390.683
346 448.000 440.825 444.346 447.775 439.502 443.621 446.052 442.806 441.636 448.205 445.262
347 363.000 361.375 356.895 352.972 353.864 362.850 365.268 359.511 359.376 360.730 354.490
348 386.000 389.586 389.959 386.629 388.472 391.751 390.363 387.647 389.869 391.300 390.242
349 330.000 329.775 331.388 328.855 328.267 327.575 331.352 326.711 328.015 331.697 331.763
350 488.000 398.355 399.172 389.907 390.281 385.840 396.840 389.509 387.541 400.630 403.650
351 479.000 480.427 484.285 480.241 476.571 479.250 481.132 477.263 467.570 481.744 480.239
352 338.000 372.812 377.502 368.347 372.348 412.352 375.838 367.724 372.052 376.983 366.074
353 456.000 499.732 504.095 501.040 494.916 496.010 492.071 497.182 501.829 496.245 499.842
354 418.000 424.158 428.768 431.612 424.157 430.411 430.634 419.482 425.425 433.214 429.709
355 322.000 318.420 331.025 322.555 329.870 318.657 327.178 324.975 316.309 324.254 324.042
356 321.000 315.368 312.876 316.761 316.557 316.490 313.718 318.000 315.822 317.293 317.708
357 335.000 359.227 369.560 368.944 366.268 366.321 352.330 357.689 372.835 364.063 365.167
358 394.000 390.850 396.815 396.576 389.858 397.682 394.147 395.287 392.816 393.266 397.277
359 398.000 384.836 374.029 380.114 382.315 384.612 379.625 371.983 377.466 371.942 379.147
360 421.000 490.095 473.875 485.856 457.642 469.397 471.022 463.890 465.310 469.301 479.398
361 364.000 369.646 379.674 374.118 379.389 379.858 368.549 380.510 369.016 374.108 388.547
362 322.000 323.669 322.624 328.496 321.475 326.711 325.192 321.884 326.101 317.520 318.003
363 446.000 440.422 449.727 453.143 445.329 443.196 444.885 453.389 450.061 440.571 446.348
364 340.000 325.916 327.468 326.286 324.968 326.711 327.215 326.088 329.215 326.895 326.514
365 340.000 348.077 357.253 340.611 341.467 337.238 348.152 342.115 345.151 342.162 346.184
366 452.000 424.796 422.999 431.307 427.304 430.930 449.536 430.857 444.575 429.591 430.014
367 367.000 345.687 343.458 346.692 343.295 352.313 344.165 341.506 343.950 354.203 344.700
368 425.000 421.187 416.123 425.627 416.400 404.014 418.762 419.128 417.687 415.838 409.967
369 399.000 384.116 379.923 385.302 383.946 374.611 382.606 380.579 377.228 371.030 379.452
370 420.000 421.779 429.658 425.578 425.868 429.325 425.046 426.111 426.884 423.909 429.178
371 526.000 553.418 558.340 562.913 547.517 554.308 552.446 551.401 555.538 552.646 554.855
372 343.000 339.859 347.662 354.755 346.283 354.614 345.955 353.887 348.029 353.938 365.556
373 420.000 428.965 429.139 442.557 437.881 435.608 442.096 423.065 421.198 440.427 434.636
374 403.000 377.911 367.650 375.865 365.514 379.192 369.168 364.646 365.227 370.757 369.138
375 495.000 471.019 470.505 462.832 470.876 469.750 475.782 471.732 472.167 469.812 476.724
376 564.000 464.727 465.321 468.970 461.514 464.751 468.714 467.897 452.776 459.678 471.493
377 420.000 521.152 517.717 521.587 493.255 519.268 512.180 510.330 517.878 523.412 507.324
378 414.000 417.234 423.778 429.533 427.254 420.415 418.619 417.326 415.387 421.460 422.470
379 328.000 316.862 316.728 316.529 312.169 315.267 327.898 313.300 322.681 317.668 322.924
380 546.000 469.481 467.335 466.979 484.653 462.911 462.604 475.798 453.389 457.550 463.787
381 323.000 315.916 311.222 316.011 315.856 315.004 311.408 320.105 310.170 313.838 316.923
382 413.000 402.806 401.028 405.627 403.008 401.809 410.598 404.139 401.782 403.835 406.249
383 360.000 344.095 344.487 342.433 352.363 356.687 350.995 333.098 346.370 342.811 353.396
384 411.000 397.854 399.394 407.403 401.075 398.362 398.627 400.398 401.335 399.313 396.698
385 346.000 344.966 345.046 356.253 349.412 342.628 349.287 341.555 342.073 342.682 340.561
386 449.000 464.100 466.307 464.100 463.900 464.100 463.900 464.100 463.900 462.144 463.899
387 389.000 347.624 366.957 380.025 371.464 365.121 369.169 361.345 372.175 370.329 368.457
388 340.000 350.085 357.143 346.175 356.175 364.028 359.465 349.558 349.166 359.874 382.999
389 343.000 338.136 338.391 333.612 337.245 329.047 338.461 340.379 330.675 335.933 337.908
390 404.000 411.464 414.958 409.645 412.301 404.812 417.728 413.497 415.177 412.432 417.138
391 451.000 450.614 463.557 458.545 456.475 462.755 463.962 453.931 456.629 450.278 456.846
392 359.000 363.355 362.926 360.292 364.567 364.140 366.344 362.427 366.578 368.806 367.705
393 410.000 395.658 399.204 396.375 395.368 397.877 397.933 393.672 397.053 396.658 393.944
394 340.000 359.343 368.583 361.349 364.347 363.253 358.108 360.172 355.169 366.997 363.130
395 504.000 477.807 486.978 470.409 474.832 482.096 465.793 481.485 468.544 471.475 491.384
396 546.000 506.570 511.522 511.052 505.565 517.458 511.393 508.029 471.091 482.151 511.615
397 392.000 375.891 384.499 379.482 382.703 375.751 376.589 384.551 384.820 381.199 385.186
398 413.000 421.638 426.968 430.528 419.775 427.406 425.061 425.748 423.880 424.482 423.857
399 325.000 336.600 341.829 341.790 342.755 341.542 338.118 359.078 353.625 336.942 364.495
400 297.000 309.553 294.814 311.833 314.162 318.895 306.522 308.299 306.399 295.557 308.663
401 397.000 401.388 401.056 399.616 399.959 401.443 398.720 400.442 400.450 403.204 398.915
402 428.000 386.173 377.383 392.211 390.238 393.220 392.482 388.968 391.486 392.079 393.936
403 440.000 406.062 409.409 414.629 405.683 403.428 407.235 413.515 409.906 411.429 405.990
404 604.000 589.342 589.250 583.558 567.546 588.713 592.698 578.215 589.158 589.882 589.799
405 442.000 448.190 436.338 442.794 449.007 451.025 446.986 444.938 433.656 445.465 447.627
406 462.000 455.562 460.637 456.640 436.730 457.706 448.673 445.108 460.431 453.038 457.607
407 491.000 431.052 444.275 439.141 440.372 438.875 447.162 436.153 427.635 430.167 436.186
408 495.000 496.945 487.138 493.594 502.481 488.086 509.084 506.093 500.741 498.246 502.398
409 394.000 347.331 352.364 341.249 344.393 347.540 347.670 349.877 347.097 337.384 346.412
410 320.000 321.650 326.181 321.486 324.910 323.529 321.842 322.204 322.532 326.417 325.597
411 445.000 427.489 433.396 430.169 427.255 425.888 427.853 438.117 431.490 429.049 429.716
412 350.000 343.770 346.499 343.362 340.354 347.229 331.128 341.834 343.760 343.023 342.004
413 332.000 336.208 339.434 337.382 334.619 341.036 345.244 335.813 341.622 331.715 334.285
414 411.000 400.964 398.973 398.263 403.745 401.155 401.240 406.793 397.665 402.502 398.972
415 341.000 363.267 362.616 366.952 366.439 362.130 365.967 365.391 368.758 358.154 366.239
416 452.000 463.068 462.182 462.103 460.452 456.104 462.734 457.392 459.468 457.153 460.742
417 398.000 402.203 389.765 401.463 389.847 403.636 403.838 404.035 391.604 403.509 396.018
418 357.000 359.704 359.858 355.964 350.624 359.505 355.403 356.071 349.075 354.657 353.512
419 410.000 470.536 469.259 475.208 452.246 470.750 466.994 473.467 462.835 473.729 467.435
420 411.000 373.021 413.935 391.913 417.567 417.025 406.373 388.999 427.864 400.578 402.715
421 316.000 321.306 321.168 318.784 320.734 310.402 332.869 313.440 323.062 317.451 319.665
422 454.000 423.077 425.163 436.195 425.890 434.503 425.196 421.909 430.120 418.709 427.625
423 492.000 500.001 476.798 474.956 466.115 483.015 474.276 469.878 481.591 475.576 509.990
424 405.000 406.900 406.900 406.900 406.900 406.900 406.900 402.681 406.900 406.900 406.900
425 357.000 361.787 367.916 366.204 367.924 367.728 366.068 369.496 365.424 368.252 376.262
426 424.000 431.608 431.237 426.840 435.872 435.241 430.431 435.991 437.673 439.314 436.466
427 335.000 317.673 320.137 322.282 318.965 319.883 324.188 323.955 314.850 319.448 318.309
428 438.000 433.081 438.286 438.658 433.154 434.475 439.170 439.955 444.169 444.013 434.467
429 525.000 371.515 373.164 378.873 391.307 379.379 378.665 367.207 368.792 377.764 364.926
430 331.000 384.325 362.284 374.624 375.160 372.774 371.773 384.333 370.202 376.639 386.234
431 431.000 425.357 431.897 427.159 433.770 424.455 427.308 425.416 433.557 424.817 426.266
432 591.000 603.888 592.631 592.173 582.086 587.782 573.815 592.936 579.399 586.566 593.068
433 414.000 422.837 418.698 416.248 416.472 419.018 414.893 414.007 411.536 418.129 424.908
434 388.000 394.191 394.165 393.854 390.594 398.385 398.574 392.804 394.157 392.992 396.191
435 585.000 573.698 582.798 568.308 587.205 584.136 579.679 578.049 581.678 569.243 574.859
436 398.000 403.659 397.808 406.168 401.400 402.956 403.239 391.510 401.326 400.806 403.792
437 441.000 397.566 394.624 393.770 398.524 403.944 398.062 401.279 395.476 379.624 396.863
438 309.000 300.148 298.583 294.264 293.360 298.884 296.483 297.119 299.538 300.132 298.590
439 518.000 515.286 513.987 515.470 516.046 514.848 527.526 518.393 513.969 515.790 518.192
440 416.000 412.162 413.376 410.665 413.526 418.349 412.851 412.262 412.335 411.124 412.201
441 412.000 425.715 421.737 417.161 427.443 418.572 414.858 416.373 422.470 418.540 415.947
442 385.000 391.403 387.214 372.677 393.265 391.430 378.881 371.579 379.833 385.854 387.974
443 325.000 332.094 328.598 332.272 330.507 331.492 336.158 327.849 332.694 339.060 325.791
444 325.000 333.466 327.090 336.345 329.356 327.257 328.354 326.933 332.966 329.420 332.849
445 328.000 331.229 327.548 323.982 330.281 336.814 328.695 323.617 338.807 333.836 334.248
446 397.000 396.409 395.689 398.081 392.803 397.305 391.803 400.422 393.682 390.353 398.178
447 407.000 401.566 399.106 401.086 400.255 402.780 402.123 402.668 401.807 402.173 400.792
448 491.000 456.629 459.168 470.591 460.245 449.219 467.443 467.945 462.748 459.654 465.035
449 328.000 311.128 308.808 312.658 310.376 313.041 310.369 310.950 311.360 307.621 304.424
450 430.000 435.516 430.784 429.193 432.902 433.391 434.290 434.629 432.617 427.045 427.873
451 413.000 401.266 401.968 405.082 400.031 395.909 401.792 399.008 393.690 397.160 398.994
452 364.000 361.179 362.208 370.374 361.237 365.612 363.351 366.954 358.395 363.590 364.335
453 404.000 373.827 373.807 373.663 375.664 373.967 375.523 384.109 372.728 377.421 373.490
454 431.000 456.562 446.006 456.220 448.214 457.159 451.029 449.284 449.202 456.753 443.035
455 461.000 460.818 458.798 456.282 456.657 456.913 460.586 461.696 461.426 457.885 456.471
456 346.000 391.137 373.342 373.478 376.777 374.691 377.853 366.975 373.086 372.711 369.301
457 461.000 454.047 439.253 455.463 458.490 454.538 454.634 458.409 451.937 458.262 457.734
458 446.000 441.365 450.221 442.340 439.915 444.776 442.303 441.806 442.075 440.112 442.760
459 334.000 321.877 320.122 320.176 322.555 319.975 322.241 322.680 316.841 323.388 320.671
460 368.000 332.705 334.645 335.380 336.954 331.437 338.234 336.820 331.695 335.375 333.167
461 421.000 401.767 430.667 429.293 421.799 426.361 407.007 426.470 429.052 420.771 424.930
462 536.000 566.924 586.166 584.718 574.653 572.768 549.783 566.986 564.553 573.334 568.625
463 399.000 419.915 415.473 411.082 412.938 413.589 421.708 417.897 412.230 418.824 421.876
464 584.000 588.287 589.669 570.871 589.343 595.845 590.570 592.848 598.117 593.083 585.815
465 592.000 587.828 590.686 582.537 588.289 581.559 589.557 583.537 592.468 594.229 586.074
466 450.000 450.633 453.199 452.054 449.345 463.407 459.366 453.512 449.390 447.972 454.684
467 359.000 354.651 350.649 355.186 351.823 352.917 355.286 355.578 351.749 352.553 347.664
468 325.000 325.910 322.620 326.711 331.068 327.385 337.450 327.215 321.543 324.265 331.048
469 315.000 321.175 326.317 319.230 329.705 330.425 322.965 330.512 320.980 325.437 331.823
470 411.000 397.762 402.398 396.997 367.707 400.168 397.739 405.343 407.409 400.988 400.272
471 548.000 556.740 553.900 561.735 559.787 555.239 558.159 554.586 558.549 558.867 556.449
472 450.000 447.835 455.606 445.412 447.688 449.092 449.750 441.310 446.153 434.611 449.484
473 310.000 337.449 337.346 340.492 335.596 337.945 340.186 342.867 336.865 338.719 337.276
474 362.000 363.712 367.779 369.252 364.292 365.707 363.221 365.523 366.720 363.502 366.680
475 322.000 315.160 318.644 314.761 314.757 315.592 319.402 312.502 312.238 309.988 310.716
476 396.000 400.350 406.103 400.251 405.255 401.032 399.871 408.462 404.795 404.601 400.960
477 408.000 414.182 409.174 410.538 410.446 410.519 407.802 412.206 407.100 415.198 412.396
478 540.000 526.212 533.097 537.066 537.893 526.378 531.820 534.867 533.986 532.676 540.130
479 399.000 437.177 440.233 447.838 455.085 438.461 445.798 441.663 430.057 450.462 456.277
480 448.000 455.519 456.631 451.347 457.155 451.895 450.951 453.993 452.768 465.675 452.857
481 460.000 391.040 396.144 396.887 397.968 392.098 397.663 398.550 398.161 393.107 396.682
482 331.000 344.044 338.801 345.211 347.288 340.058 344.385 344.247 346.361 335.685 339.723
483 448.000 421.378 421.179 426.342 419.603 419.054 415.413 424.881 416.508 425.967 424.219
484 444.000 454.171 478.734 431.171 476.713 452.928 455.307 458.553 453.049 463.141 455.455
485 336.000 328.116 330.957 336.855 336.864 335.542 336.568 333.154 332.930 334.391 331.191
486 502.000 409.426 423.029 413.412 415.357 416.603 413.433 419.100 417.359 413.810 418.166
487 409.000 463.261 447.051 473.901 468.479 468.358 465.440 459.665 463.201 457.426 465.497
488 405.000 407.058 404.096 399.273 408.557 414.365 407.446 408.488 406.014 407.254 403.250
489 555.000 571.829 565.541 565.310 569.724 573.601 560.393 567.946 570.933 572.715 566.558
490 427.000 419.820 415.497 426.900 426.900 426.900 426.900 415.256 426.900 426.900 426.900
491 452.000 434.045 431.826 432.275 433.909 433.366 433.674 432.787 433.241 432.915 432.391
492 329.000 357.825 362.828 350.997 359.042 354.654 354.137 353.752 356.418 355.517 354.173
493 491.000 442.082 460.638 470.774 439.497 445.952 438.203 449.880 447.070 445.626 476.377
494 440.000 429.936 453.108 440.642 435.687 461.739 455.385 447.622 451.398 433.342 434.780
495 363.000 349.429 355.571 334.651 349.242 348.887 347.594 343.623 347.065 340.964 356.080
496 432.000 454.004 453.866 453.423 453.190 444.173 449.528 449.926 445.725 443.168 458.142
497 514.000 499.573 504.016 501.811 502.544 503.310 503.027 495.511 496.584 506.402 502.539
498 536.000 530.057 520.426 522.727 527.487 511.131 514.046 518.529 527.908 540.035 531.993
499 462.000 461.900 462.100 462.100 461.900 461.900 462.100 461.899 448.195 462.100 462.101
500 510.000 522.519 525.969 526.074 529.854 522.520 522.490 527.136 523.193 550.330 521.416
501 357.000 407.545 414.200 414.468 408.137 406.053 414.968 409.884 404.388 418.396 412.666
502 418.000 417.239 418.683 423.048 421.162 417.357 414.442 421.032 412.605 421.020 420.498
503 406.000 446.040 452.418 446.079 450.067 452.853 448.674 442.114 449.668 428.169 439.054
504 464.000 431.578 424.619 430.166 430.033 432.197 434.093 436.568 436.327 430.724 438.866
505 400.000 399.405 402.355 393.703 400.691 396.482 399.104 397.957 403.445 397.973 396.704
506 400.000 351.628 359.908 355.904 365.269 364.987 361.145 357.037 355.914 355.807 362.600
507 333.000 342.338 338.167 339.481 344.958 353.680 345.755 344.985 348.968 343.511 336.560
508 452.000 467.995 460.719 465.381 453.227 449.307 452.812 459.061 459.250 451.120 477.364
509 586.000 570.451 570.694 569.341 573.561 568.605 564.167 578.759 567.389 565.898 572.996
510 461.000 465.903 462.457 465.311 464.558 469.871 460.284 463.797 462.080 462.706 463.754
511 606.000 593.948 595.190 601.986 595.739 598.847 595.870 594.395 591.205 595.907 580.075
512 338.000 358.893 351.020 346.516 360.913 398.211 352.749 350.030 355.135 359.327 348.450
513 368.000 358.486 372.830 362.291 359.014 351.095 360.341 357.995 363.622 363.180 361.866
514 442.000 447.304 450.254 444.916 453.671 456.843 444.616 447.282 438.539 442.565 445.442
515 417.000 417.803 414.294 413.784 419.526 417.624 411.662 413.460 411.958 418.263 413.781
516 328.000 326.730 322.940 334.887 333.444 331.087 327.351 326.652 326.326 332.136 330.374
517 477.000 479.873 490.835 482.138 480.214 488.441 485.826 466.996 468.524 485.040 466.019
518 350.000 331.581 331.812 336.766 339.229 329.034 335.142 330.471 329.181 334.300 336.985
519 421.000 397.730 402.477 402.195 399.681 408.444 409.804 402.491 409.022 410.694 406.770
520 592.000 584.200 554.845 588.914 588.324 588.219 546.986 579.971 589.557 565.028 578.507
521 422.000 430.489 435.838 429.879 427.788 433.384 428.149 428.662 434.377 429.114 429.578
522 473.000 468.637 483.245 494.055 488.573 482.073 481.885 479.389 472.553 515.164 490.697
523 567.000 564.505 565.711 570.297 562.614 568.266 567.928 557.408 569.177 568.202 568.665
524 425.000 457.335 453.839 460.303 467.750 427.012 467.372 445.839 451.893 463.681 457.869
525 429.000 438.311 432.742 431.927 423.560 432.876 440.322 429.129 439.308 433.315 435.303
526 351.000 350.919 357.379 343.222 348.019 346.803 348.793 344.085 349.941 341.140 345.376
527 416.000 414.900 415.100 415.100 415.100 415.100 415.100 410.203 414.900 417.532 414.900
528 354.000 336.464 331.691 337.866 331.773 333.301 338.518 339.456 338.870 341.620 334.736
529 524.000 502.526 506.540 514.524 505.533 500.738 508.713 510.542 508.574 507.459 510.797
530 334.000 379.621 357.945 339.695 343.795 350.653 353.627 344.005 351.011 340.242 348.443
531 462.000 462.100 462.100 461.900 462.100 462.100 461.900 461.899 448.195 462.100 462.100
532 477.000 442.859 441.079 442.136 443.080 442.247 449.810 438.568 450.622 443.832 450.256
533 528.000 528.358 524.138 525.719 514.356 533.779 524.107 526.025 521.833 524.073 529.756
534 335.000 348.163 344.982 354.732 355.746 348.461 357.135 367.565 352.408 349.991 348.128
535 323.000 316.875 320.686 320.636 334.867 316.310 327.656 326.579 319.087 326.782 307.752
536 412.000 461.746 458.805 456.237 463.358 458.898 458.083 458.307 460.975 467.271 457.934
537 551.000 542.577 545.139 551.469 546.013 546.710 540.418 556.104 545.714 546.842 547.682
538 406.000 413.761 407.678 414.690 407.796 414.099 409.421 412.096 408.937 409.485 406.394
539 502.000 516.524 514.431 513.772 514.657 516.800 515.652 516.342 517.857 506.501 515.008
540 415.000 414.457 412.448 407.033 411.209 414.639 410.332 418.286 412.134 413.526 406.548
541 336.000 329.862 329.259 327.720 329.068 331.954 330.768 325.583 329.578 332.800 331.216
542 312.000 326.965 329.346 330.827 330.255 333.042 330.887 330.613 332.470 325.287 321.332
543 330.000 327.002 329.661 330.988 332.187 329.476 332.092 334.953 330.033 330.349 333.208
544 508.000 366.132 369.569 372.034 374.907 366.810 376.938 368.277 369.857 367.594 359.309
545 588.000 562.617 567.094 567.677 564.158 549.688 558.645 563.136 559.401 565.781 575.438
546 410.000 444.374 440.559 424.168 444.313 446.714 439.543 443.669 442.723 439.135 444.214
547 540.000 522.069 529.814 536.056 537.104 548.144 527.183 516.747 509.971 530.981 535.767
548 362.000 352.934 355.747 352.488 351.090 354.163 357.630 354.757 352.770 350.215 349.757
549 404.000 394.936 399.388 402.585 403.688 401.113 398.143 393.674 397.711 393.913 402.342
550 370.000 389.819 389.909 392.604 397.957 388.793 389.418 389.690 394.132 387.542 381.910
551 482.000 392.474 394.367 385.844 397.738 384.339 395.247 390.043 392.070 387.317 392.655
552 398.000 389.141 394.339 391.085 392.457 387.910 388.434 387.681 388.699 392.665 389.882
553 466.000 437.448 440.374 438.582 439.275 433.347 439.849 444.293 441.850 430.554 447.382
554 405.000 392.893 393.624 394.418 387.760 398.310 392.763 395.277 396.038 397.762 395.462
555 576.000 567.964 563.654 587.201 566.371 573.097 573.184 573.965 568.183 568.204 572.132
556 457.000 402.725 398.938 408.096 398.367 402.672 399.637 396.653 403.506 405.575 397.077
557 478.000 472.899 459.764 472.899 472.899 472.899 472.899 472.899 472.900 472.899 472.899
558 431.000 464.382 481.183 479.692 469.196 481.783 464.939 472.850 460.565 457.483 438.743
559 411.000 340.261 353.048 341.371 359.304 331.151 345.696 352.958 353.783 344.244 341.651
560 409.000 410.556 411.805 414.352 402.591 409.267 409.536 409.688 412.783 417.222 411.424
561 375.000 419.494 429.391 412.692 429.917 423.479 409.949 433.383 425.544 427.642 410.737
562 400.000 438.393 454.572 424.796 446.265 437.512 438.256 441.516 432.592 454.731 440.227
563 331.000 321.185 315.630 320.746 309.491 316.319 319.227 318.266 318.038 308.864 316.317
564 412.000 418.162 421.533 423.210 427.883 446.035 416.439 425.574 423.251 431.434 425.047
565 485.000 483.368 477.825 483.722 491.925 489.403 488.099 491.549 473.154 487.128 474.038
566 407.000 420.915 416.356 414.408 416.975 418.653 420.546 416.352 413.732 414.251 418.280
567 405.000 390.820 393.321 397.403 396.556 394.939 391.400 384.485 391.984 395.783 395.350
568 406.000 409.920 410.630 410.049 408.615 405.024 409.953 408.604 409.018 405.724 413.828
569 342.000 351.431 349.589 349.518 351.961 339.223 345.572 349.727 351.712 348.140 350.182
570 321.000 330.088 333.645 329.991 332.965 335.359 343.809 334.392 334.512 339.256 332.533
571 361.000 358.785 367.676 365.845 365.454 352.931 364.980 355.094 361.872 351.500 360.796
572 387.000 387.950 386.045 385.362 389.435 386.313 390.880 387.090 390.730 389.111 388.119
573 323.000 327.314 322.306 322.624 324.015 311.044 316.100 323.095 323.654 320.763 325.382
574 390.000 395.574 406.271 397.428 401.367 401.308 404.164 400.781 404.302 393.223 397.524
575 440.000 470.091 438.335 459.549 460.710 457.266 463.411 449.281 442.520 446.200 464.988
576 332.000 345.210 344.060 334.942 342.045 343.581 340.266 338.656 341.176 350.784 340.645
577 456.000 420.970 435.979 444.095 444.411 437.291 440.200 440.293 437.445 443.760 442.301
578 488.000 429.619 454.487 438.737 450.396 416.245 420.785 442.181 429.661 442.284 443.878
579 332.000 372.339 366.437 366.262 369.413 358.844 372.302 368.060 371.625 369.548 369.664
580 316.000 350.401 346.616 343.603 347.290 340.899 342.126 344.835 336.355 338.134 338.052
581 459.000 440.057 433.083 436.642 442.497 437.499 438.335 435.642 437.094 433.624 430.512
582 335.000 335.809 340.138 334.970 339.936 336.900 333.046 340.035 337.490 341.169 342.457
583 332.000 332.312 332.972 337.855 335.700 338.776 344.364 331.728 332.242 342.434 331.154
584 459.000 442.680 448.430 449.728 442.905 445.118 444.855 443.669 451.532 446.055 443.668
585 396.000 396.644 410.239 406.524 408.095 412.896 408.302 402.475 404.024 402.323 396.413
586 489.000 488.899 488.899 481.462 488.900 487.640 488.900 488.900 488.900 488.900 488.900
587 417.000 439.614 441.791 450.972 448.527 444.999 435.236 451.915 443.705 439.267 446.367
588 404.000 399.151 406.094 402.179 404.929 402.755 402.918 400.069 403.375 396.943 404.262
589 400.000 427.448 428.704 427.563 421.196 432.126 435.320 424.732 426.520 429.066 431.348
590 357.000 351.835 347.320 350.024 350.491 344.185 348.192 341.964 345.482 348.742 346.102
591 437.000 494.163 461.619 479.602 452.702 476.253 476.042 481.867 468.795 486.571 476.720
592 542.000 537.766 545.680 537.388 533.819 528.396 530.261 535.679 545.555 528.450 538.298
593 419.000 421.023 420.756 426.340 427.727 424.232 416.171 420.556 418.613 419.341 419.933
594 350.000 343.240 349.137 348.091 347.512 349.620 348.842 345.163 351.148 359.091 351.400
595 424.000 418.324 405.162 403.787 411.941 410.089 410.342 406.434 401.334 409.125 409.828
596 443.000 460.918 470.380 464.292 464.939 460.668 456.484 461.789 462.267 454.266 469.481
597 439.000 449.063 453.808 456.594 452.235 448.630 441.793 451.309 449.640 455.638 464.698
598 324.000 325.243 328.613 326.736 330.951 331.053 324.889 325.776 331.788 320.202 327.029
599 311.000 315.150 315.245 318.894 320.136 319.837 318.223 312.512 317.526 317.726 314.801
600 331.000 342.101 334.877 341.027 339.080 337.607 339.289 343.393 341.029 340.018 333.863
601 428.000 427.625 434.259 432.701 429.247 434.519 435.162 435.690 428.008 435.636 432.474
602 400.000 415.388 409.746 414.409 414.111 416.657 411.172 416.222 406.666 410.933 409.753
603 309.000 310.079 302.819 311.719 304.455 303.013 302.860 303.721 311.859 310.132 310.061
604 375.000 366.210 362.680 358.379 369.305 354.414 363.640 364.651 361.589 360.982 363.571
605 450.000 438.038 440.342 433.043 442.214 451.981 453.576 448.007 436.878 444.278 437.666
606 388.000 382.819 383.608 384.881 394.056 392.479 384.398 376.465 383.020 379.912 386.107
607 323.000 355.243 355.528 357.221 335.994 354.227 354.346 345.703 342.965 338.299 345.484
608 448.000 427.566 438.296 426.486 428.979 421.968 434.384 425.221 429.695 444.305 429.719
609 372.000 386.398 377.708 367.304 388.454 377.373 383.088 395.337 384.052 380.591 388.079
610 328.000 299.407 301.540 299.771 300.652 309.107 304.834 306.797 298.978 300.908 298.410
611 460.000 466.005 475.208 475.406 473.108 473.698 472.850 475.116 476.051 482.628 486.171
612 504.000 525.923 513.497 499.851 508.868 509.589 505.201 523.405 502.121 511.226 512.737
613 433.000 443.014 449.168 442.032 436.373 444.133 443.496 438.051 436.565 444.572 438.557
614 564.000 554.106 558.065 558.238 561.502 539.385 547.426 549.452 559.716 556.366 544.898
615 439.000 409.142 400.525 409.423 415.751 416.502 398.500 394.316 401.463 402.263 404.541
616 440.000 456.917 455.210 426.797 464.816 467.685 467.456 471.093 454.307 427.426 447.479
617 484.000 469.487 462.076 469.163 464.171 475.210 466.535 462.808 466.429 467.688 471.634
618 396.000 402.075 406.813 405.611 406.505 412.294 410.543 413.379 413.855 407.183 411.723
619 435.000 418.418 418.900 418.900 418.555 418.900 418.901 416.786 418.900 418.305 418.901
620 397.000 373.915 387.273 386.677 396.459 389.941 387.446 390.611 383.747 388.427 395.260
621 420.000 465.551 453.768 432.935 445.049 452.328 446.075 445.347 447.115 451.785 451.626
622 408.000 451.918 408.742 435.841 445.171 443.494 448.535 444.105 434.397 443.074 424.305
623 437.000 439.472 440.592 440.074 450.872 442.448 445.353 440.680 443.863 453.846 449.562
624 406.000 411.940 409.939 406.378 413.990 415.901 423.209 413.941 424.375 408.782 401.230
625 393.000 357.162 353.263 358.311 354.974 358.357 359.773 358.972 357.127 357.235 356.006
626 452.000 455.071 462.810 463.665 459.643 459.782 457.423 466.483 461.330 457.952 448.890
627 466.000 461.692 451.060 438.868 453.469 440.593 452.361 445.007 449.485 440.522 446.743
628 410.000 448.630 448.160 439.607 442.978 448.198 438.320 446.672 437.187 419.723 442.573
629 447.000 446.008 446.900 445.739 441.631 446.900 442.470 446.900 446.900 446.900 445.299
630 487.000 457.181 444.074 453.823 444.786 447.040 441.711 448.884 446.120 442.828 446.342
631 420.000 410.400 410.585 424.330 412.722 417.424 414.752 406.936 413.223 417.015 410.185
632 565.000 605.455 575.044 588.078 586.946 585.900 583.986 586.341 578.398 586.098 590.472
633 309.000 307.230 309.980 307.076 304.449 311.568 307.967 306.704 310.440 307.034 304.968
634 437.000 439.422 445.389 444.139 444.006 443.991 442.891 438.001 442.352 451.160 459.006
635 481.000 474.856 484.882 478.985 489.190 482.717 480.965 486.590 484.587 478.338 483.691
636 390.000 376.864 378.427 381.506 379.539 379.283 379.511 375.567 379.301 380.222 383.104
637 329.000 341.037 347.269 339.258 347.900 341.857 335.457 342.184 342.498 340.729 341.221
638 349.000 346.539 345.351 350.893 345.118 347.715 344.243 349.355 345.553 347.530 348.151
639 336.000 336.192 335.674 334.686 334.098 335.341 338.176 336.278 338.221 337.033 339.686
640 550.000 513.395 509.124 515.961 512.478 520.406 517.710 514.792 495.583 518.495 504.340
641 315.000 314.597 314.230 307.866 312.537 314.028 319.723 307.854 314.412 314.787 315.341
642 420.000 450.140 453.608 447.304 448.173 456.252 467.752 456.231 456.130 446.205 453.842
643 466.000 464.851 465.900 465.507 464.117 463.710 465.900 465.901 460.831 455.168 465.900
644 315.000 328.381 312.028 313.953 312.558 312.368 310.166 307.863 310.873 315.554 311.485
645 345.000 340.504 347.467 344.394 341.611 346.550 342.055 344.770 344.145 341.594 345.288
646 451.000 452.886 457.523 453.627 448.212 445.933 450.179 443.726 455.502 458.273 454.490
647 337.000 359.373 358.855 362.655 358.918 361.288 361.816 380.657 359.807 359.289 368.873
648 439.000 382.292 384.641 387.472 389.548 395.359 400.238 388.646 400.689 389.646 402.629
649 330.000 350.715 341.560 339.817 337.053 343.749 334.077 341.779 341.982 346.816 344.288
650 538.000 543.461 546.603 530.162 545.912 548.062 542.815 541.345 542.065 543.283 547.468
651 326.000 340.990 350.073 341.159 355.884 356.727 351.901 342.551 339.940 348.230 356.461
652 392.000 435.408 430.601 419.491 413.336 415.990 410.353 404.600 405.770 404.470 411.795
653 366.000 386.361 365.524 376.229 371.576 372.623 366.363 369.399 365.805 376.296 357.544
654 318.000 309.996 309.456 308.590 303.093 311.219 307.380 315.635 306.082 307.466 307.788
655 561.000 496.905 500.328 509.325 507.172 500.005 497.097 498.529 516.573 518.286 502.379
656 436.000 414.850 414.837 418.128 413.911 411.145 406.718 413.582 409.632 410.124 414.833
657 463.000 460.304 456.972 460.406 458.268 463.045 461.752 458.092 463.163 464.102 463.209
658 348.000 334.593 335.223 339.258 333.382 334.053 335.457 337.187 330.596 334.512 334.723
659 313.000 354.924 364.714 346.294 366.875 355.933 357.889 355.587 361.403 364.162 360.747
660 451.000 446.462 448.864 451.459 446.246 448.421 452.272 449.672 450.566 451.374 450.752
661 384.000 377.119 374.060 375.158 374.036 376.261 371.097 369.573 374.890 371.662 373.454
662 459.000 443.716 430.618 426.435 431.978 431.044 428.059 434.910 432.113 429.876 429.943
663 421.000 327.535 344.573 346.705 343.250 339.344 345.854 335.900 337.048 347.402 340.811
664 481.000 464.548 460.810 465.247 465.592 454.352 461.414 464.644 457.301 461.164 453.164
665 320.000 331.456 323.927 323.269 327.276 323.387 327.707 323.126 324.088 332.138 335.025
666 310.000 377.551 371.825 366.670 366.405 366.786 363.073 367.585 371.937 370.732 359.573
667 402.000 401.815 402.138 402.868 399.786 403.688 408.063 408.357 407.928 399.279 403.219
668 530.000 452.798 477.788 469.811 456.490 446.571 448.306 452.550 451.360 457.283 450.946
669 583.000 554.146 557.790 564.023 556.464 544.587 558.121 560.928 567.158 556.835 556.782
670 421.000 413.122 419.123 413.906 421.421 424.075 424.564 421.113 419.352 418.624 417.458
671 415.000 415.900 416.101 416.100 416.039 415.900 415.900 410.203 416.100 417.532 416.100
672 387.000 390.103 400.287 391.451 391.091 386.172 385.960 392.558 394.396 390.245 383.903
673 584.000 543.179 526.670 541.016 539.144 536.798 547.895 539.015 527.757 540.541 542.015
674 307.000 326.672 329.069 335.386 333.344 348.666 335.092 335.869 335.181 327.469 330.915
675 424.000 420.989 426.736 427.460 425.205 413.521 426.069 425.758 424.210 419.110 422.733
676 449.000 442.198 443.625 435.780 441.038 444.314 437.815 442.709 441.423 440.518 441.365
677 610.000 539.389 532.700 535.337 544.819 529.295 533.718 540.725 490.450 504.749 539.948
678 505.000 513.352 513.560 513.005 508.712 511.044 516.534 515.431 516.600 522.645 511.763
679 408.000 391.469 392.057 388.988 388.105 389.381 391.972 390.772 389.525 391.779 386.354
680 377.000 375.205 367.717 371.845 378.383 367.813 371.257 367.013 367.000 364.536 370.449
681 502.000 404.851 407.030 407.320 411.259 415.014 412.730 411.966 411.060 396.657 406.057
682 319.000 309.805 301.138 314.218 309.241 308.042 309.075 305.686 308.991 305.662 309.563
683 394.000 410.747 411.902 406.067 405.746 414.007 409.281 423.616 421.804 407.057 415.530
684 290.000 335.792 333.875 344.663 347.134 336.394 332.104 347.487 330.647 338.964 336.436
685 407.000 409.097 415.037 408.100 413.034 408.405 411.345 408.100 409.414 408.466 410.195
686 444.000 406.349 394.891 397.395 408.631 408.116 415.745 402.800 405.081 391.367 410.053
687 322.000 325.972 319.891 325.287 322.055 318.781 327.414 320.461 325.215 322.472 322.210
688 331.000 312.523 328.113 306.832 306.683 316.074 306.078 308.021 315.755 308.600 306.914
689 402.000 365.475 373.822 371.868 366.710 370.618 370.445 372.899 376.996 367.571 366.739
690 320.000 324.190 334.345 319.090 329.241 328.912 333.796 321.534 329.515 326.509 329.356
691 386.000 387.024 382.272 384.100 379.920 376.823 385.003 380.639 381.263 380.194 382.302
692 364.000 444.922 447.388 437.791 445.287 457.066 448.493 444.926 441.842 441.005 438.561
693 328.000 323.644 320.535 320.196 324.583 324.645 321.397 323.299 319.427 318.842 326.813
694 312.000 315.586 306.616 308.949 313.938 312.518 321.314 312.934 311.157 313.613 316.959
695 378.000 389.861 380.147 385.882 384.834 386.420 387.929 392.763 389.363 390.367 394.309
696 331.000 338.134 342.725 334.785 342.027 335.813 339.182 339.115 339.268 333.847 336.504
697 330.000 316.301 335.459 326.904 328.048 328.659 330.772 327.036 327.218 328.409 329.115
698 451.000 441.846 438.701 442.335 437.447 437.222 435.796 437.751 440.115 440.940 434.881
699 313.000 368.503 362.439 357.548 357.214 353.125 359.215 358.520 359.067 357.488 368.386
700 408.000 415.206 415.123 406.860 404.147 415.444 404.371 409.091 411.020 412.653 418.714
701 440.000 435.812 428.481 433.845 432.385 437.980 432.878 425.108 428.707 435.311 436.706
702 375.000 368.869 365.595 366.611 362.201 363.257 365.371 368.494 363.292 365.151 365.939
703 462.000 462.023 461.849 467.798 457.226 457.835 458.901 475.683 469.554 459.412 458.335
704 450.000 461.871 467.381 460.666 455.121 459.137 458.499 456.362 450.332 465.826 448.123
705 417.000 430.597 425.763 423.497 427.164 428.570 426.118 426.545 423.848 423.692 423.583
706 452.000 452.478 453.614 460.348 449.576 447.385 451.129 461.061 451.549 455.093 448.118
707 526.000 527.297 526.589 535.082 531.950 535.342 527.388 527.651 510.080 527.911 522.224
708 460.000 447.460 446.019 450.901 448.287 441.885 446.601 458.714 455.233 450.003 447.540
709 428.000 428.054 429.406 426.710 429.212 431.240 433.622 435.271 433.541 434.042 442.163
710 310.000 334.653 331.684 335.980 341.566 334.008 326.419 332.107 331.270 330.670 336.762
711 412.000 419.506 430.380 423.616 424.997 426.378 424.744 419.312 423.654 426.783 419.225
712 320.000 333.012 330.383 325.108 337.580 326.595 335.455 335.725 337.936 333.009 326.386
713 468.000 503.071 499.770 502.357 513.806 504.769 507.161 501.309 509.823 511.597 507.620
714 316.000 322.478 323.196 324.818 324.630 324.796 324.098 323.161 323.922 322.139 323.727
715 602.000 605.603 604.556 601.968 575.291 601.461 596.670 603.542 592.940 606.152 596.274
716 328.000 347.991 352.346 352.736 342.361 347.526 357.132 344.081 349.825 341.672 355.750
717 579.000 514.210 526.797 519.161 535.031 538.805 525.860 523.925 525.607 536.645 518.984
718 354.000 370.544 369.973 362.892 369.625 365.910 364.914 368.107 369.635 369.349 369.793
