data_index logt12.observed logt12.predicted.repeat1 logt12.predicted.repeat2 logt12.predicted.repeat3 logt12.predicted.repeat4 logt12.predicted.repeat5 logt12.predicted.repeat6 logt12.predicted.repeat7 logt12.predicted.repeat8 logt12.predicted.repeat9 logt12.predicted.repeat10
1 4.702 4.803 4.648 4.694 4.758 4.642 4.776 4.778 4.809 4.599 4.681
2 4.724 4.243 4.452 4.237 4.431 4.330 4.515 4.403 4.258 3.985 4.197
3 3.525 4.138 4.082 4.042 3.948 4.132 4.021 4.436 3.758 3.907 3.768
4 5.414 2.665 2.359 2.513 3.509 2.383 2.226 2.586 2.823 2.388 2.445
5 4.632 4.712 4.868 4.896 4.860 4.835 4.687 4.898 4.861 4.951 4.958
6 4.475 3.931 3.916 4.004 4.225 3.985 4.335 4.021 3.930 3.881 3.822
7 0.088 2.401 3.774 2.852 2.927 3.653 3.317 3.067 2.220 3.972 3.742
8 2.475 3.313 3.331 3.206 3.357 3.369 3.404 3.896 3.538 3.423 3.463
9 4.763 5.270 5.079 5.159 5.118 5.308 5.376 5.160 5.225 5.041 5.044
10 4.721 4.424 4.304 4.381 4.310 4.588 4.240 4.301 4.564 4.471 4.233
11 5.635 5.015 5.225 4.966 5.159 4.962 4.958 5.292 5.166 5.089 5.065
12 0.776 2.057 3.183 2.684 1.879 2.427 2.133 1.041 1.599 1.262 1.105
13 3.984 3.760 3.718 3.868 3.750 3.748 3.738 3.735 3.640 4.164 3.988
14 0.255 3.046 4.647 3.314 3.396 2.962 3.258 3.339 3.191 3.763 2.969
15 5.016 4.445 4.385 4.572 4.529 4.560 4.369 4.093 4.258 4.510 4.501
16 5.083 5.637 5.431 5.688 5.755 5.764 5.769 5.526 5.470 5.503 5.330
17 4.758 5.032 5.390 5.233 5.276 4.884 5.127 5.157 5.221 5.089 5.145
18 4.565 4.492 4.293 4.208 4.524 4.583 4.494 4.429 4.501 4.457 4.176
19 5.846 3.312 2.465 2.627 2.484 2.570 2.362 2.445 2.781 2.384 2.416
20 5.048 5.663 5.423 5.099 5.199 5.602 5.168 5.441 5.451 5.208 5.330
21 5.336 5.257 5.404 5.588 5.928 6.010 5.966 5.639 5.970 6.017 5.891
22 4.782 4.270 4.141 3.560 4.223 4.170 4.174 3.674 4.237 4.305 3.919
23 6.101 5.102 5.310 5.439 4.499 4.825 5.132 4.668 5.066 4.547 5.398
24 4.999 6.905 6.755 6.641 6.989 7.096 6.871 6.890 6.891 6.929 6.679
25 0.325 3.311 3.065 3.131 3.055 3.224 3.081 3.072 3.443 3.411 3.297
26 5.580 5.500 5.573 5.387 5.915 5.465 5.414 6.094 5.785 5.536 5.783
27 4.196 3.321 3.258 3.098 3.216 2.872 3.076 3.225 3.073 2.774 2.751
28 3.147 3.193 3.396 2.978 3.361 3.823 3.436 3.345 3.445 3.256 4.007
29 4.459 4.497 4.251 4.386 4.621 5.105 4.399 4.565 4.127 4.487 4.492
30 4.712 4.199 4.255 4.011 4.463 4.404 4.198 4.008 4.634 4.288 3.666
31 4.228 4.945 5.107 4.902 5.030 4.954 5.032 4.976 4.897 5.060 5.079
32 4.459 4.878 5.035 4.866 4.982 5.068 5.033 4.964 5.016 4.869 5.066
33 5.033 4.550 4.560 4.596 4.646 4.664 4.655 4.606 4.606 4.607 4.616
34 5.520 5.037 5.017 5.050 5.310 5.055 5.031 5.184 5.023 4.939 5.130
35 5.093 2.683 2.702 2.748 2.695 2.741 2.697 2.628 3.131 2.939 3.469
36 1.105 2.283 2.306 2.784 2.224 2.297 2.496 2.319 2.178 2.339 2.442
37 2.824 3.284 3.359 3.613 3.103 3.369 3.230 3.463 3.429 3.692 4.072
38 4.673 5.088 5.111 5.052 4.997 4.967 5.103 5.126 4.870 5.095 4.914
39 1.358 2.531 1.872 2.356 1.994 2.231 2.160 2.205 2.138 2.250 2.813
40 4.635 3.186 2.855 3.215 3.110 3.027 3.747 3.180 3.008 2.909 3.256
41 1.857 2.890 4.553 5.092 2.664 2.498 2.844 2.816 2.553 2.547 2.474
42 4.779 4.689 4.703 4.713 4.662 4.738 4.729 4.681 4.698 4.517 4.600
43 4.605 4.596 4.654 4.642 4.646 4.579 4.598 4.779 4.576 4.532 4.775
44 3.598 4.749 4.896 4.521 4.568 4.382 4.461 4.474 4.964 4.972 4.657
45 6.092 5.222 5.382 5.570 5.152 5.134 5.771 4.879 5.611 4.905 5.399
46 5.806 4.977 4.499 4.551 5.183 5.012 5.051 4.975 5.124 4.997 5.307
47 6.190 5.510 5.440 5.436 5.400 5.421 5.394 5.412 5.297 5.461 5.366
48 4.878 4.262 4.337 4.382 4.413 4.286 4.625 4.395 4.540 4.390 4.402
49 9.159 7.840 8.018 8.103 7.931 6.393 7.885 7.863 7.821 7.888 8.368
50 2.542 2.764 2.615 2.676 2.645 3.416 2.460 2.678 2.550 2.983 3.385
51 4.146 2.632 2.671 2.600 2.735 2.610 2.536 2.711 2.629 2.463 2.494
52 2.857 3.145 3.635 3.187 2.891 3.182 3.377 3.235 3.183 3.412 3.844
53 4.598 5.365 5.432 5.535 5.227 5.288 5.431 5.161 5.417 5.278 5.362
54 4.732 4.506 4.510 4.429 4.911 5.020 4.891 4.853 4.944 4.943 4.995
55 3.835 5.412 4.211 5.154 5.931 5.802 5.949 4.751 5.269 5.555 5.473
56 6.946 5.801 5.908 6.261 6.104 6.280 5.916 6.129 6.410 6.116 6.261
57 2.208 3.758 3.451 3.328 3.284 3.418 2.998 3.587 3.563 3.670 3.289
58 4.741 5.069 5.040 4.832 4.976 5.076 5.132 5.070 4.908 5.024 4.996
59 4.951 4.534 4.541 4.346 4.376 4.407 4.266 4.360 4.624 4.505 4.876
60 2.235 3.500 3.938 3.359 3.448 3.083 3.310 3.222 3.243 3.447 3.050
61 4.858 4.969 4.910 5.283 5.186 5.048 4.944 4.889 5.079 5.148 5.112
62 4.857 4.749 4.660 4.518 4.700 4.805 4.706 4.789 4.644 4.615 4.662
63 6.982 6.334 6.678 6.993 6.333 6.889 6.631 6.580 6.661 6.357 6.671
64 6.083 3.972 4.228 3.925 3.688 3.976 3.901 3.912 3.973 3.956 3.714
65 4.561 4.078 4.164 4.097 4.092 4.179 4.312 4.565 4.179 3.921 4.113
66 3.561 3.169 3.029 3.037 3.084 3.043 3.034 2.861 2.864 2.905 3.074
67 4.635 6.073 6.238 5.966 6.379 6.029 5.962 5.960 5.917 6.183 5.762
68 2.954 4.766 4.778 4.758 4.817 5.380 4.776 4.898 4.816 4.612 4.868
69 5.617 5.841 6.244 5.726 5.962 6.094 5.777 6.219 6.031 5.884 5.690
70 5.505 4.602 4.315 4.274 4.493 4.351 4.323 4.240 4.358 4.313 4.742
71 7.960 7.582 7.610 7.231 7.118 5.821 7.131 7.392 7.283 7.217 7.258
72 4.028 4.175 4.990 4.411 4.735 4.578 4.947 4.924 4.779 4.645 4.300
73 4.511 4.438 4.492 4.228 4.252 4.367 4.194 4.506 4.630 5.124 4.379
74 6.519 5.396 5.436 5.312 5.574 5.140 5.517 5.387 5.685 5.360 5.498
75 6.261 6.621 6.488 6.280 6.511 5.901 6.451 5.928 6.427 6.364 6.421
76 4.365 2.874 2.746 3.048 2.853 2.827 2.904 2.800 2.834 2.981 2.940
77 2.760 4.194 4.163 4.253 4.109 4.061 3.894 3.970 4.179 4.177 4.223
78 4.104 4.398 4.312 4.416 4.461 4.904 4.542 4.310 4.263 4.369 4.113
79 4.359 4.230 4.136 4.157 3.488 3.716 4.135 3.481 3.907 3.697 3.861
80 2.679 2.752 3.436 2.868 2.825 2.882 2.938 2.967 2.932 2.920 2.902
81 2.631 3.177 2.891 3.268 3.276 3.620 2.938 3.263 3.337 3.164 3.148
82 1.182 3.952 3.033 3.513 2.763 3.697 3.220 3.666 3.568 3.559 3.293
83 5.177 5.473 5.806 5.459 5.499 5.585 5.404 5.424 5.982 5.981 5.661
84 4.515 3.121 2.444 3.508 2.510 1.930 2.513 2.245 2.751 2.752 2.553
85 1.196 2.476 2.025 2.296 2.200 1.831 2.048 2.048 2.009 2.194 2.649
86 5.064 3.068 3.099 3.200 3.088 3.267 3.141 3.237 2.935 3.075 3.106
87 4.861 2.366 2.678 2.398 2.790 2.553 2.528 2.740 2.632 2.746 2.473
88 5.190 2.875 2.738 2.607 2.612 2.965 2.986 3.006 2.900 2.894 2.819
89 3.787 2.923 3.665 3.018 2.650 3.102 3.260 3.434 2.679 2.721 3.259
90 0.255 3.341 2.746 3.506 2.860 3.483 3.478 3.400 3.295 3.895 3.021
91 2.954 3.867 3.999 4.222 4.098 4.097 3.948 4.165 4.232 4.003 3.855
92 2.682 1.964 1.601 1.616 1.912 1.945 1.710 1.667 1.943 1.874 1.758
93 1.033 2.611 4.496 5.042 2.682 2.951 2.782 2.771 2.693 2.828 2.767
94 6.167 6.604 6.257 6.597 6.565 6.470 6.664 6.286 6.613 6.716 6.583
95 3.250 4.600 4.760 4.706 4.666 4.751 4.748 4.714 4.239 4.556 4.848
96 4.804 3.709 3.805 4.426 3.638 4.047 4.173 4.471 3.987 4.052 4.318
97 4.183 2.725 3.018 2.963 3.052 2.900 2.842 2.978 2.919 3.353 3.138
98 2.001 2.717 3.247 2.753 2.648 3.336 2.634 2.605 2.582 2.640 3.334
99 4.529 3.781 3.620 3.644 3.513 3.591 3.610 3.413 3.443 3.620 4.209
100 6.056 5.584 5.654 5.564 5.388 5.430 5.615 5.388 5.393 5.268 5.561
101 5.700 5.724 5.945 6.038 5.991 5.990 5.952 5.799 5.861 5.795 5.982
102 5.937 5.997 5.748 5.973 6.246 5.981 5.922 6.094 6.187 5.580 5.766
103 4.954 5.429 5.371 5.636 5.362 5.415 5.440 5.516 5.375 5.369 5.448
104 4.008 2.726 2.616 2.630 3.971 2.780 2.668 2.729 2.721 2.598 2.771
105 6.799 6.449 6.811 6.901 6.841 6.518 6.787 6.734 6.826 6.685 6.887
106 5.317 6.765 6.564 5.972 6.662 6.762 6.785 7.024 6.636 5.820 6.595
107 5.556 5.008 5.230 5.376 5.158 5.091 5.387 5.119 5.035 5.168 5.104
108 7.898 5.671 5.656 5.673 6.167 5.765 5.832 5.705 5.862 5.721 5.813
109 5.749 3.858 3.798 4.156 3.825 3.861 3.893 3.761 3.852 4.038 4.037
110 5.978 5.552 6.375 5.611 6.625 4.840 5.470 5.219 5.268 5.514 5.604
111 4.883 2.945 2.866 2.694 2.718 2.905 2.831 3.025 2.872 2.991 2.876
112 3.404 4.628 4.553 4.815 5.042 4.554 4.693 4.522 4.641 4.724 4.916
113 4.405 3.951 3.619 4.080 4.052 3.743 3.975 4.223 4.068 4.028 3.404
114 4.401 5.372 4.948 5.280 5.560 4.981 5.639 5.134 5.049 5.309 5.235
115 4.414 3.413 3.342 3.414 3.249 3.384 4.099 3.611 2.948 2.944 3.242
116 4.297 4.288 4.222 4.379 3.545 4.240 4.037 3.966 4.416 3.961 4.096
117 4.113 3.936 3.378 3.877 3.552 3.938 3.569 3.945 3.201 3.652 3.753
118 4.376 4.308 4.295 4.389 4.487 4.244 4.637 4.596 4.406 4.359 4.268
119 1.653 3.639 3.497 3.648 3.557 3.707 3.581 3.607 3.599 3.667 3.425
