data_index Htime.observed Htime.predicted.repeat1 Htime.predicted.repeat2 Htime.predicted.repeat3 Htime.predicted.repeat4 Htime.predicted.repeat5 Htime.predicted.repeat6 Htime.predicted.repeat7 Htime.predicted.repeat8 Htime.predicted.repeat9 Htime.predicted.repeat10
1 4.857 4.661 4.591 4.697 4.516 4.644 4.643 4.769 4.817 4.424 4.561
2 2.679 3.336 3.029 2.620 2.610 2.664 3.042 2.857 2.725 2.826 2.628
3 4.721 3.826 3.826 3.819 4.304 3.906 4.027 3.714 3.837 3.442 3.609
4 4.999 6.672 6.846 6.736 6.846 6.847 6.830 6.725 6.846 6.846 6.846
5 2.954 5.807 5.649 5.595 5.447 5.693 5.459 5.576 5.688 5.563 5.575
6 4.732 4.879 4.193 4.172 4.334 4.333 4.374 4.391 4.348 4.167 4.254
7 2.542 3.595 3.249 2.963 3.154 3.122 3.120 3.175 3.085 3.198 3.204
8 4.437 4.622 4.589 4.732 4.622 4.413 4.668 4.863 4.565 4.646 4.574
9 4.511 5.679 5.873 5.549 5.678 5.692 5.612 5.746 5.796 5.675 5.715
10 4.561 4.613 4.744 4.726 4.683 4.705 4.670 4.627 4.810 4.667 4.689
11 4.515 3.469 3.127 3.159 3.746 3.279 4.629 3.780 3.288 3.082 3.744
12 6.033 5.310 5.142 5.318 4.939 4.876 5.053 5.026 5.075 4.973 5.025
13 4.401 4.961 5.041 4.884 4.896 4.902 5.008 4.833 4.888 4.994 4.796
14 4.565 5.009 4.984 4.745 5.129 5.118 5.054 5.025 5.085 5.083 5.080
15 4.500 2.707 2.673 2.633 2.583 2.764 2.624 2.583 2.592 2.618 2.539
16 4.459 5.100 5.146 4.931 5.091 4.950 4.980 5.086 4.965 5.006 5.155
17 4.782 5.935 5.537 5.316 5.519 5.775 5.847 5.335 5.472 5.773 5.238
18 6.644 4.058 4.721 4.568 4.238 4.182 4.528 4.472 4.451 4.692 4.609
19 4.008 3.424 3.639 3.556 3.322 4.317 3.480 3.338 3.479 3.486 3.477
20 5.749 4.770 4.791 4.919 4.734 4.959 4.737 4.780 4.715 4.766 4.738
21 2.954 4.520 4.537 4.559 4.647 4.752 4.373 4.432 4.455 4.847 4.378
22 4.724 4.779 4.773 4.741 4.754 4.665 4.606 4.702 4.596 4.670 4.710
23 4.861 2.888 2.765 2.902 2.903 2.702 2.973 2.785 2.887 2.733 2.913
24 9.159 7.386 7.476 7.522 6.369 7.469 6.469 7.317 6.049 6.299 7.518
25 2.824 3.402 3.840 3.204 3.084 3.510 3.423 3.456 3.254 3.331 3.375
26 2.235 3.560 3.234 3.318 3.170 3.262 3.157 2.968 3.275 3.251 3.256
27 3.787 3.733 3.993 4.033 4.461 3.970 3.989 3.993 3.961 4.007 3.919
28 -0.165 0.591 0.447 0.631 0.975 0.644 1.138 0.587 0.324 0.579 0.733
29 4.365 3.178 3.096 3.298 3.124 3.246 3.136 2.785 3.221 3.376 3.076
30 6.982 6.136 5.928 6.116 5.923 6.047 6.109 6.286 5.911 6.236 5.916
31 5.556 5.542 5.390 5.354 5.105 5.446 5.457 5.127 5.524 5.397 5.498
32 4.605 4.779 4.792 4.788 4.857 4.762 4.892 4.956 4.745 4.742 4.737
33 2.381 2.846 2.942 3.160 2.862 3.024 3.158 2.967 3.044 3.245 3.162
34 5.016 4.844 4.796 4.723 4.752 3.838 4.793 5.067 5.044 3.699 4.776
35 0.255 3.041 2.979 3.521 3.093 3.301 3.407 3.090 3.288 3.449 3.193
36 5.937 6.059 5.351 5.984 5.969 6.129 5.883 6.093 6.293 6.040 6.290
37 1.196 1.450 1.752 2.717 1.577 1.487 1.564 1.643 1.575 2.734 1.564
38 2.475 1.127 0.991 0.936 0.926 1.016 0.898 0.763 1.091 1.120 0.916
39 3.525 4.388 4.124 4.439 3.947 3.491 4.180 4.276 4.166 4.202 4.251
40 6.946 6.198 5.492 6.269 6.287 6.024 6.080 6.451 6.116 6.227 5.983
41 6.519 5.474 5.438 5.576 5.660 5.551 5.616 4.987 5.524 5.407 5.559
42 2.001 2.819 2.639 2.921 3.131 2.815 2.883 2.896 2.916 2.708 2.706
43 6.167 6.050 6.181 6.343 6.396 6.342 6.156 6.189 5.263 6.576 6.103
44 4.459 4.216 4.131 3.881 4.197 4.334 3.819 3.932 3.593 3.982 4.113
45 4.673 4.860 4.886 4.847 4.786 4.918 4.885 4.720 4.879 4.806 4.657
46 5.617 5.722 5.615 5.747 5.690 5.551 5.659 5.680 5.709 5.715 5.860
47 1.358 1.296 1.437 2.750 1.333 1.323 1.413 1.329 1.309 2.613 1.537
48 4.228 4.608 4.863 4.658 4.832 4.806 4.851 4.761 4.778 4.831 4.650
49 4.475 4.485 4.944 4.906 5.048 4.703 5.019 4.372 4.443 4.811 5.029
50 2.682 1.240 1.353 1.721 1.442 1.359 1.157 1.373 1.235 1.996 1.270
51 4.297 4.313 4.212 4.276 4.213 4.276 4.276 4.314 4.212 4.212 4.213
52 4.702 4.512 4.680 4.477 4.523 4.358 4.423 4.515 4.390 4.386 4.516
53 4.804 3.549 3.549 3.740 3.767 3.804 3.681 3.621 3.687 3.553 3.508
54 4.741 4.597 4.458 4.572 4.599 4.686 4.794 4.542 4.487 4.483 4.874
55 6.083 3.964 4.042 4.003 4.208 4.097 4.166 3.639 4.269 4.019 3.996
56 4.401 4.845 4.747 4.618 4.372 4.309 4.912 4.292 4.477 4.580 4.167
57 6.101 6.057 5.878 5.909 5.798 5.796 5.850 5.900 5.909 5.694 5.899
58 3.561 3.384 3.557 3.741 3.980 4.077 3.418 4.208 3.679 3.432 3.596
59 4.376 4.197 4.197 4.212 4.200 4.213 4.213 4.212 4.212 4.213 4.212
60 7.960 6.564 6.652 6.770 5.752 6.596 5.671 6.528 5.284 5.542 6.726
61 2.475 3.652 3.490 3.657 3.528 3.412 3.414 3.311 3.357 3.569 3.515
62 4.183 2.976 2.846 2.922 2.773 2.945 3.018 2.883 2.741 3.127 2.849
63 2.857 3.883 3.660 3.660 3.550 3.661 3.499 4.208 3.661 3.660 3.542
64 0.776 0.423 1.276 0.808 1.527 0.909 1.506 0.758 0.816 0.869 0.361
65 6.190 5.459 5.301 5.384 5.424 5.307 5.552 5.408 5.171 5.361 5.418
66 5.520 4.925 4.834 4.857 4.836 4.835 4.990 4.894 5.109 4.865 4.892
67 4.613 4.649 4.569 4.711 4.771 4.698 4.690 4.613 4.842 4.646 4.639
68 0.670 0.930 1.632 1.315 1.454 0.911 1.452 1.525 1.398 1.365 1.515
69 6.056 5.488 5.519 5.634 5.121 5.711 5.555 5.280 5.436 5.665 5.608
70 4.598 4.751 4.844 4.821 4.785 4.941 4.922 4.917 4.756 4.831 4.832
71 5.317 5.609 5.675 5.674 5.648 5.666 5.208 5.750 5.631 5.630 5.721
72 4.635 6.745 6.143 6.452 6.081 6.625 6.160 6.272 6.093 6.555 6.158
73 4.529 3.604 3.787 3.630 3.530 3.821 4.060 3.753 3.730 3.674 3.780
74 5.700 6.702 6.064 6.461 6.141 6.713 6.237 6.093 6.209 6.670 6.041
75 0.325 3.362 3.335 3.021 3.292 2.985 3.222 3.172 3.153 3.193 3.043
76 3.984 2.949 3.594 2.892 2.979 2.986 2.944 2.881 3.009 2.851 2.821
77 2.208 3.363 3.574 3.093 3.308 2.945 3.053 3.235 3.022 3.127 3.111
78 1.653 3.975 4.040 4.113 4.233 4.130 4.228 4.315 4.123 4.184 4.208
79 0.088 4.380 3.980 4.146 4.193 4.289 4.555 4.272 4.253 4.352 4.100
80 4.196 2.909 3.028 3.231 3.080 3.027 3.459 3.042 3.048 2.957 2.868
81 5.336 4.952 4.944 5.073 5.297 5.242 4.960 5.229 5.086 5.060 5.034
82 1.105 2.366 1.467 2.228 2.607 1.315 2.641 2.248 2.075 2.122 2.280
83 5.846 4.836 4.839 5.133 4.610 4.846 4.883 4.794 5.073 4.812 4.873
84 4.113 4.314 4.209 4.276 4.276 4.276 4.314 4.314 4.314 4.314 4.276
85 2.631 3.541 3.792 3.579 3.418 4.092 3.674 3.757 3.221 3.376 3.636
86 6.261 6.031 6.034 6.023 5.560 5.957 5.874 5.535 5.859 5.996 5.772
87 5.048 4.924 4.900 4.955 4.919 5.053 4.779 4.959 4.957 4.702 4.787
88 4.858 5.329 5.437 5.400 5.345 5.271 5.233 5.337 5.371 5.331 5.266
89 4.779 4.603 4.818 4.745 4.645 4.706 4.780 4.742 4.683 4.791 4.756
90 3.835 4.357 4.685 4.379 4.726 4.023 4.306 3.463 4.499 4.603 4.026
91 5.064 2.981 2.731 3.069 3.103 3.057 3.322 3.145 3.047 2.870 3.362
92 4.003 3.759 3.702 3.994 3.923 3.740 4.017 3.767 3.857 3.896 3.786
93 3.404 4.016 3.658 3.875 4.656 3.879 4.170 4.132 4.109 3.947 3.926
94 4.951 4.626 4.529 4.608 4.607 4.575 4.798 4.616 4.513 4.612 4.618
95 5.505 4.457 4.466 4.439 4.321 4.366 4.530 4.437 4.547 4.395 4.382
96 1.857 3.575 3.407 3.498 3.753 3.529 3.484 3.463 3.621 3.067 3.548
97 4.632 5.926 5.719 5.362 5.801 6.038 5.780 6.004 6.068 5.719 5.987
98 5.177 5.396 5.325 5.567 5.432 5.114 4.997 5.474 5.422 5.500 5.519
99 5.978 5.706 5.848 5.647 5.526 6.257 5.676 5.674 4.934 5.795 5.733
100 4.146 2.920 3.097 3.005 2.939 2.930 2.965 2.898 3.148 3.201 2.791
101 4.954 5.067 5.333 5.313 5.233 5.275 5.139 5.217 5.047 5.011 5.338
102 5.806 6.615 6.027 6.152 6.222 6.191 6.481 6.089 6.140 6.425 6.087
103 5.033 4.492 4.320 4.588 4.501 4.782 4.487 4.574 4.487 4.366 4.790
104 4.395 3.935 4.045 4.163 4.134 3.368 3.888 4.158 4.129 3.472 4.018
105 5.093 3.461 3.086 3.460 3.563 3.661 3.499 3.188 3.461 2.958 3.542
106 3.250 4.471 4.425 4.487 4.598 4.752 4.540 4.595 4.582 4.702 4.383
107 2.760 4.242 3.974 4.123 4.564 4.333 3.932 4.137 4.203 4.000 4.196
108 1.182 3.593 3.980 3.540 3.398 3.924 4.159 3.436 3.750 3.877 3.375
109 4.028 4.632 4.789 5.091 4.470 4.253 4.543 4.788 4.652 4.952 4.591
110 5.190 3.804 4.105 3.973 3.879 3.863 3.834 4.030 3.967 4.278 3.900
111 4.988 4.638 4.520 4.727 4.390 4.637 4.560 4.670 4.502 4.492 4.606
112 6.799 6.160 6.045 6.193 6.099 6.098 6.164 5.892 6.208 6.127 6.048
113 5.414 3.391 3.722 3.968 3.689 3.575 3.504 3.634 3.660 3.769 3.424
114 4.414 4.196 4.197 4.213 4.213 4.276 4.276 4.219 4.212 4.212 4.276
115 5.635 4.930 4.744 4.611 4.713 4.608 4.783 4.840 4.744 4.560 4.637
116 4.883 4.861 4.900 4.901 4.999 4.897 5.214 4.846 4.894 4.542 4.875
117 4.712 4.333 4.410 4.386 4.034 4.385 4.171 4.441 4.018 3.913 4.185
118 4.758 4.307 4.399 4.336 4.239 4.237 4.340 4.384 4.290 4.433 4.338
119 3.147 3.062 3.098 2.975 3.461 3.271 2.761 3.102 3.337 3.192 3.305
120 5.580 6.020 5.988 6.057 5.938 6.536 6.197 6.055 5.893 6.183 6.000
