data_index lambdaa.observed lambdaa.predicted.repeat1 lambdaa.predicted.repeat2 lambdaa.predicted.repeat3 lambdaa.predicted.repeat4 lambdaa.predicted.repeat5 lambdaa.predicted.repeat6 lambdaa.predicted.repeat7 lambdaa.predicted.repeat8 lambdaa.predicted.repeat9 lambdaa.predicted.repeat10
1 342.000 322.681 322.136 324.542 319.247 324.098 324.445 320.947 324.841 326.232 322.507
2 336.000 358.384 358.407 366.257 389.112 376.201 362.597 371.030 367.696 371.134 357.783
3 434.000 432.295 429.567 423.079 435.152 420.221 433.543 435.430 429.754 425.170 429.160
4 320.000 310.769 317.111 313.935 314.047 315.954 314.743 310.756 313.528 313.406 326.189
5 317.000 337.998 342.293 342.414 331.915 338.831 343.835 343.850 335.884 345.314 338.117
6 432.000 453.338 458.949 445.187 448.607 441.833 446.649 446.894 453.377 448.893 450.210
7 419.000 426.613 428.487 429.305 429.308 427.194 427.079 433.806 429.455 426.459 429.987
8 554.000 512.126 508.171 505.010 519.970 517.698 513.711 507.167 515.386 519.624 520.447
9 438.000 446.470 464.226 447.061 460.254 442.436 444.226 460.080 462.569 457.276 450.039
10 315.000 318.751 319.919 319.364 319.763 320.506 318.968 319.174 320.384 319.509 319.811
11 325.000 342.442 344.091 343.611 335.472 341.285 342.901 340.794 338.563 339.304 338.245
12 492.000 430.617 416.741 432.718 445.723 432.597 420.331 425.754 440.036 422.543 425.559
13 370.000 385.698 377.731 374.512 377.311 379.825 372.377 394.706 376.821 369.173 381.297
14 424.000 417.699 418.280 420.417 420.704 416.107 417.372 423.028 418.118 428.941 423.800
15 400.000 402.134 397.105 403.835 397.708 395.883 401.285 402.075 398.071 399.009 400.260
16 406.000 391.115 399.875 400.952 402.876 399.895 398.177 402.736 399.353 395.112 397.836
17 429.000 427.470 442.023 456.633 436.943 430.192 438.853 436.163 440.287 444.147 436.310
18 450.000 412.170 415.409 423.785 421.607 418.582 422.023 427.390 414.057 412.277 421.086
19 342.000 336.942 337.430 336.012 336.856 335.720 337.590 335.858 333.089 336.554 335.679
20 302.000 335.232 335.599 342.208 345.743 339.092 341.829 338.004 338.658 340.314 337.890
21 437.000 433.801 427.006 433.782 427.188 434.025 435.870 438.458 428.185 433.313 437.834
22 407.000 415.245 414.694 417.493 414.102 420.111 418.681 417.864 417.876 414.139 416.727
23 384.000 397.664 400.180 400.232 398.870 396.249 396.493 394.232 400.034 397.606 394.638
24 371.000 389.072 389.669 384.651 386.300 390.403 382.840 389.734 397.288 388.338 382.975
25 417.000 380.089 378.983 376.941 370.271 389.567 378.111 383.834 376.211 380.334 381.469
26 425.000 443.333 439.870 436.269 435.744 441.472 433.847 435.152 436.318 434.513 442.506
27 350.000 352.983 343.912 343.294 348.400 342.300 350.886 349.073 353.976 341.409 343.444
28 444.000 425.599 428.441 428.894 431.981 427.390 429.877 428.325 428.760 430.166 427.170
29 379.000 398.953 402.615 400.245 392.525 399.053 404.772 393.548 389.291 391.960 401.341
30 400.000 413.665 418.412 417.493 418.424 416.234 417.487 418.468 418.709 416.527 419.205
31 378.000 405.741 382.714 390.344 391.824 388.805 413.260 397.298 388.653 398.527 402.183
32 364.000 386.236 390.024 384.091 385.206 384.144 388.634 386.518 383.415 386.030 382.067
33 360.000 356.663 358.648 355.399 359.219 360.296 357.947 353.945 358.297 355.022 360.193
34 382.000 381.023 390.296 389.772 378.060 397.321 368.916 379.248 371.541 378.194 384.620
35 527.000 501.124 485.227 490.632 468.969 502.028 517.528 512.169 496.223 483.374 504.046
36 408.000 403.522 400.777 402.113 400.064 400.836 402.117 402.046 408.129 402.032 403.838
37 421.000 349.223 357.469 361.877 361.566 357.560 362.990 360.764 363.022 363.608 355.731
38 346.000 349.271 336.192 351.668 347.607 345.355 345.529 347.526 338.713 346.397 346.093
39 478.000 486.214 478.871 477.600 486.902 484.042 478.806 490.129 480.297 479.985 471.745
40 420.000 466.800 457.934 447.476 452.835 450.929 453.817 435.449 455.801 446.916 457.380
41 430.000 443.074 443.332 442.381 439.835 439.477 445.172 438.845 437.513 439.766 442.142
42 623.000 548.715 545.111 543.442 547.274 546.827 551.393 551.809 553.160 552.975 544.817
43 457.000 422.313 420.811 429.765 424.957 427.638 425.025 423.195 422.739 423.660 424.400
44 424.000 453.505 445.813 453.197 471.618 453.000 457.377 449.486 449.615 448.408 445.377
45 456.000 451.579 441.562 449.023 439.482 441.806 464.659 445.899 449.330 435.912 444.800
46 411.000 400.874 396.406 397.568 392.635 404.628 399.715 404.368 391.881 395.715 398.079
47 413.000 435.994 428.335 429.371 430.144 428.795 429.016 428.389 428.606 429.586 431.469
48 332.000 353.349 356.703 355.312 353.781 357.867 349.324 347.723 346.839 359.749 352.026
49 489.000 486.817 474.377 474.815 480.723 480.393 473.757 469.560 473.576 474.418 461.408
50 425.000 458.511 431.381 442.360 453.253 436.894 445.783 451.350 440.953 446.963 450.689
51 359.000 378.946 381.821 383.026 373.473 377.420 385.430 383.086 374.744 383.008 386.635
52 418.000 421.448 421.729 419.852 421.947 417.182 416.016 414.314 423.264 418.579 421.534
53 325.000 321.053 320.874 321.751 320.761 320.194 319.944 320.387 321.862 321.057 319.929
54 447.000 423.105 423.505 431.390 435.601 432.328 428.506 426.986 427.743 429.780 426.189
55 464.000 499.890 497.569 491.056 495.841 491.528 492.315 490.947 492.585 489.223 486.839
56 431.000 429.509 426.918 429.522 421.400 426.578 426.175 429.222 427.199 421.609 425.160
57 332.000 345.673 347.850 353.506 349.804 350.574 343.515 351.660 352.371 347.559 348.205
58 329.000 432.126 418.703 411.077 417.320 412.903 414.582 422.748 414.342 416.796 416.188
59 315.000 320.341 318.842 320.389 319.003 319.865 319.083 320.444 320.220 319.616 318.957
60 396.000 402.127 395.976 399.824 398.837 399.083 397.558 403.325 396.491 400.208 403.403
61 390.000 374.612 369.967 370.460 373.000 375.586 368.170 372.033 369.797 365.417 368.352
62 423.000 434.081 427.421 426.857 434.588 439.830 430.889 435.644 432.470 425.917 425.699
63 430.000 446.865 435.917 443.884 438.225 435.782 442.400 442.778 441.745 434.531 444.136
64 429.000 428.666 421.445 424.016 421.770 428.734 420.304 428.451 422.383 423.436 421.053
65 467.000 445.063 444.908 446.085 440.761 453.478 445.850 440.144 440.863 432.264 444.196
66 602.000 545.368 544.093 542.876 561.747 552.096 556.946 555.929 556.523 560.189 558.834
67 461.000 458.755 445.392 461.140 461.349 459.495 469.921 458.230 448.843 474.138 447.762
68 342.000 337.486 337.609 337.530 337.268 335.781 338.197 336.145 337.263 335.348 339.319
69 545.000 507.307 479.588 472.931 459.918 471.671 483.133 457.251 495.236 495.040 464.226
70 415.000 420.168 420.224 421.467 420.603 420.264 417.997 419.043 419.996 420.820 420.816
71 365.000 383.989 383.138 384.307 391.370 382.364 376.548 378.864 375.598 390.031 376.002
72 429.000 433.108 433.427 428.495 437.767 425.309 427.959 425.990 437.575 430.240 439.453
73 336.000 334.963 333.604 337.066 335.667 332.983 332.839 332.032 334.943 336.805 334.503
74 302.000 349.166 347.360 348.021 347.423 348.517 347.842 346.478 347.425 344.179 346.118
75 426.000 446.717 439.870 438.657 434.484 440.687 440.350 433.257 432.482 437.829 441.454
76 364.000 382.956 370.859 389.375 387.215 383.570 383.114 384.122 389.806 383.780 373.064
77 451.000 427.817 425.581 427.027 425.772 426.741 424.972 423.088 424.926 427.131 424.041
78 573.000 555.993 557.343 563.575 563.759 561.289 572.408 559.802 554.503 557.703 552.735
79 447.000 422.764 424.464 422.002 422.048 428.141 424.852 424.794 422.169 424.142 424.681
80 322.000 335.854 333.415 331.313 335.884 336.509 337.946 339.913 339.370 334.775 335.224
81 586.000 573.880 579.200 569.648 582.550 572.870 586.323 580.567 579.330 560.376 575.818
82 459.000 424.331 423.600 431.673 444.230 430.236 436.727 430.716 441.402 436.000 439.826
83 405.000 420.444 424.951 423.798 424.735 421.063 424.216 420.874 425.130 419.317 417.040
84 434.000 426.457 426.927 426.148 430.352 427.338 427.297 426.379 423.412 430.066 430.581
85 441.000 448.960 449.459 443.082 441.805 456.468 455.555 444.481 445.699 446.157 446.470
86 403.000 417.538 417.148 417.587 418.951 416.530 419.062 417.636 416.587 416.213 418.623
87 450.000 427.363 432.656 433.513 434.989 425.518 426.852 420.799 423.665 421.494 432.294
88 372.000 366.489 369.984 369.236 365.001 367.270 368.180 366.603 369.923 362.505 367.945
89 400.000 436.701 432.295 425.861 432.398 427.301 436.510 427.298 438.894 443.495 420.133
90 545.000 534.303 531.444 538.385 533.580 517.603 529.977 523.703 535.954 536.360 532.589
91 411.000 418.000 406.204 405.004 409.242 400.294 418.425 409.577 412.739 409.106 410.463
92 344.000 331.679 333.706 331.602 332.410 332.378 338.104 332.586 335.432 337.012 331.626
93 502.000 558.538 541.607 546.466 554.218 552.367 555.612 548.856 544.870 541.867 553.350
94 401.000 405.081 398.270 409.819 398.765 401.505 411.165 403.792 408.764 400.946 400.622
95 407.000 418.418 419.627 421.446 418.760 413.447 417.865 415.795 414.747 428.304 415.984
96 444.000 435.471 435.510 430.966 436.615 438.277 426.960 432.908 431.840 435.495 440.071
97 321.000 319.174 320.866 320.100 319.762 321.191 320.559 320.217 319.601 331.906 319.555
98 584.000 590.602 587.290 593.194 593.668 587.038 590.796 592.632 592.898 586.879 592.600
99 480.000 521.318 516.910 524.128 511.640 568.160 522.940 497.688 521.480 519.563 526.120
100 510.000 495.926 483.759 484.128 481.658 470.553 492.018 494.412 479.780 491.237 471.906
101 408.000 411.681 407.793 421.064 411.086 414.489 397.375 411.130 416.057 402.768 403.889
102 323.000 337.636 334.062 338.535 336.603 340.062 343.062 337.048 334.092 340.775 333.954
103 438.000 420.375 436.909 429.786 428.773 424.612 423.537 429.193 429.015 421.942 428.363
104 417.000 420.150 416.362 420.494 422.398 419.920 420.009 420.462 421.319 419.707 424.549
105 429.000 428.154 427.554 424.945 434.993 428.087 423.021 425.225 430.049 428.568 426.627
106 434.000 417.934 428.236 425.800 424.587 424.681 426.550 423.424 429.033 424.805 428.044
107 442.000 420.836 428.737 425.385 426.227 425.143 431.684 426.960 422.529 417.581 424.632
108 410.000 416.133 418.391 416.505 416.953 415.536 415.906 417.652 414.709 416.306 416.991
109 335.000 378.053 375.944 365.178 367.012 375.130 349.543 369.319 371.686 389.407 356.019
110 515.000 515.025 500.025 499.989 511.848 490.467 486.952 502.284 493.505 504.102 494.102
111 400.000 402.247 399.816 401.009 403.541 398.964 403.360 398.574 402.233 399.719 403.701
112 429.000 426.800 422.505 427.411 426.165 430.306 431.294 428.776 427.974 417.407 429.101
113 432.000 447.557 451.643 454.881 449.800 447.140 441.059 443.153 439.510 438.800 452.314
114 335.000 336.160 334.926 334.778 335.850 336.375 335.497 334.962 334.697 335.486 336.197
115 395.000 397.419 406.229 401.580 397.807 402.982 398.523 400.071 403.826 402.930 406.406
116 341.000 335.238 346.749 337.186 344.714 331.814 346.273 339.451 342.372 338.509 340.690
117 425.000 419.098 419.473 421.854 418.922 422.899 419.553 421.111 419.257 419.603 421.796
118 351.000 369.420 364.648 363.258 361.854 360.221 362.162 369.382 362.915 365.821 372.904
119 315.000 321.571 322.533 320.306 320.869 321.487 320.650 320.907 321.002 320.662 319.882
120 320.000 327.197 338.236 336.128 338.627 329.236 331.751 342.083 339.224 325.905 328.074
121 588.000 568.776 562.107 559.905 563.400 556.654 567.481 555.870 563.808 548.630 555.765
122 469.000 474.442 473.215 474.266 476.708 482.297 468.867 472.452 474.028 470.122 472.270
123 321.000 354.138 357.990 362.851 353.997 361.941 361.374 354.611 367.947 353.743 358.006
124 310.000 416.363 424.752 426.309 418.907 411.004 434.521 414.288 416.212 426.857 415.308
125 362.000 336.618 341.763 332.690 341.750 337.285 331.714 333.703 344.739 332.518 331.132
126 332.000 367.346 362.695 365.941 364.617 370.648 363.207 360.225 363.089 371.353 360.904
127 307.000 339.070 338.650 340.387 336.540 343.515 332.085 345.295 340.193 336.032 337.079
128 400.000 398.825 401.929 398.553 398.670 395.330 399.597 397.996 400.903 397.198 401.546
129 490.000 491.703 478.234 488.716 469.479 474.512 481.148 481.546 484.531 489.429 487.968
130 354.000 355.061 356.145 352.652 350.905 354.154 361.133 360.166 350.794 357.829 355.646
131 326.000 341.624 340.469 343.022 342.044 341.069 336.700 345.389 340.012 340.720 339.014
132 326.000 340.101 334.136 340.577 335.758 336.377 340.127 340.671 333.431 338.967 334.816
133 409.000 419.073 411.941 418.072 416.917 415.943 417.086 418.730 412.886 413.308 416.999
134 562.000 448.693 447.289 445.651 449.790 441.296 444.908 446.917 450.745 432.802 446.462
135 332.000 324.072 331.531 330.374 330.862 325.559 322.186 336.627 331.326 325.845 325.956
136 472.000 427.830 432.023 430.500 426.720 428.823 413.507 438.342 439.704 438.462 431.395
137 405.000 413.951 416.465 415.380 416.899 415.196 416.133 412.784 415.603 411.832 406.634
138 394.000 398.191 390.414 397.638 393.998 395.435 403.140 395.706 399.150 400.701 402.348
139 324.000 336.002 339.461 339.084 331.111 336.294 341.031 339.836 337.980 339.680 339.947
140 555.000 565.606 573.665 556.960 557.017 567.255 559.161 573.422 559.199 561.878 564.528
141 324.000 339.300 338.221 336.818 332.334 338.780 336.890 337.124 334.806 337.381 330.719
142 422.000 428.705 433.463 423.872 435.248 429.981 429.370 434.708 434.227 426.565 429.812
143 429.000 421.601 408.750 415.732 418.687 411.863 414.990 406.590 413.857 412.764 417.427
144 314.000 327.916 335.821 322.829 327.734 331.368 326.462 337.337 325.395 330.249 329.148
145 445.000 447.108 445.917 455.210 440.980 439.327 442.124 454.653 444.509 426.952 439.883
146 420.000 422.264 429.010 426.445 430.640 427.451 422.922 424.679 412.835 428.511 423.787
147 350.000 352.151 356.290 360.737 353.706 363.600 352.601 355.747 357.028 355.543 353.567
148 381.000 369.318 358.184 359.062 365.570 361.769 361.199 360.002 360.599 373.746 365.876
149 340.000 350.527 342.633 351.438 341.376 346.348 342.263 355.283 352.103 341.108 343.542
150 462.000 466.486 462.624 466.308 459.955 468.998 456.488 471.376 462.368 471.089 462.094
151 545.000 515.884 504.732 500.647 497.584 514.240 507.053 501.870 510.825 513.056 507.386
152 401.000 410.985 402.232 413.452 401.188 402.160 415.774 415.183 409.397 411.238 412.363
153 450.000 494.445 488.082 456.611 472.820 482.161 490.868 489.791 505.408 494.371 471.206
154 495.000 534.875 541.665 542.056 552.528 543.898 516.284 551.347 549.660 534.976 544.395
155 415.000 417.788 436.253 424.493 422.420 423.422 436.532 425.676 407.603 426.431 440.065
156 580.000 536.945 537.997 545.980 537.058 545.770 531.245 544.020 539.121 540.385 555.280
157 412.000 417.523 410.801 413.866 414.552 413.939 410.826 422.287 411.695 418.569 417.717
158 446.000 487.287 487.245 493.744 471.101 477.599 474.130 475.024 468.382 469.339 471.010
159 330.000 342.702 341.832 338.989 339.866 339.382 337.439 340.312 335.112 336.171 333.581
160 325.000 325.523 339.842 332.053 323.574 334.796 338.902 340.335 337.423 332.522 345.927
161 316.000 329.673 337.823 336.183 328.621 332.465 330.900 340.103 345.812 338.630 333.124
162 408.000 401.247 400.135 401.116 400.926 399.192 404.559 402.335 399.655 399.356 398.681
163 428.000 405.776 405.419 399.242 403.706 402.194 399.179 400.553 402.475 401.026 403.655
164 396.000 446.349 478.705 467.555 479.507 471.425 472.653 463.154 467.029 459.962 464.820
165 385.000 365.886 368.288 364.879 364.704 368.563 365.334 362.346 369.333 367.670 367.660
166 335.000 335.374 335.526 334.683 335.778 334.385 336.396 335.421 335.383 335.737 334.488
167 339.000 326.664 327.365 330.744 329.258 327.229 328.919 325.501 330.427 331.948 325.268
168 419.000 425.452 427.631 428.112 426.068 429.686 424.607 430.654 425.006 431.150 429.803
169 321.000 318.937 318.432 320.996 319.147 321.899 319.040 319.376 319.647 319.007 319.847
170 419.000 417.744 418.625 417.026 417.172 419.336 419.345 417.069 418.818 416.596 420.626
171 423.000 430.214 424.922 425.638 422.234 429.725 423.452 424.723 428.324 417.337 428.890
172 416.000 423.100 423.241 430.271 421.488 423.363 425.443 422.933 432.255 421.537 417.787
173 434.000 425.817 422.213 419.701 425.054 420.690 423.088 421.754 426.908 419.551 421.089
174 329.000 342.059 346.424 345.700 347.296 340.005 341.290 341.732 344.236 351.124 347.116
175 450.000 441.675 439.069 426.640 422.736 435.594 432.598 422.263 438.847 432.287 435.499
176 333.000 343.840 340.363 337.651 339.604 341.202 342.504 341.510 344.373 342.063 342.800
177 420.000 430.065 432.431 431.448 433.593 430.777 431.246 429.037 428.763 426.581 430.715
178 315.000 337.503 330.072 336.792 341.365 332.193 345.036 343.190 339.156 339.745 341.944
179 349.000 337.292 343.716 331.930 343.731 337.938 348.332 356.336 339.846 340.197 353.043
180 431.000 417.956 410.727 409.952 417.130 411.265 412.825 408.164 407.129 412.418 413.450
181 407.000 415.994 413.902 415.197 418.034 416.050 414.073 417.402 414.567 415.079 416.606
182 424.000 415.640 418.101 419.236 421.713 419.245 417.195 419.214 419.146 417.371 419.705
183 425.000 418.736 423.240 417.838 421.731 417.250 410.795 416.560 418.070 413.522 419.584
184 588.000 580.730 584.172 583.360 580.961 570.862 578.952 576.890 583.031 580.395 580.223
185 332.000 344.456 335.977 340.856 345.004 341.832 343.900 341.028 344.489 347.188 338.642
186 379.000 411.122 432.698 415.114 417.975 416.437 416.244 422.855 421.189 415.756 423.408
187 586.000 583.553 586.167 580.805 584.600 588.365 587.520 584.720 582.520 582.770 586.690
188 528.000 548.478 556.938 560.289 548.900 557.213 550.545 551.620 563.021 556.490 570.444
189 425.000 441.835 441.239 439.377 446.138 447.221 453.189 445.011 446.607 443.329 438.711
190 398.000 395.055 390.384 391.525 387.414 390.454 387.325 390.934 399.752 389.958 389.833
191 492.000 514.275 516.010 529.674 489.472 515.495 512.040 505.433 510.976 515.935 519.237
192 395.000 417.847 423.888 414.932 409.419 412.193 416.264 421.189 413.415 414.610 415.224
193 503.000 439.089 432.117 428.820 435.171 431.458 441.081 435.048 434.059 431.417 423.365
194 402.000 418.307 418.848 418.085 418.951 417.550 418.869 417.698 417.052 420.251 417.864
195 316.000 338.965 337.652 337.105 338.781 338.717 342.250 338.516 334.158 336.300 337.184
196 537.000 513.201 518.406 520.743 521.041 523.770 507.169 519.182 508.037 518.027 513.375
197 426.000 431.481 435.368 425.158 429.498 427.010 430.517 428.242 429.361 422.880 432.261
198 414.000 441.374 438.219 430.746 435.807 442.843 436.322 433.671 431.354 434.723 430.935
199 460.000 515.320 514.720 517.500 524.232 561.720 510.167 504.673 519.340 522.890 524.476
200 438.000 436.344 437.957 432.696 434.700 438.363 443.183 439.093 442.935 437.977 437.307
201 418.000 416.383 418.283 419.254 420.952 417.518 416.312 414.695 421.472 411.020 415.428
202 432.000 399.618 398.111 400.686 379.391 391.060 410.925 388.742 398.039 389.082 389.400
203 422.000 426.287 424.937 426.853 427.731 425.194 428.668 433.119 428.341 428.127 422.512
204 450.000 430.957 427.854 435.253 439.223 436.583 433.928 439.050 428.248 439.032 433.927
205 362.000 384.619 380.270 370.017 392.742 371.534 384.296 371.246 369.069 388.531 376.064
206 500.000 443.504 422.946 439.474 422.974 435.906 424.060 421.130 431.340 433.168 451.113
207 361.000 378.776 365.431 360.393 371.565 364.307 373.023 366.037 364.940 380.801 378.564
208 439.000 429.434 445.466 439.040 435.614 435.196 430.723 439.406 442.012 422.555 423.153
209 382.000 449.655 449.394 448.861 458.558 447.810 438.377 445.599 453.301 445.432 454.644
210 446.000 445.953 453.336 448.655 448.103 448.922 446.339 446.237 449.887 445.550 440.649
211 420.000 438.264 426.692 423.012 428.695 431.752 425.801 428.645 430.111 428.737 432.902
212 420.000 424.575 427.152 425.702 428.674 426.687 427.982 423.848 429.049 427.077 425.329
213 488.000 429.355 441.228 439.333 440.698 429.445 448.030 424.162 437.554 441.852 424.191
214 395.000 403.672 402.016 402.213 400.732 401.160 401.205 397.529 401.711 400.801 399.176
215 399.000 417.475 420.404 418.846 417.194 418.648 418.734 416.559 419.596 419.093 414.821
216 356.000 352.771 355.705 353.764 356.523 357.127 356.711 362.961 359.936 353.900 357.926
217 440.000 434.009 426.455 428.610 425.910 424.311 431.236 427.883 431.524 428.827 428.883
218 342.000 358.819 365.299 343.439 354.782 357.682 356.254 363.364 360.999 366.890 353.936
219 535.000 477.340 475.301 502.863 503.105 521.207 507.358 486.530 513.530 485.496 509.594
220 525.000 474.769 491.001 473.253 483.504 507.705 483.324 500.763 490.368 488.677 473.194
221 526.000 498.547 506.276 509.485 514.579 497.249 509.370 501.037 507.487 505.040 511.480
222 318.000 333.780 334.065 334.486 335.574 335.198 339.258 337.583 335.101 334.108 335.902
223 518.000 397.196 420.942 417.539 399.144 399.409 397.426 410.461 409.570 411.734 396.277
224 366.000 355.364 358.679 355.216 354.236 353.947 355.198 349.990 356.928 356.865 353.569
225 349.000 362.168 361.520 360.396 359.307 367.034 360.385 360.279 357.729 364.280 361.323
226 396.000 403.946 403.410 403.140 403.541 399.522 400.145 401.515 402.516 400.297 401.423
227 380.000 369.150 367.099 372.193 367.359 370.900 370.006 371.192 368.508 369.483 367.709
228 375.000 368.085 371.020 372.932 369.203 369.638 368.807 369.396 367.319 367.414 368.184
229 455.000 429.433 427.041 432.136 435.941 432.806 432.234 425.627 422.601 432.217 426.475
230 428.000 434.397 434.411 438.720 440.210 443.105 436.679 439.110 431.291 436.150 424.980
231 334.000 336.018 332.118 333.372 332.447 333.266 331.125 334.662 333.060 334.326 332.039
232 337.000 320.528 320.568 318.776 325.048 318.925 320.176 322.218 319.404 320.578 317.726
233 418.000 426.018 425.563 425.287 432.931 424.226 428.449 422.238 425.203 421.691 425.986
234 310.000 329.206 332.665 335.870 338.841 325.127 337.542 332.367 330.727 322.460 332.679
235 395.000 398.219 399.576 398.416 403.041 399.482 399.305 403.455 400.666 397.958 401.715
236 450.000 410.367 416.029 418.409 421.612 439.997 431.715 402.668 414.237 420.113 437.242
237 368.000 360.882 358.284 359.985 357.341 356.198 357.260 357.479 358.565 357.415 356.462
238 468.000 441.668 453.829 437.909 437.911 437.021 442.934 424.388 440.713 438.065 440.134
239 305.000 326.945 329.577 329.816 324.146 326.510 331.125 333.070 328.325 328.923 326.243
240 303.000 324.381 326.155 327.712 334.511 326.964 330.537 333.485 332.533 326.548 327.629
241 316.000 322.832 322.319 323.171 324.974 327.918 323.202 326.434 321.824 320.275 323.577
242 360.000 338.553 337.804 339.843 348.192 335.496 340.195 335.659 335.337 335.287 341.615
243 466.000 449.888 450.290 445.913 447.689 448.552 441.235 450.172 452.364 429.141 449.006
244 422.000 427.524 431.032 436.571 435.115 432.495 432.838 429.321 433.794 427.016 430.178
245 418.000 409.380 412.299 406.206 408.287 402.932 415.989 412.606 405.695 403.268 405.047
246 409.000 418.310 419.021 417.884 418.731 416.703 416.511 416.987 418.871 416.965 418.193
247 326.000 345.621 348.448 345.291 343.104 351.616 347.791 358.243 347.051 350.095 347.202
248 328.000 362.085 368.659 375.212 370.111 373.077 360.632 367.959 362.307 365.871 367.919
249 369.000 389.523 386.581 381.662 379.340 377.699 388.628 397.914 391.653 385.465 384.171
250 346.000 340.328 345.776 345.334 345.185 341.977 342.523 346.211 339.943 339.444 342.479
251 407.000 418.427 415.988 417.063 420.111 415.252 415.955 421.004 419.518 415.044 420.193
252 414.000 397.327 403.935 384.018 410.492 395.231 392.362 406.015 390.756 394.621 399.052
253 501.000 503.068 497.448 491.190 501.938 499.128 494.629 494.820 487.845 497.383 497.396
254 421.000 418.053 416.042 419.803 417.121 416.176 422.349 419.174 416.792 417.610 417.722
255 316.000 338.153 329.044 337.628 323.490 331.764 323.947 331.504 321.426 329.667 326.594
256 328.000 332.752 333.674 333.852 336.574 336.318 332.512 332.476 336.432 335.258 334.155
257 445.000 452.495 442.195 450.367 467.711 451.781 457.275 459.427 451.209 439.049 465.298
258 371.000 359.891 366.775 370.280 357.508 370.442 376.114 373.165 362.451 366.776 378.874
259 484.000 423.091 427.532 429.244 412.693 443.422 453.382 400.206 434.500 436.881 430.187
260 418.000 416.803 420.752 420.852 420.603 419.623 419.766 419.837 418.855 419.445 419.133
261 371.000 366.879 366.215 363.799 368.168 361.896 369.896 368.128 367.477 366.557 358.460
262 331.000 334.856 337.684 335.476 338.968 341.568 336.668 345.406 337.173 341.747 339.599
263 586.000 530.921 522.881 526.180 522.454 526.225 518.420 523.470 517.463 532.054 531.729
264 434.000 433.509 429.949 432.388 439.705 431.444 431.607 429.844 438.426 430.631 431.200
265 412.000 420.853 423.691 419.858 430.166 422.368 423.786 425.113 418.389 422.115 420.508
266 483.000 427.907 420.066 425.220 428.869 412.661 421.166 412.334 410.320 410.607 420.393
267 393.000 398.077 401.183 406.795 403.303 401.740 397.204 398.992 403.121 405.304 398.301
268 386.000 398.397 396.645 395.121 396.631 396.669 394.846 399.225 393.344 397.881 393.575
269 344.000 409.295 380.707 390.305 374.675 401.652 383.677 380.883 381.636 368.416 368.592
270 392.000 367.077 363.660 365.122 352.819 353.776 360.827 358.349 360.319 351.712 370.842
271 460.000 445.755 430.611 425.711 430.179 431.751 443.773 430.633 443.458 441.676 429.052
272 321.000 336.103 335.795 335.232 335.347 335.561 335.764 336.374 336.204 336.144 335.598
273 311.000 358.043 370.433 363.571 354.938 373.841 357.663 367.893 357.872 360.840 370.754
274 391.000 344.700 337.203 329.999 341.765 343.987 337.579 339.874 333.380 342.407 339.192
275 431.000 447.865 438.279 428.994 439.747 440.071 439.319 432.234 438.545 441.000 433.832
276 357.000 354.596 355.050 362.056 351.650 353.173 354.647 353.375 354.907 356.603 356.985
277 414.000 421.516 416.687 420.956 413.637 405.542 422.198 422.643 408.330 421.030 410.782
278 452.000 422.877 423.101 423.064 421.734 419.919 421.008 418.969 419.678 422.243 421.009
279 437.000 431.537 422.880 448.473 434.907 445.691 440.140 433.558 437.365 417.027 432.456
280 315.000 321.951 323.207 321.378 321.160 322.309 320.039 322.554 322.166 322.067 322.564
281 435.000 444.822 456.253 450.454 456.059 449.893 443.179 456.963 432.375 426.009 445.049
282 448.000 423.267 424.290 431.478 432.430 418.235 427.224 431.572 428.358 425.281 426.997
283 416.000 416.368 419.767 421.814 421.397 422.445 418.608 418.939 419.968 421.430 424.188
284 328.000 347.518 347.155 347.618 355.280 349.609 347.029 354.914 344.488 341.378 348.015
285 390.000 401.199 401.088 400.224 403.818 396.936 401.092 398.844 401.465 398.675 399.413
286 310.000 327.682 337.664 332.685 330.293 332.857 324.208 341.729 326.551 338.189 328.565
287 365.000 368.718 367.649 365.498 365.630 366.844 366.324 368.860 368.177 369.249 367.488
288 402.000 415.268 421.462 420.628 423.033 413.925 418.416 416.555 418.323 420.018 421.959
289 372.000 385.053 402.140 400.303 390.951 383.669 385.944 397.703 398.741 386.803 390.116
290 428.000 458.841 464.181 463.623 464.021 455.386 461.562 454.800 467.833 473.972 449.189
291 267.000 433.554 432.012 430.483 420.626 424.190 423.069 416.296 430.676 434.854 435.919
292 330.000 336.226 335.617 335.789 336.821 339.935 336.576 338.912 336.952 339.274 335.336
293 598.000 584.143 586.050 577.363 581.035 580.405 582.299 580.147 572.858 582.038 578.370
294 392.000 381.134 377.776 378.899 389.994 379.139 384.478 382.486 383.642 383.414 388.611
295 430.000 512.639 504.816 502.565 504.536 499.328 505.281 512.314 497.610 524.835 511.913
296 340.000 352.256 346.979 346.991 350.598 344.753 347.589 354.585 352.080 357.450 336.887
297 312.000 326.792 327.512 329.685 333.670 334.633 336.786 337.106 332.604 332.600 330.209
298 327.000 347.322 370.433 353.304 352.718 340.750 350.891 354.219 362.328 371.231 342.379
299 342.000 347.813 360.736 369.878 353.331 360.541 359.311 365.830 362.160 355.411 369.354
300 417.000 414.315 417.816 418.847 418.219 417.636 415.738 416.985 417.150 418.095 417.127
301 318.000 321.236 319.309 321.370 320.550 320.844 320.475 318.746 319.811 320.982 320.060
302 329.000 329.269 325.807 328.774 325.696 324.687 337.241 327.332 326.526 322.539 328.388
303 339.000 347.394 351.928 343.589 345.566 345.529 344.481 344.903 345.641 347.308 357.071
304 334.000 335.669 336.982 333.784 333.985 339.580 333.711 334.076 336.042 337.018 336.190
305 346.000 344.825 346.883 349.414 368.124 353.946 352.321 361.657 353.651 368.685 350.011
306 420.000 428.842 428.356 426.003 427.627 424.781 428.426 429.871 428.973 428.358 429.599
307 371.000 384.140 380.872 377.445 390.418 377.468 392.673 392.421 390.458 382.477 391.023
308 560.000 566.080 569.780 565.910 561.512 562.858 565.713 557.260 563.421 558.118 567.642
309 512.000 486.935 492.920 482.032 483.591 477.021 467.199 476.919 480.703 474.143 456.433
310 410.000 425.687 426.504 432.980 428.825 424.597 427.588 425.840 429.555 425.689 425.623
311 473.000 453.703 452.332 450.646 451.172 450.684 454.854 436.861 454.591 449.090 447.696
312 427.000 416.708 423.791 422.242 421.184 418.563 420.915 422.731 421.477 416.593 424.252
313 326.000 384.291 385.709 379.121 382.856 396.699 371.832 372.250 381.279 387.085 376.727
314 405.000 387.749 393.872 383.513 385.550 392.625 384.151 387.983 381.660 386.633 379.662
315 442.000 479.466 486.348 466.123 472.696 477.322 469.647 465.340 502.975 470.468 484.502
316 330.000 335.201 337.090 336.248 336.221 337.622 337.910 339.850 337.106 336.213 336.606
317 328.000 332.058 335.347 342.930 329.776 340.178 333.733 340.740 337.622 331.812 335.673
318 436.000 429.389 427.714 425.637 424.059 422.518 426.304 427.431 426.636 425.222 427.112
319 410.000 419.592 414.298 419.720 418.878 418.442 420.078 417.099 420.265 419.075 422.881
320 462.000 442.139 448.907 440.408 456.336 450.405 440.301 447.787 443.719 451.687 450.300
321 471.000 444.040 440.197 440.726 444.847 441.212 443.389 444.048 440.482 441.610 440.781
322 427.000 419.666 426.898 424.932 421.650 419.868 420.805 419.519 426.143 423.334 423.060
323 464.000 444.890 440.405 438.098 442.179 443.296 437.845 438.002 434.848 438.300 444.975
324 446.000 442.106 445.872 429.542 442.435 450.947 418.129 441.336 441.863 433.778 441.610
325 583.000 582.276 584.240 573.393 585.638 576.500 580.322 575.275 576.720 576.452 579.057
326 562.000 457.934 466.067 460.585 468.823 453.103 460.788 457.160 455.247 467.594 456.683
327 313.000 320.590 321.521 326.672 323.332 322.443 325.643 324.102 327.099 322.526 322.886
328 422.000 444.576 434.253 445.115 441.534 437.291 436.176 438.710 446.365 442.245 436.115
329 382.000 396.300 389.611 393.754 386.775 395.219 390.169 380.416 394.828 418.014 386.530
330 398.000 382.329 383.656 386.510 384.236 394.371 402.509 374.335 382.763 384.729 382.740
331 371.000 387.165 393.665 381.001 377.408 379.956 378.446 390.776 389.707 377.539 395.894
332 414.000 419.357 418.108 418.135 418.999 423.575 416.363 416.191 418.791 419.347 421.822
333 440.000 437.793 436.188 446.034 435.150 449.972 443.289 435.354 441.525 439.638 435.863
334 599.000 579.748 592.602 590.724 574.314 592.364 590.460 591.265 592.200 591.930 579.325
335 353.000 352.302 355.447 353.663 353.989 355.813 356.822 355.735 355.308 355.021 359.093
336 404.000 445.191 443.101 457.781 446.011 446.151 442.364 460.844 463.766 461.914 452.373
337 406.000 423.650 422.935 432.374 427.590 423.904 429.604 422.826 425.900 430.809 424.285
338 324.000 334.860 342.777 336.250 340.601 337.316 336.497 335.891 339.571 338.944 336.309
339 337.000 334.913 335.168 335.572 335.027 336.340 335.006 336.031 335.472 334.305 335.070
340 395.000 416.611 419.629 417.930 413.471 417.827 414.252 416.789 421.446 419.295 415.078
341 407.000 413.927 418.730 419.136 420.202 418.172 416.944 418.588 419.836 416.140 414.506
342 330.000 359.950 368.306 374.476 363.837 369.095 371.833 366.114 364.859 365.904 366.718
343 417.000 442.459 437.256 434.087 437.623 433.408 438.336 429.623 427.824 436.076 434.091
344 395.000 401.587 397.695 401.629 400.929 399.528 403.360 400.998 401.910 399.932 400.886
345 503.000 397.899 396.693 397.073 396.075 397.903 399.054 396.590 398.225 393.950 395.654
346 448.000 437.415 447.936 439.111 437.745 450.510 447.891 438.502 458.685 437.473 442.822
347 363.000 391.894 382.043 377.257 383.851 377.633 388.464 376.068 379.527 379.155 373.136
348 386.000 364.129 371.739 367.147 374.781 364.993 372.300 368.732 369.617 367.197 363.775
349 330.000 333.631 334.252 334.313 335.025 335.154 334.246 335.310 334.877 335.586 333.703
350 488.000 376.338 383.528 366.314 368.759 375.581 370.615 390.140 375.793 373.339 393.590
351 479.000 469.827 462.001 461.005 463.531 468.929 468.692 465.893 462.617 468.267 465.526
352 338.000 365.575 365.025 368.588 379.099 376.635 373.051 371.685 380.857 364.695 374.770
353 456.000 460.921 452.592 463.549 479.549 475.771 462.684 459.927 506.998 462.128 457.313
354 418.000 440.598 440.149 432.197 432.609 430.637 431.842 425.422 434.335 423.218 432.898
355 322.000 336.938 337.923 336.222 335.659 336.865 342.223 339.357 334.671 335.560 340.382
356 321.000 312.635 312.965 314.190 320.090 315.175 312.956 311.689 310.475 320.469 313.639
357 335.000 409.002 375.265 383.904 384.590 380.800 377.860 380.285 377.990 390.220 378.882
358 394.000 394.695 401.037 394.313 402.283 397.664 396.448 395.924 398.792 395.262 397.288
359 398.000 437.890 405.676 434.521 398.349 436.251 441.624 447.244 453.854 441.204 449.816
360 421.000 409.233 426.172 418.537 394.458 415.026 414.342 406.094 405.497 400.799 413.452
361 364.000 368.324 367.281 373.825 370.959 364.191 372.918 367.420 368.460 372.693 369.461
362 322.000 338.023 333.077 342.216 339.838 335.668 337.922 340.544 333.791 335.663 334.148
363 446.000 475.206 486.943 474.922 469.830 476.488 482.281 479.622 475.279 475.132 472.300
364 340.000 324.137 321.031 323.640 321.096 323.266 322.661 322.990 320.609 322.409 317.753
365 340.000 406.710 416.610 404.758 399.566 407.475 415.277 375.986 412.772 398.920 410.586
366 452.000 435.919 422.500 423.610 423.194 417.178 433.300 426.075 423.786 419.080 422.470
367 367.000 389.006 388.292 379.042 379.341 382.124 384.726 381.577 385.317 379.258 384.944
368 425.000 426.778 430.135 424.325 425.196 433.002 430.343 423.313 431.787 429.739 426.951
369 399.000 349.765 370.835 363.562 358.793 360.804 370.131 371.398 369.000 361.534 379.127
370 420.000 416.453 417.502 418.069 418.038 416.055 421.537 415.692 419.123 416.941 412.783
371 526.000 539.683 537.517 542.413 532.043 547.049 517.536 531.021 538.303 541.957 532.307
372 343.000 352.485 348.050 366.464 350.696 346.337 354.285 357.127 353.095 357.147 359.895
373 420.000 427.238 418.272 421.608 416.030 413.583 422.912 417.491 423.213 419.509 423.124
374 403.000 396.064 391.428 394.173 393.422 397.713 392.779 392.000 402.072 394.464 401.422
375 495.000 490.692 478.671 482.968 480.491 485.306 477.545 480.655 484.531 479.535 482.110
376 564.000 444.359 447.575 449.103 442.245 452.948 443.495 449.164 435.866 440.204 441.295
377 420.000 494.291 489.944 472.561 512.456 498.027 512.959 499.045 501.145 506.240 504.088
378 414.000 418.414 422.458 421.113 424.054 417.820 420.008 419.022 420.237 426.703 421.786
379 328.000 325.938 327.691 321.699 325.200 327.011 328.166 323.543 329.118 324.436 324.784
380 546.000 451.369 452.396 452.317 464.173 453.740 432.449 429.375 453.005 463.384 449.748
381 323.000 319.439 319.286 322.666 320.360 321.080 321.676 321.485 321.647 321.450 322.069
382 413.000 418.013 418.669 414.960 416.969 417.517 419.415 416.863 416.680 419.388 417.421
383 360.000 411.115 386.463 402.580 393.284 395.983 397.842 369.488 379.485 379.503 370.616
384 411.000 418.527 418.008 419.284 418.135 418.179 418.586 419.456 421.834 421.224 420.268
385 346.000 327.853 328.474 336.651 327.876 325.867 326.487 327.564 327.385 332.383 323.490
386 449.000 442.946 440.667 433.649 438.491 435.724 442.720 441.457 435.378 445.274 440.869
387 389.000 396.626 390.909 392.498 386.665 381.082 385.515 389.700 393.151 385.111 385.982
388 340.000 377.917 369.330 375.542 379.846 388.651 386.658 378.592 389.782 388.684 369.460
389 343.000 332.070 334.099 331.077 331.725 332.836 331.647 331.981 331.902 331.498 330.422
390 404.000 420.926 427.051 422.055 420.556 419.794 418.526 419.958 419.454 419.334 417.886
391 451.000 448.193 447.748 445.480 455.890 448.281 445.265 447.942 452.904 452.759 454.144
392 359.000 343.340 344.742 346.760 343.234 347.169 348.504 345.134 345.233 347.910 344.273
393 410.000 424.290 427.809 430.530 425.285 425.119 425.587 424.265 426.527 424.419 427.289
394 340.000 334.471 334.818 334.024 335.205 340.654 337.509 333.749 335.782 337.684 334.069
395 504.000 434.499 456.868 447.057 446.113 447.770 446.030 443.077 459.379 450.273 464.582
396 546.000 486.435 505.188 505.268 462.891 519.245 503.092 486.291 500.843 462.570 492.694
397 392.000 413.500 407.889 411.966 407.220 409.174 419.171 404.718 400.610 416.123 416.827
398 413.000 413.244 413.343 418.967 418.575 413.614 416.251 411.012 419.305 416.117 418.776
399 325.000 387.366 373.218 374.614 371.966 378.532 375.368 386.652 381.503 381.162 380.086
400 297.000 320.753 320.838 322.490 320.090 321.195 321.725 319.600 322.812 324.140 325.988
401 397.000 412.630 415.516 416.344 418.450 413.554 414.683 414.504 417.949 416.414 412.982
402 428.000 431.518 429.848 429.494 426.984 434.682 424.069 429.131 437.266 427.015 428.153
403 440.000 462.129 458.905 450.791 452.496 455.624 437.906 456.290 458.877 438.993 460.437
404 604.000 592.580 595.007 593.720 591.245 584.280 585.236 582.032 598.208 597.540 590.060
405 442.000 444.548 435.312 442.003 441.732 436.867 446.112 442.728 438.961 442.244 443.916
406 462.000 465.952 467.630 468.641 466.016 460.123 458.813 464.856 465.500 464.070 461.878
407 491.000 443.511 438.533 448.051 449.636 456.259 460.174 460.915 452.488 443.219 441.251
408 495.000 489.420 485.806 486.460 497.205 487.997 486.644 495.110 496.143 491.305 485.075
409 394.000 377.079 370.660 379.807 372.642 371.985 380.952 376.064 379.052 380.079 372.337
410 320.000 328.395 332.764 331.922 330.308 331.908 335.904 332.768 333.397 334.234 329.849
411 445.000 445.130 447.313 447.009 447.500 442.445 450.478 448.005 447.830 446.959 450.017
412 350.000 342.650 345.467 347.276 349.975 342.387 354.289 344.434 347.211 344.965 351.812
413 332.000 334.907 334.294 331.855 335.173 337.666 333.843 337.459 333.485 340.289 336.855
414 411.000 421.407 416.956 421.845 415.351 416.482 420.542 416.663 417.891 419.596 417.565
415 341.000 429.679 431.775 421.275 409.903 417.109 424.619 411.165 417.406 426.369 422.969
416 452.000 452.339 455.000 457.600 453.727 465.616 454.091 456.676 460.761 458.283 453.659
417 398.000 390.479 393.345 390.121 384.980 389.092 390.128 389.431 387.980 391.516 391.216
418 357.000 353.724 361.627 360.802 353.607 358.631 358.260 360.818 356.874 353.391 355.666
419 410.000 417.657 418.810 419.516 419.485 414.783 419.183 416.840 414.158 417.744 417.647
420 411.000 399.944 402.090 402.509 390.759 379.702 395.814 396.426 393.590 393.948 402.789
421 316.000 329.242 338.236 336.128 329.067 336.525 331.751 340.525 331.258 337.494 331.803
422 454.000 422.900 427.174 428.753 426.609 427.020 429.767 429.262 425.523 425.953 423.682
423 492.000 523.335 519.537 520.792 522.977 528.765 522.634 526.823 524.020 521.432 524.742
424 405.000 415.676 418.299 419.125 418.883 415.486 418.226 418.305 415.605 416.704 420.759
425 357.000 368.145 369.782 374.632 367.787 364.708 364.679 371.216 363.376 373.938 370.042
426 424.000 414.244 417.810 419.757 414.649 421.179 415.878 418.701 419.702 417.102 417.629
427 335.000 364.531 361.899 372.075 376.024 369.005 359.214 371.032 366.131 369.120 382.067
428 438.000 446.497 447.099 450.666 449.102 447.916 439.799 452.924 454.414 440.145 442.740
429 525.000 436.279 435.195 436.742 430.239 436.613 430.699 411.595 430.211 440.626 424.011
430 331.000 396.765 383.509 394.598 398.432 394.966 398.581 404.727 383.714 385.528 391.450
431 431.000 420.369 419.001 414.635 416.706 422.284 418.749 418.858 421.114 418.983 414.034
432 591.000 581.844 584.210 589.480 586.860 585.330 580.386 590.451 591.820 584.977 586.119
433 414.000 420.253 421.300 418.154 419.985 420.264 419.887 419.179 420.775 419.596 418.521
434 388.000 369.485 373.052 372.674 369.470 368.779 368.044 369.398 370.620 369.481 367.453
435 585.000 574.672 566.422 571.688 580.640 559.682 578.670 563.691 571.313 570.226 567.977
436 398.000 402.383 400.164 400.872 400.735 401.793 400.171 403.485 402.845 402.027 401.769
437 441.000 429.159 437.142 423.303 431.101 431.060 437.963 433.294 427.122 427.375 439.547
438 309.000 321.971 321.396 320.764 320.625 321.707 320.414 321.108 321.720 322.375 320.520
439 518.000 499.795 497.903 509.859 502.254 503.673 514.136 504.393 508.998 510.748 513.371
440 416.000 415.554 420.677 419.862 420.603 417.218 419.321 419.059 419.416 420.002 418.367
441 412.000 415.915 416.990 415.945 418.141 417.071 420.030 420.512 421.037 420.441 416.630
442 385.000 390.436 387.792 409.320 404.328 394.671 399.269 387.881 395.145 388.222 392.973
443 325.000 337.362 334.628 330.925 334.337 334.876 339.968 335.235 335.127 333.276 331.628
444 325.000 346.278 334.428 339.885 333.892 336.968 334.735 332.996 339.661 341.740 341.032
445 328.000 333.313 340.199 336.745 330.981 344.989 336.008 339.978 336.888 331.972 336.005
446 397.000 417.498 418.969 416.653 418.168 416.881 417.597 418.785 419.838 415.529 418.208
447 407.000 419.941 418.229 419.205 418.192 417.221 418.852 416.766 419.303 417.301 419.991
448 491.000 462.489 456.641 468.654 458.642 438.929 447.833 443.941 456.734 445.081 450.199
449 328.000 322.060 323.345 327.289 325.893 321.583 327.881 320.086 326.516 336.276 325.512
450 430.000 431.308 425.517 455.596 441.967 438.728 436.347 429.773 442.220 438.784 432.972
451 413.000 412.882 398.988 406.190 409.435 421.362 402.485 406.635 406.180 409.404 408.761
452 364.000 374.591 383.841 383.470 374.877 380.094 377.743 381.743 372.126 383.453 384.823
453 404.000 387.929 400.026 397.194 395.569 399.209 397.293 400.548 400.194 394.198 399.962
454 431.000 432.328 446.194 435.331 436.302 443.179 435.489 433.220 438.802 441.669 431.493
455 461.000 437.498 442.493 439.551 438.664 434.612 438.591 437.928 434.384 440.558 436.828
456 346.000 358.986 354.077 349.364 354.276 353.236 348.903 350.040 351.484 358.652 357.996
457 461.000 439.033 438.326 440.802 440.104 443.204 437.405 439.578 442.962 440.726 441.542
458 446.000 435.963 441.883 433.678 439.972 436.656 437.915 441.289 438.814 437.305 442.132
459 334.000 332.872 333.703 334.383 334.224 334.951 334.657 333.832 334.737 335.366 333.008
460 368.000 372.406 360.627 368.674 367.617 354.181 361.602 364.021 366.508 362.098 355.423
461 421.000 377.916 384.460 370.401 367.294 373.624 383.417 359.502 382.908 365.996 388.928
462 536.000 524.977 526.994 530.136 530.941 534.873 526.820 524.802 524.117 525.219 528.969
463 399.000 424.143 422.897 425.212 421.023 424.174 422.579 424.192 427.445 424.131 424.835
464 584.000 586.253 585.945 591.310 583.312 582.683 585.097 585.882 585.512 587.690 586.277
465 592.000 586.275 588.533 590.693 596.555 579.440 593.895 588.560 586.460 591.162 588.888
466 450.000 443.407 435.520 439.049 436.610 439.178 440.735 441.520 432.911 444.878 441.231
467 359.000 369.373 365.164 369.695 368.250 364.341 365.045 365.068 367.112 368.275 366.689
468 325.000 335.162 329.729 325.244 325.831 328.025 334.705 325.549 326.854 327.452 328.618
469 315.000 320.710 328.195 333.158 327.063 322.851 325.864 321.011 326.495 323.718 326.611
470 411.000 399.229 397.395 377.054 388.744 380.410 386.545 390.534 391.275 377.910 391.061
471 548.000 524.439 528.477 523.099 519.799 536.242 528.827 521.413 527.859 528.331 520.782
472 450.000 433.956 436.874 432.073 439.346 432.184 434.619 434.958 432.870 435.824 436.864
473 310.000 358.913 361.794 368.700 365.652 375.432 357.052 361.524 367.028 352.970 365.181
474 362.000 358.633 369.211 380.088 399.055 382.172 384.810 374.299 386.480 376.520 388.220
475 322.000 322.104 329.109 327.497 323.350 330.058 325.298 335.634 323.103 331.949 330.947
476 396.000 419.575 420.662 417.353 421.632 416.253 414.895 418.080 416.453 416.395 417.657
477 408.000 417.516 420.033 418.448 414.198 418.877 419.684 415.365 417.586 416.319 418.445
478 540.000 470.091 481.294 492.650 478.192 489.939 499.592 479.566 488.221 479.649 481.301
479 399.000 399.753 399.112 397.805 399.320 402.559 402.993 407.499 398.370 403.922 405.561
480 448.000 448.821 461.596 448.856 458.838 446.754 447.740 448.879 449.416 449.727 447.012
481 460.000 413.957 420.341 416.004 416.425 412.935 417.599 413.669 413.999 416.333 419.406
482 331.000 338.608 335.967 336.749 338.700 338.742 339.689 337.593 340.533 339.838 339.953
483 448.000 422.755 425.151 422.968 427.303 424.294 422.710 425.116 427.561 421.897 424.733
484 444.000 424.612 441.556 430.725 434.203 440.213 438.415 431.644 431.595 425.001 433.288
485 336.000 345.704 343.651 340.527 341.434 344.270 343.463 341.950 340.104 342.777 339.737
486 502.000 420.907 421.646 428.425 424.114 415.216 397.925 421.466 407.770 430.003 423.297
487 409.000 418.624 420.850 418.103 418.461 416.537 417.729 418.288 420.807 418.092 420.393
488 405.000 416.276 411.879 415.364 415.568 413.554 412.814 410.479 414.890 416.009 414.382
489 555.000 585.346 545.111 543.442 575.469 546.827 585.688 595.510 579.831 585.097 582.737
490 427.000 426.680 421.629 426.377 421.410 422.587 423.022 424.303 425.632 425.138 421.956
491 452.000 440.547 438.365 438.129 436.374 433.318 438.199 439.905 437.132 436.830 439.578
492 329.000 341.832 338.577 338.701 341.132 345.502 343.218 341.408 341.153 336.103 336.830
493 491.000 452.789 467.209 457.011 458.220 467.532 446.154 455.013 447.493 460.403 459.321
494 440.000 437.188 431.318 447.218 425.028 432.582 435.568 444.190 445.747 437.572 434.299
495 363.000 361.450 361.488 360.776 367.501 361.391 361.080 361.757 355.064 354.832 357.597
496 432.000 437.320 433.878 433.209 436.462 440.811 434.349 432.945 435.573 428.084 428.878
497 514.000 468.325 472.779 479.332 467.001 482.221 469.844 472.416 476.047 471.658 471.784
498 536.000 547.480 542.070 552.783 559.617 555.009 528.560 555.835 530.902 548.288 540.725
499 462.000 431.889 430.918 429.463 428.470 429.574 430.280 428.563 430.339 428.530 432.940
500 510.000 503.187 485.867 518.280 516.302 511.337 490.004 488.548 503.365 511.205 491.984
501 357.000 370.022 378.065 378.328 378.524 378.238 374.102 375.441 367.084 379.276 383.403
502 418.000 426.090 422.668 427.286 423.186 424.568 423.800 422.999 426.116 422.926 424.471
503 406.000 426.335 420.567 421.991 414.578 410.848 412.747 420.237 411.913 409.639 418.715
504 464.000 431.968 431.269 430.830 434.246 428.389 426.706 425.358 434.302 437.731 422.374
505 400.000 400.405 404.306 401.980 400.199 402.584 400.156 403.287 402.062 398.528 402.497
506 400.000 407.893 401.909 414.576 410.973 405.124 419.465 409.768 406.675 412.756 417.851
507 333.000 343.690 345.189 343.397 345.936 341.753 346.186 347.254 343.635 346.889 344.339
508 452.000 458.949 460.743 458.606 458.387 460.425 455.658 454.897 458.204 463.817 458.619
509 586.000 568.459 555.917 557.893 554.797 545.084 531.760 558.184 530.737 549.959 548.250
510 461.000 446.722 441.861 442.873 437.762 435.752 440.586 434.836 436.207 441.628 434.652
511 606.000 592.783 593.705 587.860 576.474 580.240 585.251 574.967 591.140 595.767 585.100
512 338.000 367.849 367.576 388.393 369.696 378.819 383.162 369.163 364.438 371.848 380.428
513 368.000 377.701 374.630 369.236 374.656 376.747 375.292 373.863 371.791 370.749 375.105
514 442.000 424.988 432.879 430.583 435.206 423.881 422.815 418.610 420.691 421.462 422.285
515 417.000 418.965 421.384 422.645 415.403 417.802 419.973 419.866 423.120 417.971 420.261
516 328.000 318.355 317.969 317.891 320.106 317.088 317.531 315.805 318.280 317.847 320.238
517 477.000 443.526 435.815 423.339 436.978 433.421 421.546 447.377 429.409 432.435 434.698
518 350.000 337.864 335.147 336.930 338.366 343.331 335.592 334.845 336.881 339.461 342.725
519 421.000 418.789 422.815 418.305 415.712 415.984 418.649 413.602 417.748 414.852 415.512
520 592.000 530.563 535.791 519.323 533.138 531.903 533.747 530.157 528.946 534.057 533.403
521 422.000 437.712 432.413 435.942 437.107 435.604 440.721 434.016 434.884 434.922 434.783
522 473.000 468.648 467.747 463.980 468.706 474.189 460.505 465.445 463.511 463.783 451.387
523 567.000 560.590 549.286 555.663 553.427 551.979 559.470 557.023 560.709 548.499 556.504
524 425.000 427.786 422.335 423.703 420.895 413.021 417.066 421.328 416.870 423.511 419.044
525 429.000 447.020 451.031 440.243 454.714 454.489 455.581 459.455 444.311 450.515 447.001
526 351.000 356.355 355.063 351.881 351.613 355.353 355.094 355.943 353.543 353.524 353.622
527 416.000 419.134 420.663 424.846 423.449 419.440 421.617 420.543 418.791 418.660 422.488
528 354.000 357.600 356.944 361.241 350.324 356.796 355.864 361.249 358.157 355.583 356.337
529 524.000 518.974 513.263 518.272 519.956 513.819 517.217 525.190 516.098 520.927 505.832
530 334.000 364.026 362.697 352.002 369.883 374.320 355.978 364.824 365.013 361.598 369.822
531 462.000 424.768 432.899 430.663 429.951 429.121 428.189 428.424 429.652 428.530 433.379
532 477.000 429.539 441.358 435.657 439.385 438.147 424.310 429.359 441.328 433.834 437.815
533 528.000 482.942 484.299 473.359 495.767 498.087 493.037 500.648 494.293 488.770 490.372
534 335.000 336.164 336.242 336.503 341.462 338.079 338.148 340.777 338.909 339.473 337.119
535 323.000 354.383 348.936 362.328 354.741 347.023 350.881 356.537 357.720 356.500 358.014
536 412.000 424.245 423.563 426.544 419.184 416.060 419.950 425.297 417.988 421.781 423.575
537 551.000 535.759 560.158 520.375 537.943 543.078 556.703 524.630 551.917 536.464 546.573
538 406.000 406.025 411.793 414.227 418.153 411.683 412.618 415.627 413.214 410.657 414.046
539 502.000 532.879 524.790 516.520 525.273 519.343 529.690 527.258 528.272 526.700 528.096
540 415.000 420.145 420.164 418.200 413.923 417.499 415.526 414.823 416.426 415.502 414.680
541 336.000 335.238 335.701 335.370 335.373 335.477 335.678 335.489 335.456 334.279 335.510
542 312.000 324.231 322.773 331.664 319.806 319.897 320.320 327.861 325.045 322.571 330.296
543 330.000 335.574 335.423 335.386 335.908 334.807 334.705 335.521 335.108 336.065 336.040
544 508.000 420.345 416.957 434.158 422.128 408.348 441.660 430.309 443.082 418.157 420.539
545 588.000 569.205 571.575 564.260 581.279 561.240 570.927 572.016 569.540 576.290 577.083
546 410.000 432.380 434.300 430.577 430.520 432.931 430.728 433.306 430.089 436.442 432.039
547 540.000 515.462 511.914 508.068 496.008 503.620 509.829 510.830 505.669 515.151 503.781
548 362.000 365.584 361.091 359.572 362.241 364.755 364.053 354.213 361.706 368.982 359.078
549 404.000 403.724 402.698 402.791 403.382 402.268 403.544 404.407 402.711 403.089 401.159
550 370.000 360.298 361.849 357.048 353.634 355.436 357.260 353.017 356.826 359.997 358.900
551 482.000 430.084 437.869 440.763 417.037 436.158 421.178 438.063 431.280 411.348 438.532
552 398.000 403.208 400.815 400.364 401.279 399.380 398.668 403.982 401.562 400.475 401.661
553 466.000 466.758 446.982 460.125 449.770 455.581 458.048 466.989 453.726 463.274 459.755
554 405.000 415.503 418.615 418.047 417.670 415.933 416.639 418.280 416.217 416.613 418.623
555 576.000 547.218 547.230 549.477 554.946 558.361 543.828 557.141 551.857 551.407 538.195
556 457.000 417.516 416.261 418.448 415.078 418.172 415.733 415.365 417.818 418.171 416.004
557 478.000 454.783 452.889 447.873 451.187 451.166 440.304 436.861 448.520 440.897 442.813
558 431.000 426.522 426.071 428.626 429.820 419.148 433.472 431.319 423.605 429.335 429.668
559 411.000 355.054 358.514 357.625 354.147 352.737 361.168 354.920 353.991 355.821 354.792
560 409.000 420.012 416.754 415.536 419.376 419.119 421.522 419.685 417.773 428.837 420.916
561 375.000 404.047 403.086 411.675 410.559 416.644 404.579 412.466 423.162 389.314 415.670
562 400.000 420.830 414.747 413.097 416.385 413.164 411.403 407.590 405.381 414.253 406.358
563 331.000 336.462 334.062 337.291 335.050 337.019 339.852 338.278 336.420 338.499 336.758
564 412.000 419.568 417.514 416.088 418.949 418.037 420.672 419.319 422.165 417.475 420.895
565 485.000 509.358 508.249 493.128 501.412 487.872 496.831 487.609 503.187 490.660 493.271
566 407.000 419.312 419.191 418.984 420.535 417.128 420.272 417.219 417.681 416.951 417.990
567 405.000 414.764 418.540 416.901 414.249 411.499 413.009 418.684 418.597 409.511 420.172
568 406.000 397.543 399.889 400.872 397.337 402.816 404.994 396.899 402.845 398.472 398.965
569 342.000 338.010 334.724 334.976 336.797 338.313 335.712 336.713 336.090 334.113 338.361
570 321.000 334.037 337.670 331.928 335.575 337.307 338.819 332.980 338.831 332.385 334.234
571 361.000 386.202 378.770 380.027 381.100 379.851 381.417 388.500 380.523 379.407 386.098
572 387.000 367.173 372.592 369.299 369.798 368.091 374.946 369.510 373.006 374.188 375.959
573 323.000 319.107 319.458 320.292 319.672 320.715 317.520 320.471 320.844 321.163 319.403
574 390.000 411.356 398.711 406.021 407.756 402.486 396.395 392.894 398.745 400.108 398.966
575 440.000 442.128 435.142 448.336 440.713 453.600 443.063 433.876 439.890 435.951 443.770
576 332.000 363.983 363.374 361.217 364.125 360.137 364.720 357.719 366.442 359.137 361.737
577 456.000 443.581 447.536 441.293 455.077 450.537 449.254 457.632 446.468 452.053 446.528
578 488.000 435.556 441.846 437.178 438.416 434.214 441.004 426.794 436.251 429.203 423.170
579 332.000 348.136 350.637 349.728 356.863 355.388 358.474 351.766 365.320 344.938 339.704
580 316.000 329.509 330.631 331.517 324.702 349.723 328.303 333.034 337.400 329.462 331.158
581 459.000 436.953 440.605 438.420 433.324 437.052 435.924 435.651 439.374 435.724 440.018
582 335.000 327.665 324.553 324.097 325.161 323.156 325.609 327.301 330.228 328.575 325.493
583 332.000 341.346 339.636 338.335 342.418 339.580 337.114 340.973 341.331 340.739 341.028
584 459.000 468.587 487.108 473.845 464.802 475.293 487.142 473.645 469.766 470.354 469.757
585 396.000 423.147 418.294 420.484 414.132 414.320 419.600 416.852 417.518 420.394 417.717
586 489.000 473.227 471.562 478.737 473.097 472.858 478.290 475.415 480.459 480.725 472.888
587 417.000 426.245 421.969 425.488 423.972 423.182 421.247 419.514 428.624 426.557 423.028
588 404.000 400.398 400.851 402.610 400.410 396.949 401.467 400.574 401.227 399.744 400.441
589 400.000 424.986 425.532 423.617 431.234 425.098 430.253 427.095 424.975 425.596 426.171
590 357.000 351.024 348.515 346.741 349.975 347.064 349.594 349.277 352.619 346.740 348.297
591 437.000 448.793 463.286 445.339 446.161 449.708 449.697 458.927 459.171 456.978 435.442
592 542.000 559.385 559.970 556.606 541.566 554.947 566.026 561.120 557.247 544.340 553.523
593 419.000 417.310 420.763 417.346 414.711 415.349 413.317 415.447 420.574 418.211 414.711
594 350.000 338.248 336.536 343.902 341.296 342.200 337.625 336.471 337.175 344.085 340.634
595 424.000 424.797 426.170 422.972 427.261 420.869 427.021 428.055 427.399 425.622 421.771
596 443.000 446.373 436.076 447.004 441.113 444.996 441.923 438.093 431.870 435.918 449.610
597 439.000 427.199 427.794 426.683 423.516 422.952 422.185 424.941 433.987 424.880 422.908
598 324.000 316.997 318.495 317.475 318.574 319.995 317.573 316.342 318.365 318.844 318.578
599 311.000 328.978 326.296 327.899 326.983 325.997 321.631 320.842 323.366 320.581 330.609
600 331.000 336.187 335.013 334.818 335.952 336.645 335.889 335.299 336.431 336.397 336.446
601 428.000 409.675 406.590 405.453 406.342 408.846 403.460 409.043 413.408 411.301 406.639
602 400.000 421.182 421.007 421.844 422.883 422.357 422.020 422.688 424.177 422.278 422.005
603 309.000 333.188 331.548 323.661 326.054 327.610 329.175 328.629 332.854 324.764 327.000
604 375.000 374.392 382.580 390.727 371.856 379.092 373.493 385.704 386.109 380.123 379.620
605 450.000 424.548 424.458 419.736 417.086 425.584 421.941 425.824 425.645 418.639 426.216
606 388.000 392.102 403.069 398.773 397.860 396.660 392.776 403.963 397.938 400.182 400.190
607 323.000 356.841 364.564 377.405 372.006 362.190 355.907 362.916 362.964 394.098 389.563
608 448.000 438.381 433.822 442.493 432.669 438.524 432.428 433.410 433.338 433.676 437.235
609 372.000 373.771 373.116 378.379 370.667 380.391 367.506 369.187 368.274 374.283 376.399
610 328.000 338.569 338.842 334.230 336.230 336.173 338.848 335.386 335.084 339.992 335.623
611 460.000 449.185 443.560 448.166 449.881 448.850 442.159 443.410 440.750 435.429 441.094
612 504.000 487.645 482.831 465.413 492.847 501.094 504.224 496.942 493.495 482.294 476.735
613 433.000 436.515 432.464 432.634 431.421 433.347 442.563 432.309 433.742 439.572 437.725
614 564.000 555.017 559.650 555.760 559.716 560.223 556.462 562.100 560.600 560.136 567.033
615 439.000 408.159 405.773 419.761 421.672 405.266 402.735 401.351 420.296 386.486 396.757
616 440.000 443.384 448.099 445.508 442.839 442.290 445.140 450.597 443.058 433.698 435.048
617 484.000 488.856 496.164 500.308 499.886 492.600 493.876 490.892 491.392 495.328 499.455
618 396.000 406.354 403.702 404.553 409.025 406.463 399.532 405.586 404.832 409.059 399.624
619 435.000 414.507 416.315 417.813 418.427 417.430 417.385 414.308 414.103 415.718 412.955
620 397.000 410.280 423.597 399.751 409.700 395.002 402.903 409.412 390.792 386.553 408.942
621 420.000 419.309 420.404 422.774 421.881 418.318 423.701 421.460 424.106 422.123 421.118
622 408.000 432.040 438.328 437.106 419.542 431.462 404.590 429.117 433.717 432.058 410.340
623 437.000 430.976 426.486 425.273 425.076 431.225 434.802 429.484 427.446 431.913 429.429
624 406.000 390.943 404.780 411.221 386.737 395.216 416.584 411.316 405.363 402.169 406.145
625 393.000 396.140 409.725 412.236 407.861 400.385 401.949 402.500 398.633 399.454 402.257
626 452.000 432.548 438.956 422.097 441.251 446.401 441.399 436.436 434.002 437.709 432.691
627 466.000 442.573 442.411 453.222 460.667 448.671 430.670 449.685 465.088 464.651 450.249
628 410.000 403.967 415.891 399.437 415.500 415.256 397.195 405.252 406.399 404.304 408.018
629 447.000 423.659 422.730 426.989 422.048 423.631 425.140 427.821 422.169 424.142 426.009
630 487.000 435.767 438.964 436.994 436.441 435.004 435.319 436.855 445.557 435.241 436.780
631 420.000 432.604 435.732 437.307 442.201 438.934 440.484 433.533 433.924 435.261 438.499
632 565.000 555.482 555.750 554.990 548.721 553.765 556.550 547.786 550.390 555.188 547.728
633 309.000 332.972 326.926 326.344 330.330 326.316 327.792 329.420 331.696 329.486 325.272
634 437.000 430.279 442.683 431.829 446.214 441.174 440.361 441.338 438.857 449.092 441.596
635 481.000 462.449 475.110 465.159 465.578 468.292 465.212 456.887 467.276 467.892 465.216
636 390.000 399.108 397.276 395.124 397.087 398.587 401.029 396.242 397.327 401.003 396.167
637 329.000 340.254 337.108 339.177 337.303 339.353 342.172 337.914 336.436 340.960 335.182
638 349.000 354.639 355.640 354.303 351.920 354.857 357.544 351.330 355.492 351.529 353.389
639 336.000 331.456 331.021 334.597 332.649 333.501 333.424 331.491 332.689 334.731 332.971
640 550.000 500.973 482.139 481.900 480.140 497.111 483.673 495.643 493.454 515.772 508.074
641 315.000 320.240 321.112 320.664 320.200 320.560 320.556 321.022 320.119 319.489 321.278
642 420.000 425.477 422.661 422.982 425.440 425.056 423.113 426.607 429.943 428.525 421.474
643 466.000 448.360 452.230 443.310 449.081 448.552 451.684 446.937 456.666 429.141 448.031
644 315.000 320.862 331.064 340.058 327.541 337.130 335.440 332.084 332.770 334.647 335.293
645 345.000 367.578 364.547 368.157 359.064 360.747 373.427 371.639 367.299 367.841 358.212
646 451.000 437.054 428.738 432.940 432.283 431.871 433.375 425.760 426.591 435.649 432.544
647 337.000 375.399 363.719 376.893 400.292 375.295 387.924 381.380 389.056 382.140 376.784
648 439.000 412.586 417.666 416.267 409.806 420.823 412.949 401.015 410.805 414.561 415.061
649 330.000 325.682 325.908 325.883 329.173 328.203 330.721 322.398 331.661 329.046 322.683
650 538.000 526.591 526.891 525.285 527.054 507.441 524.726 521.293 525.601 528.533 521.717
651 326.000 347.321 352.728 354.598 352.388 345.458 349.729 350.743 359.341 362.182 356.232
652 392.000 382.344 396.550 406.293 388.437 414.354 414.445 413.827 403.846 403.379 400.973
653 366.000 385.736 376.229 386.296 379.814 395.721 378.024 381.253 387.133 397.235 395.834
654 318.000 333.149 331.143 327.342 335.799 342.330 336.216 337.244 331.310 332.464 338.881
655 561.000 513.319 503.773 511.853 497.918 504.144 512.023 507.767 518.164 516.746 501.341
656 436.000 432.807 447.184 430.391 442.700 441.412 440.060 433.005 432.877 435.151 432.725
657 463.000 446.488 447.131 451.329 449.731 460.623 450.064 451.937 451.414 450.196 448.111
658 348.000 352.860 357.759 355.891 351.712 354.660 354.408 361.581 352.773 356.294 356.630
659 313.000 338.069 339.667 343.745 337.222 337.682 332.231 340.877 340.037 347.994 336.000
660 451.000 438.749 436.802 427.047 425.359 436.044 434.996 422.732 432.623 431.668 424.931
661 384.000 393.785 398.282 384.658 397.802 392.635 402.137 396.493 401.581 386.966 387.380
662 459.000 434.208 455.524 456.468 442.690 451.468 454.241 454.490 455.722 453.566 465.385
663 421.000 376.411 363.995 374.883 368.371 363.264 382.312 382.315 377.191 371.312 383.411
664 481.000 464.809 456.610 456.649 463.566 453.859 447.314 458.833 455.270 462.133 453.688
665 320.000 336.840 332.402 335.763 334.905 335.162 338.028 332.879 333.471 331.592 333.797
666 310.000 354.279 366.863 386.057 376.851 397.815 375.906 374.488 369.925 371.278 378.224
667 402.000 416.502 417.918 416.813 416.502 416.682 417.584 417.603 416.210 420.597 417.041
668 530.000 438.889 419.954 432.426 415.392 435.669 412.538 444.525 419.133 422.386 420.403
669 583.000 544.996 539.135 555.625 545.220 548.385 528.800 540.603 541.142 542.740 553.461
670 421.000 423.735 422.161 425.560 424.371 421.695 424.582 423.333 425.330 425.973 425.052
671 415.000 421.288 420.121 423.872 423.285 418.566 422.089 423.935 419.280 423.849 420.968
672 387.000 393.961 397.239 393.302 400.303 397.924 389.735 398.549 394.709 396.891 401.705
673 584.000 549.000 536.323 546.100 560.286 547.445 550.014 558.740 548.009 557.815 564.460
674 307.000 337.970 339.621 336.926 339.077 337.382 338.305 337.709 337.502 338.452 339.377
675 424.000 418.968 413.151 415.912 414.032 414.058 414.667 408.295 418.779 410.454 412.694
676 449.000 442.601 451.284 442.320 439.725 449.477 439.964 447.560 447.099 454.711 449.006
677 610.000 480.567 459.452 488.037 466.281 488.651 488.792 476.857 474.712 460.470 486.850
678 505.000 517.408 514.845 516.564 514.236 512.682 519.163 515.576 512.948 506.281 514.929
679 408.000 402.755 402.035 399.872 398.620 400.540 402.302 401.801 400.948 401.357 396.459
680 377.000 391.585 385.934 371.828 388.282 373.087 384.150 380.944 395.304 391.473 388.175
681 502.000 421.682 403.417 414.829 423.292 399.850 405.942 425.943 423.277 420.449 424.931
682 319.000 345.560 334.430 336.656 325.156 327.669 329.070 339.907 327.829 323.307 331.851
683 394.000 396.299 397.375 395.108 394.624 401.817 394.763 407.544 399.504 399.518 396.729
684 290.000 344.398 346.131 342.949 344.700 337.501 339.666 354.257 342.152 353.352 345.385
685 407.000 419.412 420.633 417.915 420.561 416.627 415.733 417.595 421.098 417.119 416.004
686 444.000 430.279 424.273 427.484 418.911 418.415 422.603 433.656 424.639 417.225 423.512
687 322.000 337.728 336.720 338.747 340.124 345.019 336.483 342.983 341.335 338.888 335.875
688 331.000 336.412 335.157 330.601 335.109 337.057 336.350 341.036 340.241 335.051 330.402
689 402.000 384.682 384.921 379.043 375.745 381.282 387.220 381.263 383.100 381.738 379.396
690 320.000 339.022 333.984 336.418 337.253 338.049 336.539 337.801 334.218 340.012 338.698
691 386.000 383.118 375.264 385.719 364.556 376.326 382.218 379.289 379.030 380.563 367.774
692 364.000 404.550 398.337 409.046 396.832 399.404 411.786 403.394 393.386 405.335 397.964
693 328.000 328.144 330.506 333.160 329.651 349.661 325.459 336.866 327.260 328.704 330.678
694 312.000 324.173 322.137 329.094 323.470 324.888 326.428 320.742 323.763 321.131 331.193
695 378.000 357.709 363.850 364.285 368.641 367.400 367.001 365.353 360.177 364.971 376.348
696 331.000 335.501 331.301 332.999 336.624 334.200 336.590 333.581 336.288 338.496 336.412
697 330.000 347.834 347.339 350.660 349.325 349.842 348.754 349.061 349.979 350.330 343.435
698 451.000 438.938 433.131 432.989 431.391 432.823 436.623 429.491 436.710 431.309 431.616
699 313.000 363.050 367.295 376.903 378.918 373.116 386.616 380.352 389.376 385.676 380.794
700 408.000 417.146 418.842 421.164 420.322 418.921 420.024 416.559 419.105 416.359 416.990
701 440.000 438.615 434.872 425.640 422.736 436.261 436.350 424.223 435.081 436.571 440.640
702 375.000 369.745 369.702 369.433 370.060 366.018 380.094 365.722 365.890 370.471 369.200
703 462.000 442.451 442.369 450.290 446.253 445.984 447.684 443.636 440.881 439.986 443.779
704 450.000 436.171 433.888 430.088 434.768 435.455 444.099 434.376 441.633 436.208 431.622
705 417.000 418.756 420.592 417.886 417.365 423.229 417.205 419.673 423.275 416.369 423.000
706 452.000 432.388 438.033 433.060 423.904 428.615 432.133 433.557 432.936 432.986 427.803
707 526.000 522.766 514.979 516.549 513.042 501.679 502.286 519.482 518.611 512.723 498.633
708 460.000 420.017 423.016 430.580 443.554 448.184 431.134 433.327 446.606 432.388 434.528
709 428.000 433.351 430.698 436.192 431.716 433.739 439.593 438.072 432.956 430.487 437.632
710 310.000 327.153 329.450 337.492 335.759 327.127 328.315 330.572 330.290 325.596 328.765
711 412.000 417.849 426.154 411.424 414.980 413.580 415.143 416.023 416.716 411.634 418.991
712 320.000 352.259 371.026 360.490 365.127 344.853 348.102 358.198 348.924 368.361 367.875
713 468.000 470.714 466.798 470.044 473.999 465.321 469.782 461.506 459.608 473.041 470.470
714 316.000 327.908 332.312 332.236 326.879 328.790 332.711 330.519 335.776 327.617 328.338
715 602.000 590.410 594.937 594.157 589.205 591.524 596.380 591.520 592.720 590.650 582.785
716 328.000 382.024 378.802 367.815 374.916 366.543 379.745 369.533 366.140 376.318 371.988
717 579.000 538.207 537.457 545.477 540.002 547.378 513.647 548.496 541.611 543.973 544.167
718 354.000 349.576 348.270 350.109 348.600 348.214 349.956 347.893 346.053 354.264 346.828
