data_index Htime.observed Htime.predicted.repeat1 Htime.predicted.repeat2 Htime.predicted.repeat3 Htime.predicted.repeat4 Htime.predicted.repeat5 Htime.predicted.repeat6 Htime.predicted.repeat7 Htime.predicted.repeat8 Htime.predicted.repeat9 Htime.predicted.repeat10
1 4.857 4.924 4.894 5.017 5.132 4.888 4.793 4.883 4.895 4.927 4.892
2 2.679 3.585 3.490 3.466 3.096 4.045 3.330 3.359 3.228 3.291 3.106
3 4.721 4.384 4.242 4.566 4.766 4.519 4.584 4.545 4.385 4.929 4.781
4 4.999 6.546 6.562 6.431 6.637 6.333 6.588 6.158 6.222 6.527 6.654
5 2.954 5.488 5.332 5.676 5.575 5.600 5.395 5.428 5.196 5.720 5.611
6 4.732 4.323 4.264 4.539 4.232 4.314 4.385 4.002 4.263 4.674 4.087
7 2.542 3.429 2.946 3.133 3.264 3.450 3.121 3.448 3.086 3.175 3.212
8 4.437 4.528 4.380 4.624 4.176 4.485 3.993 4.564 4.589 4.589 4.313
9 4.511 5.030 4.839 4.814 4.926 4.953 5.102 4.828 5.005 4.974 5.046
10 4.561 4.921 4.587 4.918 4.897 4.906 4.810 4.969 4.873 4.938 5.075
11 4.515 2.078 2.077 2.077 1.987 2.041 2.077 2.041 2.077 2.077 2.041
12 6.033 5.133 4.859 5.335 5.059 4.835 4.479 4.974 4.912 5.071 4.655
13 4.401 5.463 5.127 5.670 5.276 4.871 5.051 5.299 5.067 5.317 4.767
14 4.565 4.685 4.776 4.871 4.737 4.663 4.872 4.690 4.765 4.779 4.880
15 4.500 3.287 3.303 3.921 3.421 3.310 3.126 3.306 3.227 3.376 3.287
16 4.459 3.837 3.878 3.708 3.682 3.833 3.808 3.812 3.853 4.219 3.732
17 4.782 5.468 5.655 5.601 5.398 5.115 5.715 5.490 5.603 5.579 5.676
18 6.644 4.327 4.263 5.081 4.502 4.421 4.871 4.636 4.470 4.251 4.431
19 4.008 3.077 3.076 3.110 3.077 3.278 3.217 3.077 4.057 4.336 3.086
20 5.749 5.394 5.439 5.427 5.417 5.405 5.451 5.569 5.468 5.518 5.532
21 2.954 4.508 4.312 4.928 4.220 4.466 4.690 4.285 4.525 5.221 4.850
22 4.724 4.716 4.819 4.669 4.661 4.750 4.849 4.559 4.611 4.738 4.937
23 4.861 2.978 2.904 3.301 2.700 3.391 2.759 3.342 2.627 2.960 2.723
24 9.159 8.772 8.670 8.333 8.546 8.165 8.605 8.487 8.766 6.533 8.477
25 2.824 2.480 2.242 2.775 2.775 2.613 2.832 2.674 2.147 2.840 2.944
26 2.235 2.776 2.996 2.987 2.933 2.972 2.670 2.944 3.230 3.371 2.996
27 3.787 2.856 2.856 2.856 2.856 3.056 2.859 2.856 3.056 2.895 2.856
28 -0.165 -0.319 -0.585 -0.237 -0.263 -0.236 -0.284 -0.328 -0.284 -0.083 -0.341
29 4.365 3.013 3.322 3.042 3.113 3.466 3.540 3.273 3.275 3.334 3.240
30 6.982 7.095 6.196 6.468 6.050 6.560 6.196 6.154 5.670 6.498 5.626
31 5.556 5.034 5.264 5.050 5.181 4.716 5.081 5.077 4.940 4.961 4.928
32 4.605 4.802 4.735 5.055 4.903 4.819 4.875 4.824 4.837 4.904 4.723
33 2.381 2.861 2.991 2.851 2.959 2.809 2.898 2.756 2.983 2.833 2.846
34 5.016 4.989 4.929 5.116 4.653 4.939 4.982 5.198 4.406 4.880 5.162
35 0.255 3.751 3.588 3.362 3.597 3.884 3.470 3.780 3.783 4.138 3.373
36 5.937 5.866 5.811 5.662 5.731 5.586 5.413 5.910 5.747 5.594 5.259
37 1.196 2.346 2.722 2.110 2.655 2.620 2.137 2.112 2.052 2.465 2.218
38 2.475 1.111 0.807 1.039 0.852 0.726 0.927 0.812 1.107 1.015 0.780
39 3.525 3.479 3.282 3.479 3.661 3.479 3.479 3.479 3.460 3.969 3.660
40 6.946 5.986 6.229 6.107 6.035 6.419 6.250 6.279 6.424 6.075 5.776
41 6.519 5.182 5.234 5.289 5.256 5.297 5.112 4.920 5.169 5.167 5.405
42 2.001 3.158 2.473 2.181 2.478 2.452 2.769 2.658 2.526 2.878 2.475
43 6.167 5.894 5.659 5.511 5.974 5.443 5.971 5.503 5.615 6.028 5.022
44 4.459 3.612 3.098 3.988 3.707 3.899 3.287 4.626 4.147 3.745 3.863
45 4.673 5.121 4.865 4.985 5.298 5.012 4.989 5.151 4.996 4.941 5.355
46 5.617 5.316 5.119 5.301 5.436 4.765 5.427 5.185 5.299 5.140 5.155
47 1.358 1.532 2.447 1.837 1.819 1.529 1.652 1.722 1.576 1.726 1.525
48 4.228 4.696 4.593 4.553 4.719 4.638 4.805 4.641 4.489 4.756 4.658
49 4.475 4.476 4.608 4.415 4.462 4.739 4.252 4.394 4.394 4.524 4.421
50 2.682 1.943 2.465 1.943 1.975 1.834 2.007 1.980 2.157 2.046 1.785
51 4.297 4.758 4.329 4.841 4.046 4.957 4.957 5.146 5.002 5.441 5.156
52 4.702 4.930 4.934 4.948 4.747 4.888 4.892 4.929 4.779 4.867 4.839
53 4.804 3.705 3.381 3.441 3.382 3.000 3.750 3.611 3.415 3.368 3.735
54 4.741 4.819 4.721 4.791 4.834 4.713 4.967 4.437 4.786 5.067 4.619
55 6.083 4.566 4.774 4.374 4.477 4.436 4.670 4.200 4.422 4.445 4.242
56 4.401 4.685 3.912 4.250 5.152 5.262 5.507 4.284 4.865 5.151 4.237
57 6.101 4.228 4.308 4.242 4.205 3.865 3.734 4.242 4.078 4.257 3.953
58 3.561 4.044 3.402 3.809 4.067 3.948 4.040 4.058 3.463 3.583 4.236
59 4.376 3.286 3.035 3.276 3.467 3.169 3.860 3.441 3.591 3.710 3.495
60 7.960 6.949 6.680 7.094 7.119 6.841 6.813 6.786 6.735 5.375 7.018
61 2.475 2.620 2.924 2.925 2.924 2.924 2.888 2.925 2.924 2.888 2.924
62 4.183 2.753 2.575 2.798 2.721 2.888 2.969 2.824 3.133 2.714 2.782
63 2.857 4.437 3.801 3.780 4.141 3.892 4.027 4.297 3.994 3.846 3.957
64 0.776 1.142 0.931 1.244 0.931 0.895 1.096 0.895 1.206 1.244 0.896
65 6.190 5.189 6.101 5.225 6.364 5.308 5.533 5.146 5.344 5.101 4.264
66 5.520 5.634 6.168 5.449 5.535 5.536 5.667 5.507 5.899 5.651 5.165
67 4.613 4.700 4.734 4.706 4.610 4.694 4.791 4.758 4.629 4.811 4.812
68 0.670 2.211 2.077 2.462 2.706 1.855 2.512 2.626 2.457 2.672 2.310
69 6.056 5.255 5.354 5.556 5.540 5.522 5.301 5.419 5.473 5.241 5.360
70 4.598 5.057 4.235 5.201 4.777 4.536 4.947 4.958 4.656 5.546 5.376
71 5.317 6.042 5.775 5.888 5.941 5.965 5.470 5.440 5.673 5.792 5.742
72 4.635 5.748 5.587 5.738 5.640 5.728 5.509 5.916 5.609 5.690 5.758
73 4.529 3.596 3.793 3.674 3.532 3.961 3.770 3.871 3.793 3.582 3.857
74 5.700 5.842 6.011 6.002 5.993 6.044 6.054 6.049 6.040 6.014 5.975
75 0.325 3.011 2.744 2.766 2.542 2.147 2.313 2.543 2.448 2.215 2.785
76 3.984 3.579 3.572 3.571 3.572 3.572 3.535 3.535 3.572 3.602 3.535
77 2.208 3.430 3.391 3.253 3.333 3.277 3.407 2.789 3.151 3.544 2.968
78 1.653 3.062 3.660 3.626 3.603 3.456 3.340 3.562 2.975 3.420 3.271
79 0.088 3.650 3.881 3.985 3.758 3.997 3.806 3.922 3.736 3.919 3.765
80 4.196 3.422 3.466 4.038 3.589 3.640 3.525 3.639 3.523 3.582 3.688
81 5.336 4.521 4.344 4.433 4.531 4.342 5.408 5.358 4.340 4.423 4.370
82 1.105 3.438 3.582 2.755 3.417 3.006 3.094 3.366 3.233 3.224 3.146
83 5.846 5.568 5.468 5.309 5.174 5.196 5.257 5.040 4.991 5.391 5.084
84 4.113 3.733 3.993 3.926 4.000 3.840 3.846 4.069 3.958 3.577 3.725
85 2.631 3.967 3.643 3.921 4.056 3.995 3.872 4.045 3.614 4.024 3.647
86 6.261 5.626 5.687 5.647 5.303 5.806 5.721 5.299 5.743 5.561 5.642
87 5.048 5.269 5.414 5.293 5.343 5.282 5.399 5.134 5.298 5.295 5.311
88 4.858 5.473 5.847 5.811 5.065 5.459 5.440 5.789 5.638 5.651 5.926
89 4.779 4.229 4.188 4.357 4.420 4.275 4.268 4.405 4.424 4.185 4.333
90 3.835 3.630 3.842 4.174 3.704 3.825 3.784 3.607 3.910 3.331 4.121
91 5.064 3.104 3.208 3.050 3.011 3.075 3.181 3.100 3.307 3.295 3.294
92 4.003 3.683 4.733 4.734 4.499 4.387 4.120 4.609 4.581 4.588 4.437
93 3.404 3.658 3.906 4.076 3.975 3.465 3.890 3.926 3.785 3.955 3.651
94 4.951 4.679 4.480 4.615 4.485 4.557 4.659 4.561 4.508 4.672 4.825
95 5.505 5.095 4.825 5.052 4.783 4.787 4.947 4.867 5.154 5.502 5.154
96 1.857 4.133 4.051 3.896 4.195 3.980 4.153 4.000 4.132 4.272 4.252
97 4.632 4.744 5.129 5.427 5.148 5.237 5.203 5.295 5.238 5.250 5.332
98 5.177 5.734 5.253 5.901 5.408 5.331 5.699 5.287 5.632 5.559 5.791
99 5.978 5.400 5.255 5.566 5.348 5.502 5.284 5.521 5.203 5.441 5.280
100 4.146 3.480 3.017 3.632 3.202 3.208 3.881 3.055 3.512 3.352 3.251
101 4.954 6.494 6.433 6.718 6.561 6.031 5.963 6.083 6.170 6.201 6.350
102 5.806 5.885 5.546 5.981 5.815 5.800 5.894 5.825 5.751 5.890 5.796
103 5.033 5.103 4.847 5.052 4.991 4.813 4.794 5.227 4.860 5.037 5.218
104 4.395 3.749 4.009 4.123 4.034 4.036 4.161 3.948 3.785 4.232 4.007
105 5.093 3.371 3.549 3.618 3.521 3.638 3.686 3.596 3.787 3.388 3.532
106 3.250 5.237 4.965 4.437 5.054 4.271 5.731 4.846 5.306 5.177 5.011
107 2.760 4.117 4.092 3.891 3.779 3.974 3.675 3.692 3.979 4.119 3.899
108 1.182 3.419 3.420 3.455 0.990 3.419 3.255 3.273 3.419 3.420 3.419
109 4.028 4.613 4.370 4.502 4.361 4.697 4.488 4.662 4.769 4.904 4.620
110 5.190 2.887 3.127 3.154 3.047 2.869 3.094 3.106 3.034 2.879 3.160
111 4.988 5.099 5.105 5.193 5.161 4.976 5.128 5.052 5.140 5.018 5.001
112 6.799 5.783 5.927 5.850 5.861 5.790 5.925 5.778 5.836 5.812 6.093
113 5.414 3.871 4.046 3.987 4.309 3.839 4.194 4.081 4.753 4.355 2.766
114 4.414 3.455 3.029 3.416 3.306 3.187 3.320 3.569 3.463 3.380 3.715
115 5.635 5.494 5.483 5.573 5.487 5.516 5.394 5.438 5.449 5.335 5.607
116 4.883 4.939 4.773 4.503 4.470 4.493 4.659 4.777 4.474 4.454 4.489
117 4.712 3.525 3.079 3.429 3.185 2.855 2.974 3.072 2.790 3.786 2.923
118 4.758 4.468 4.424 4.529 4.483 4.544 4.698 4.552 4.413 4.597 4.500
119 3.147 4.443 4.134 4.481 4.083 3.839 4.428 4.379 4.309 4.151 4.341
120 5.580 5.342 5.026 5.136 5.187 4.766 5.828 5.720 4.860 5.390 5.457
