data_index lambdaa.observed lambdaa.predicted.repeat1 lambdaa.predicted.repeat2 lambdaa.predicted.repeat3 lambdaa.predicted.repeat4 lambdaa.predicted.repeat5 lambdaa.predicted.repeat6 lambdaa.predicted.repeat7 lambdaa.predicted.repeat8 lambdaa.predicted.repeat9 lambdaa.predicted.repeat10
1 342.000 347.531 345.600 342.330 345.581 344.500 344.543 346.004 349.148 344.286 348.515
2 336.000 347.525 333.945 364.139 347.042 344.096 339.840 341.116 351.152 335.515 336.590
3 434.000 424.193 422.083 423.965 421.178 423.745 421.444 416.291 417.926 429.552 418.750
4 320.000 314.689 316.058 312.713 319.113 320.176 310.832 311.068 313.175 313.557 313.186
5 317.000 322.305 322.734 320.404 321.158 322.473 324.492 322.803 332.633 325.385 320.631
6 432.000 448.683 447.828 452.944 447.826 449.543 447.784 452.113 445.798 450.971 444.525
7 419.000 426.747 431.397 434.608 426.422 430.536 429.207 428.693 433.783 436.701 431.175
8 554.000 543.465 542.715 540.949 550.124 547.425 542.261 548.713 549.657 542.602 549.254
9 438.000 465.761 466.852 474.932 487.459 461.320 465.538 463.785 480.858 457.710 470.117
10 315.000 312.902 313.753 311.038 313.883 316.606 310.137 310.851 312.111 313.246 315.627
11 325.000 315.714 327.477 322.232 334.745 323.002 321.030 328.931 314.995 315.407 332.337
12 492.000 439.915 445.055 448.477 426.912 426.108 462.429 441.765 437.276 443.494 423.443
13 370.000 366.688 377.977 366.636 372.983 364.230 363.165 365.494 360.507 365.570 364.253
14 424.000 415.107 409.922 414.657 413.446 418.451 419.145 418.829 415.588 417.684 414.777
15 400.000 400.575 402.286 399.113 400.239 398.415 395.576 401.302 399.174 401.858 401.983
16 406.000 402.028 403.507 399.964 401.391 401.256 402.996 401.462 401.298 400.231 397.846
17 429.000 450.224 429.608 441.827 433.014 438.396 431.989 438.725 426.845 435.802 432.089
18 450.000 407.459 412.970 412.371 405.998 417.959 405.063 391.570 397.487 420.912 400.079
19 342.000 337.983 334.074 337.486 333.341 334.933 334.238 339.474 337.558 339.990 335.963
20 302.000 324.792 325.111 326.555 326.303 324.434 325.406 325.182 328.495 323.380 323.019
21 437.000 436.470 433.322 437.640 442.354 437.649 447.204 441.474 434.344 432.449 440.342
22 407.000 411.052 408.642 405.841 413.012 409.785 405.744 410.530 410.742 408.620 417.446
23 384.000 388.784 390.120 387.940 394.200 390.222 388.543 387.433 388.996 389.197 390.650
24 371.000 383.560 376.184 376.010 380.873 389.810 382.781 375.151 376.954 374.481 374.857
25 417.000 367.726 379.262 380.349 367.949 356.277 377.888 350.039 386.388 370.277 365.091
26 425.000 433.931 430.466 435.738 434.249 437.640 434.181 435.079 439.536 436.308 434.675
27 350.000 325.803 334.774 323.920 333.685 336.950 325.345 330.987 321.399 337.966 337.255
28 444.000 423.605 424.571 423.078 427.186 426.271 429.447 423.884 426.607 430.091 428.344
29 379.000 379.265 387.758 378.964 370.250 383.052 367.869 381.660 378.379 377.543 366.050
30 400.000 410.742 414.648 411.926 413.356 413.390 409.744 413.664 408.691 413.783 417.446
31 378.000 391.171 387.174 377.146 387.645 380.082 383.751 386.219 378.704 382.330 387.947
32 364.000 377.590 373.628 377.612 373.430 379.336 379.381 375.674 376.029 377.543 371.974
33 360.000 364.341 360.719 364.291 362.336 364.082 367.125 363.917 366.866 362.278 361.619
34 382.000 377.949 392.510 393.161 386.618 383.530 389.535 399.689 404.275 388.376 397.908
35 527.000 531.895 536.096 517.979 542.937 492.695 498.112 509.147 536.794 524.027 529.931
36 408.000 403.307 406.126 406.899 403.104 405.324 403.854 404.389 404.117 405.211 407.262
37 421.000 393.662 381.102 374.329 388.315 384.643 376.331 392.487 391.089 381.614 371.586
38 346.000 329.386 329.253 331.755 330.633 325.693 328.483 323.471 334.200 336.001 334.592
39 478.000 499.973 507.178 506.232 498.741 508.246 511.197 507.335 510.803 510.839 508.075
40 420.000 434.979 442.216 428.649 442.713 428.891 443.402 463.619 453.350 447.372 434.861
41 430.000 438.765 438.992 433.003 444.241 442.197 442.618 440.414 442.344 442.653 443.446
42 623.000 560.969 565.326 561.328 559.361 560.771 569.869 559.818 559.956 566.629 565.218
43 457.000 430.606 433.926 436.601 432.469 432.993 439.061 435.807 439.965 441.246 440.266
44 424.000 477.357 478.941 460.470 442.148 485.480 449.429 451.142 467.189 444.992 462.085
45 456.000 445.344 463.640 453.717 446.876 455.663 467.761 451.834 460.626 448.140 433.334
46 411.000 404.160 396.488 405.483 406.644 412.254 402.679 409.876 404.324 403.079 400.298
47 413.000 432.103 433.292 430.456 427.023 424.068 432.415 426.894 436.940 429.732 440.236
48 332.000 344.702 363.475 353.498 346.934 330.237 341.899 353.009 351.301 342.559 340.677
49 489.000 493.762 494.516 499.984 487.627 500.899 497.685 495.850 491.850 499.021 499.299
50 425.000 451.184 433.291 450.793 444.566 431.207 440.501 461.939 461.347 441.339 443.470
51 359.000 367.591 370.696 370.612 369.616 368.292 371.689 369.036 368.911 365.987 370.196
52 418.000 417.782 419.178 417.230 421.013 415.249 411.894 420.483 420.702 421.146 417.409
53 325.000 321.838 323.443 323.315 322.713 325.387 321.277 318.416 319.563 325.329 322.831
54 447.000 443.886 446.922 444.686 443.938 445.273 443.967 437.406 444.532 446.659 431.678
55 464.000 454.049 470.782 460.163 466.712 461.938 456.375 459.439 465.644 460.793 459.979
56 431.000 422.351 427.063 422.777 421.798 425.675 425.214 419.277 418.025 423.258 423.239
57 332.000 353.672 341.033 354.656 347.648 344.170 350.205 348.182 349.110 356.060 360.552
58 329.000 410.903 423.057 422.177 422.407 411.337 422.399 417.810 422.436 422.239 425.407
59 315.000 313.370 312.925 314.208 314.273 315.600 309.494 310.171 311.127 314.142 311.115
60 396.000 391.033 396.850 393.759 393.105 391.767 395.664 397.012 399.657 395.666 392.624
61 390.000 385.329 384.558 383.553 383.095 383.416 391.131 383.644 382.057 380.253 384.687
62 423.000 436.894 434.957 431.706 436.468 426.987 458.238 437.404 438.331 436.494 449.354
63 430.000 453.972 447.082 445.968 443.530 444.462 448.912 445.470 450.671 442.288 448.786
64 429.000 420.086 420.409 422.065 422.564 420.575 425.924 418.708 416.443 421.602 421.555
65 467.000 465.440 452.278 459.212 453.680 450.409 460.501 459.031 463.269 458.525 456.677
66 602.000 574.406 559.732 568.080 573.705 547.547 564.248 560.839 561.868 571.877 558.681
67 461.000 481.044 480.398 484.536 471.913 480.411 482.639 540.605 480.722 482.483 490.062
68 342.000 355.758 361.512 350.766 350.420 347.313 351.049 351.456 347.911 350.311 355.781
69 545.000 538.834 526.999 538.075 528.549 534.286 528.749 533.354 527.807 533.023 533.187
70 415.000 422.097 420.198 421.973 418.898 420.996 420.083 420.846 422.596 425.702 424.953
71 365.000 378.512 376.652 379.454 372.981 368.991 373.293 371.157 370.825 369.154 383.452
72 429.000 429.425 420.571 423.951 420.610 414.592 422.018 419.146 434.409 424.307 433.563
73 336.000 335.424 334.112 335.452 334.038 335.612 337.285 334.120 337.009 335.549 335.791
74 302.000 327.731 333.090 325.164 323.418 331.541 322.783 327.763 330.481 325.357 329.661
75 426.000 438.797 430.102 436.984 431.033 429.273 449.467 436.239 436.024 436.448 437.856
76 364.000 366.580 371.049 371.564 371.535 369.471 368.318 361.880 372.541 365.250 364.896
77 451.000 423.244 421.848 423.822 418.347 420.558 423.163 419.225 420.931 421.290 423.180
78 573.000 587.930 578.134 582.322 593.536 579.849 586.388 578.599 580.943 578.946 582.011
79 447.000 443.827 440.985 437.203 437.591 433.079 443.031 440.798 439.432 445.239 441.095
80 322.000 336.076 334.481 339.375 339.028 338.829 342.030 338.250 338.191 340.778 334.298
81 586.000 587.439 588.896 589.598 589.958 590.388 590.310 596.179 593.074 584.083 588.955
82 459.000 442.645 439.648 449.880 454.171 441.119 439.571 450.208 430.065 438.783 451.732
83 405.000 417.757 418.277 408.801 403.365 414.045 402.814 409.780 413.026 418.584 407.756
84 434.000 440.907 437.756 439.886 444.331 439.051 438.407 441.369 442.554 443.992 437.983
85 441.000 444.903 440.697 441.875 434.809 446.168 441.969 441.044 442.721 439.968 435.519
86 403.000 405.587 405.702 406.338 404.872 405.408 406.090 404.907 407.005 406.450 403.903
87 450.000 436.985 434.708 428.583 434.843 431.491 435.292 432.824 429.806 431.095 432.996
88 372.000 370.406 358.849 367.448 371.858 360.469 366.803 362.778 356.529 373.859 358.673
89 400.000 437.656 415.218 441.784 462.990 408.516 427.406 430.829 434.316 458.348 407.351
90 545.000 536.362 541.698 531.397 524.484 537.236 537.453 533.791 540.227 528.857 534.621
91 411.000 402.404 404.750 399.110 396.856 396.322 393.494 398.948 398.402 405.402 405.818
92 344.000 338.736 330.215 331.063 333.487 337.682 339.168 334.597 334.932 338.437 330.914
93 502.000 543.835 555.376 554.570 553.791 555.863 550.926 546.108 551.398 553.781 557.281
94 401.000 393.511 404.480 415.714 415.121 412.173 405.006 415.480 409.643 418.551 416.410
95 407.000 402.698 407.914 403.358 412.147 413.504 409.590 410.071 401.107 401.651 406.795
96 444.000 437.809 432.358 437.010 433.932 430.376 439.938 436.511 432.712 432.500 430.947
97 321.000 319.357 314.266 320.372 318.960 314.826 314.858 315.546 314.102 317.039 314.930
98 584.000 586.466 587.944 585.198 588.402 585.229 586.229 591.551 585.906 585.573 588.262
99 480.000 499.477 485.258 485.005 488.933 573.621 501.308 491.120 493.646 559.089 496.870
100 510.000 501.992 480.940 478.797 506.239 481.674 493.625 493.902 501.880 496.569 490.138
101 408.000 404.209 412.776 402.802 423.099 413.602 422.708 402.764 400.189 407.260 418.950
102 323.000 329.222 328.987 329.778 327.572 332.040 329.840 328.741 328.260 328.781 328.301
103 438.000 436.687 440.596 437.403 438.246 444.835 436.017 443.074 452.104 434.891 433.194
104 417.000 422.621 428.280 418.563 422.981 424.263 420.398 422.613 421.615 422.075 420.895
105 429.000 428.765 425.571 429.928 421.825 427.015 429.674 426.946 424.734 426.421 428.573
106 434.000 442.017 440.467 443.266 442.030 434.411 440.480 436.282 442.113 439.218 442.175
107 442.000 432.340 435.510 434.728 432.325 431.665 436.342 429.680 422.538 435.211 437.538
108 410.000 409.339 409.014 408.411 409.799 410.514 409.780 406.005 406.692 409.179 408.657
109 335.000 333.609 337.110 340.689 333.547 334.612 331.183 338.567 332.150 336.600 328.947
110 515.000 530.581 535.216 531.630 528.222 527.893 526.042 526.288 530.906 527.331 530.907
111 400.000 401.896 401.828 401.328 400.910 399.694 400.428 402.158 398.956 399.867 400.544
112 429.000 423.212 435.716 430.965 439.604 441.319 440.125 437.185 437.694 437.293 430.704
113 432.000 453.836 448.354 464.439 451.189 441.292 446.815 443.020 427.118 431.132 448.819
114 335.000 335.828 336.758 334.784 336.814 332.990 335.525 334.284 336.696 335.950 337.213
115 395.000 412.027 421.590 416.182 410.790 415.761 421.200 426.820 419.564 411.575 425.256
116 341.000 335.514 334.301 326.297 332.060 330.541 333.768 330.944 340.293 335.861 333.598
117 425.000 428.228 424.616 426.592 424.956 425.125 423.883 421.185 425.583 426.138 429.223
118 351.000 359.392 369.856 374.654 359.258 362.079 374.179 369.872 368.076 380.220 374.278
119 315.000 318.196 311.893 320.671 314.538 316.276 314.917 317.491 315.829 317.645 318.272
120 320.000 312.040 313.858 315.187 315.040 313.529 314.563 312.894 313.559 314.150 312.139
121 588.000 568.534 559.164 557.539 561.428 563.137 564.360 557.440 564.547 568.138 571.766
122 469.000 473.854 454.523 470.132 477.725 461.864 468.110 466.414 472.029 474.141 445.700
123 321.000 330.499 327.081 333.459 332.665 326.467 331.241 334.298 326.782 319.270 329.822
124 310.000 446.919 430.848 428.661 428.378 458.163 471.948 449.849 428.055 450.860 437.587
125 362.000 327.878 334.703 347.021 349.309 336.987 321.922 329.257 333.065 338.710 327.215
126 332.000 344.059 345.427 344.829 341.487 346.490 343.288 341.010 343.850 347.459 343.693
127 307.000 359.925 367.064 339.830 357.854 367.386 355.464 359.450 356.011 353.423 341.578
128 400.000 398.035 400.258 401.888 404.038 402.406 401.233 403.366 398.310 402.731 403.734
129 490.000 498.555 517.436 508.588 505.863 500.282 509.496 506.837 505.697 507.239 497.388
130 354.000 352.817 361.814 353.914 353.219 354.736 351.178 350.694 352.590 360.873 349.594
131 326.000 330.318 330.521 327.873 329.405 329.446 326.138 328.331 331.422 330.230 327.736
132 326.000 321.770 319.929 319.641 316.462 319.472 320.354 320.389 321.355 322.462 317.854
133 409.000 406.128 403.760 406.707 408.859 407.922 406.005 404.158 406.016 407.045 406.865
134 562.000 457.350 459.302 454.172 453.994 456.482 451.749 465.071 453.825 449.956 469.498
135 332.000 334.868 334.817 339.617 329.822 327.027 328.258 332.449 327.668 321.653 329.915
136 472.000 453.345 429.176 452.807 451.342 451.408 448.651 419.425 454.846 447.448 443.936
137 405.000 407.058 412.823 408.671 407.581 412.611 407.786 412.588 413.122 412.257 409.774
138 394.000 385.946 390.482 388.053 390.762 376.791 387.438 392.297 391.504 380.380 380.944
139 324.000 325.455 326.641 319.894 325.010 324.810 325.543 324.425 326.673 325.632 323.304
140 555.000 575.594 564.226 576.319 572.640 572.170 571.554 573.355 572.408 576.221 575.656
141 324.000 327.716 329.064 327.614 328.315 330.533 328.297 327.306 330.392 334.321 326.593
142 422.000 474.637 475.750 486.222 467.181 473.635 474.731 450.745 456.230 433.366 453.533
143 429.000 410.541 419.722 423.982 414.195 412.123 414.189 406.823 416.474 414.877 423.365
144 314.000 311.462 308.398 310.139 311.493 314.597 311.249 314.167 313.012 313.382 311.221
145 445.000 454.783 450.462 444.504 442.298 456.174 446.613 451.110 456.333 454.681 453.127
146 420.000 437.712 430.131 432.324 425.211 436.481 438.538 433.682 427.210 433.244 428.442
147 350.000 351.419 353.584 351.705 357.532 357.065 351.187 353.755 356.477 359.061 355.540
148 381.000 348.319 345.072 348.978 349.703 351.836 347.863 347.416 352.017 353.012 348.117
149 340.000 354.411 338.922 348.736 343.434 344.539 344.598 340.831 343.552 343.474 349.037
150 462.000 468.609 487.270 456.927 468.441 478.210 481.708 479.437 459.614 481.254 482.171
151 545.000 525.506 532.929 536.566 529.517 521.373 532.142 530.472 542.731 540.026 535.235
152 401.000 402.243 410.013 409.622 409.383 405.882 405.089 405.254 396.682 415.274 407.928
153 450.000 500.664 504.319 521.497 500.131 463.614 500.076 541.310 498.868 501.538 503.457
154 495.000 550.301 545.310 540.948 549.716 534.754 534.453 543.670 549.295 542.350 551.669
155 415.000 410.868 434.166 413.441 425.232 424.002 439.826 412.111 420.474 437.525 441.232
156 580.000 523.706 553.933 529.573 535.413 551.468 549.012 540.367 535.623 539.521 543.904
157 412.000 404.572 404.720 402.047 403.028 407.107 406.885 407.805 406.420 409.653 407.979
158 446.000 510.457 509.316 512.796 518.896 522.800 516.315 465.071 512.728 514.026 469.498
159 330.000 312.236 316.368 315.637 313.167 308.635 313.666 316.058 314.846 313.071 314.187
160 325.000 325.061 309.896 310.266 326.273 314.147 322.844 323.807 324.475 317.495 309.047
161 316.000 321.184 319.162 315.300 323.989 318.248 322.310 316.489 317.076 317.713 318.847
162 408.000 408.738 405.037 408.321 403.494 406.574 402.600 405.273 406.723 406.415 405.788
163 428.000 408.405 408.722 408.191 411.388 404.040 406.212 410.117 409.995 404.050 404.360
164 396.000 477.639 460.835 475.881 466.388 489.417 476.262 474.784 490.003 475.939 479.853
165 385.000 363.560 356.816 368.897 362.302 367.001 366.612 360.318 377.517 364.692 370.504
166 335.000 333.490 333.083 333.004 337.983 334.014 335.550 338.112 332.868 333.978 332.849
167 339.000 329.229 333.352 327.296 328.304 332.811 332.520 327.902 331.294 332.214 331.815
168 419.000 422.505 421.753 420.566 421.930 427.755 423.511 422.734 418.805 428.931 424.278
169 321.000 315.098 314.135 316.110 312.358 316.359 315.615 311.301 314.550 311.450 317.033
170 419.000 416.815 419.603 418.130 414.706 415.799 413.080 416.499 416.951 416.433 417.808
171 423.000 428.585 425.458 428.313 427.722 428.748 429.181 426.035 426.633 430.008 425.376
172 416.000 421.677 422.177 419.981 419.062 420.429 423.359 422.048 426.596 419.176 419.542
173 434.000 414.516 423.653 425.382 416.898 409.120 427.061 417.412 424.833 414.442 420.937
174 329.000 341.520 339.607 341.255 349.162 357.111 338.713 348.792 345.492 348.084 338.907
175 450.000 437.286 436.827 435.245 437.064 438.253 435.911 441.360 432.667 431.700 434.547
176 333.000 323.702 325.114 326.032 325.126 327.470 326.053 328.034 325.742 325.265 325.467
177 420.000 427.155 428.064 427.742 425.755 430.133 427.619 427.919 425.730 428.327 427.012
178 315.000 315.256 317.189 315.760 317.285 318.642 316.180 320.185 316.414 314.018 318.608
179 349.000 330.596 339.913 344.024 335.952 333.490 342.763 333.192 338.225 336.561 332.323
180 431.000 405.603 400.449 395.998 398.975 405.287 401.818 396.359 404.830 408.555 413.817
181 407.000 395.598 394.850 398.748 397.204 394.254 395.346 398.770 396.769 391.673 394.741
182 424.000 423.250 418.331 419.909 423.056 422.339 420.040 421.126 423.702 420.881 419.611
183 425.000 423.125 421.192 421.364 420.138 419.471 419.757 422.831 416.364 421.167 418.711
184 588.000 602.879 595.958 601.561 595.789 596.851 594.913 602.288 598.275 599.838 597.071
185 332.000 332.293 334.510 327.201 330.773 330.450 332.140 335.639 328.356 331.349 327.435
186 379.000 382.475 386.535 391.331 379.319 398.806 386.422 391.794 392.735 394.491 398.581
187 586.000 587.293 583.977 587.265 588.716 583.165 589.812 585.383 585.093 589.882 591.679
188 528.000 563.533 576.521 561.467 570.028 566.195 573.079 568.624 572.918 575.125 570.543
189 425.000 436.897 434.411 423.556 438.835 426.525 437.523 420.964 427.757 430.474 427.739
190 398.000 389.906 375.841 390.485 390.188 385.956 387.608 398.816 389.521 391.262 386.709
191 492.000 524.868 516.770 516.489 514.544 524.516 527.543 529.929 521.244 514.952 524.981
192 395.000 404.332 407.648 407.487 402.706 403.407 403.210 411.307 401.914 404.373 408.283
193 503.000 462.509 435.203 456.296 435.763 448.292 468.763 434.262 451.275 442.386 442.703
194 402.000 404.573 405.494 403.392 405.587 407.182 406.312 404.278 405.111 404.483 403.500
195 316.000 334.442 331.229 329.734 334.317 333.502 327.977 337.033 333.180 335.220 332.467
196 537.000 525.000 534.847 543.322 538.996 531.754 521.447 535.394 542.943 537.282 531.223
197 426.000 442.785 442.214 459.769 449.674 438.963 452.697 441.527 445.183 442.238 442.043
198 414.000 427.319 427.535 428.875 429.104 439.908 438.298 430.225 436.070 431.856 430.074
199 460.000 498.270 499.768 502.377 495.756 575.695 496.662 504.889 504.987 560.747 503.343
200 438.000 439.531 436.592 436.313 442.344 442.370 446.227 438.423 438.082 442.646 445.173
201 418.000 417.119 419.140 418.911 420.238 417.560 423.413 418.184 423.520 416.331 418.218
202 432.000 427.224 425.848 396.891 421.884 421.592 422.976 428.069 427.737 429.633 399.972
203 422.000 427.721 432.107 429.716 434.617 426.350 426.634 429.188 426.838 427.840 427.168
204 450.000 435.435 439.528 437.635 432.721 444.546 450.389 431.532 439.021 430.600 436.904
205 362.000 358.273 375.339 356.003 358.819 358.274 370.641 357.741 367.961 357.495 362.803
206 500.000 451.252 457.041 462.250 479.019 462.285 474.948 459.785 496.421 458.071 439.857
207 361.000 365.566 364.549 352.079 374.263 369.204 376.372 381.858 368.367 360.595 348.469
208 439.000 433.612 433.100 428.269 422.474 428.062 429.563 424.409 430.759 439.302 436.256
209 382.000 447.656 450.690 440.880 451.100 448.993 442.498 454.209 449.828 450.335 454.181
210 446.000 445.518 446.225 441.604 445.863 445.938 448.225 449.938 449.046 443.530 445.234
211 420.000 425.843 429.468 429.647 425.792 427.731 429.227 428.307 425.406 428.391 430.590
212 420.000 415.821 414.736 418.827 416.267 418.270 416.724 418.149 417.476 416.082 415.206
213 488.000 428.625 444.435 434.127 446.544 432.472 429.893 431.547 433.247 445.608 411.084
214 395.000 401.474 405.532 403.534 402.067 403.137 401.557 403.246 406.519 403.929 401.022
215 399.000 403.464 403.760 401.446 402.083 404.344 403.752 402.260 403.901 408.204 403.953
216 356.000 359.841 360.299 363.634 361.169 361.744 361.186 361.163 361.202 362.783 361.852
217 440.000 432.704 432.065 434.746 431.398 431.701 424.505 436.802 432.634 434.104 434.239
218 342.000 349.775 328.859 346.962 335.558 346.424 357.148 332.823 335.575 340.947 354.941
219 535.000 511.001 494.396 522.962 501.550 516.212 491.131 495.507 517.041 492.985 501.759
220 525.000 490.264 501.363 516.608 494.895 505.270 504.794 500.622 497.686 498.628 506.301
221 526.000 510.608 511.162 508.596 519.218 511.149 511.273 516.088 510.354 513.551 504.884
222 318.000 320.671 320.733 319.001 320.075 319.694 322.507 318.021 318.552 317.788 320.029
223 518.000 417.886 448.806 422.001 422.069 421.623 430.228 423.232 420.578 421.914 411.012
224 366.000 359.540 349.093 361.626 358.057 360.291 358.323 358.791 357.465 357.445 356.402
225 349.000 359.183 363.691 368.284 367.635 367.506 364.641 369.436 367.920 368.293 361.566
226 396.000 400.168 402.077 402.112 402.705 400.862 402.695 401.480 402.016 401.335 402.780
227 380.000 386.048 382.071 383.440 378.847 384.564 379.008 383.000 382.428 383.807 379.967
228 375.000 367.418 368.890 375.050 372.301 375.679 378.496 375.606 368.802 376.604 379.685
229 455.000 437.417 437.576 438.432 445.384 456.578 465.174 439.973 436.201 457.223 442.790
230 428.000 420.808 432.219 437.327 432.673 425.674 429.001 437.391 430.896 432.444 425.511
231 334.000 332.419 332.678 332.773 332.584 331.273 332.772 330.744 333.769 331.890 332.892
232 337.000 320.826 321.088 320.364 319.550 322.758 320.543 315.863 316.652 320.332 321.417
233 418.000 420.954 423.334 421.579 424.195 422.312 424.028 424.586 420.731 420.270 424.939
234 310.000 313.456 309.934 311.721 312.773 311.363 312.439 311.877 308.970 309.122 314.309
235 395.000 401.492 401.655 399.270 398.776 399.971 399.317 402.685 398.145 402.326 400.697
236 450.000 427.556 428.085 415.239 438.485 423.719 435.155 399.260 425.070 437.600 440.601
237 368.000 367.527 365.478 370.145 365.812 368.331 368.150 369.606 367.474 365.715 370.012
238 468.000 477.734 451.114 455.637 475.680 467.944 466.809 443.439 476.246 455.773 471.615
239 305.000 317.216 317.163 315.755 321.125 316.642 318.175 321.045 315.512 318.191 316.952
240 303.000 312.306 315.006 313.579 314.508 314.980 311.225 314.090 313.487 314.988 311.716
241 316.000 322.983 318.073 317.306 320.701 322.022 318.151 319.413 323.031 323.685 323.005
242 360.000 333.711 334.832 335.477 334.809 336.794 339.303 338.037 334.452 333.550 338.294
243 466.000 462.542 464.828 452.950 466.711 466.942 449.183 468.751 466.838 467.200 453.236
244 422.000 427.141 427.178 430.553 428.132 426.084 426.811 426.319 427.855 429.051 435.871
245 418.000 408.708 407.401 405.081 399.917 392.235 402.385 401.317 398.932 400.728 398.130
246 409.000 411.201 413.676 407.944 407.110 405.672 406.967 407.440 404.986 410.787 409.071
247 326.000 341.188 349.337 338.099 341.378 340.108 347.574 340.930 350.786 340.263 343.148
248 328.000 339.125 356.793 354.742 367.155 361.835 356.291 355.011 371.397 358.299 356.803
249 369.000 385.140 373.688 366.039 370.589 373.121 378.393 374.638 386.405 379.992 372.474
250 346.000 327.212 329.637 329.952 331.219 325.835 329.313 329.262 330.814 328.594 333.584
251 407.000 411.065 399.607 413.290 405.954 396.543 408.670 405.184 404.204 412.250 411.915
252 414.000 411.927 398.318 399.527 395.471 399.478 385.446 399.611 399.828 395.578 396.687
253 501.000 489.981 490.182 491.840 497.699 490.784 482.349 494.807 484.875 490.454 503.075
254 421.000 418.519 419.472 420.738 418.943 419.765 419.687 417.569 422.719 421.355 418.952
255 316.000 320.914 322.174 324.462 320.228 314.635 316.547 328.218 325.629 320.546 318.834
256 328.000 327.880 326.092 327.158 323.268 323.473 323.639 321.239 329.112 324.845 328.977
257 445.000 482.688 488.227 483.111 476.492 457.651 475.128 486.493 477.736 481.251 483.183
258 371.000 356.728 387.496 363.058 360.571 374.489 372.513 369.610 392.730 372.868 370.170
259 484.000 466.595 455.378 458.570 459.584 471.631 468.353 455.096 464.459 455.835 479.918
260 418.000 417.314 420.616 417.650 417.969 420.687 416.430 419.858 419.472 418.103 418.407
261 371.000 367.123 365.102 363.846 359.725 364.708 363.166 364.165 361.436 363.377 361.542
262 331.000 325.771 325.566 324.450 329.333 323.628 326.059 327.387 324.642 326.733 326.456
263 586.000 534.356 521.552 531.493 538.203 527.896 540.499 533.410 534.991 538.052 532.281
264 434.000 446.378 453.830 451.079 444.013 449.232 449.108 451.803 453.457 450.091 448.928
265 412.000 429.679 428.475 415.578 423.041 427.381 425.317 425.436 431.193 428.671 423.650
266 483.000 434.022 436.926 440.860 417.175 428.937 437.560 436.241 437.434 432.346 433.105
267 393.000 401.142 398.198 398.477 394.640 399.622 400.928 398.826 400.297 395.284 405.578
268 386.000 389.413 396.222 387.160 390.603 386.791 390.563 387.435 394.732 388.548 390.840
269 344.000 344.910 346.080 344.466 344.901 378.840 344.365 342.947 341.648 348.928 344.492
270 392.000 369.977 374.872 353.109 371.693 377.374 390.298 384.083 395.852 366.503 354.376
271 460.000 429.588 432.619 425.088 426.367 430.789 433.074 438.395 437.202 436.649 437.272
272 321.000 336.133 336.302 336.148 334.914 336.783 335.687 336.628 335.310 335.524 335.408
273 311.000 330.089 336.719 332.987 338.621 329.435 329.109 333.878 329.689 327.549 354.999
274 391.000 370.295 389.229 370.823 386.542 367.158 375.665 395.001 386.598 372.051 384.315
275 431.000 437.827 435.098 438.019 436.345 437.887 438.319 441.274 438.295 442.837 429.025
276 357.000 361.673 359.993 362.884 353.893 361.997 364.700 357.620 367.604 361.404 359.376
277 414.000 408.878 423.771 413.822 415.656 413.549 396.216 422.592 392.222 389.901 423.713
278 452.000 428.071 431.248 429.872 427.692 430.532 435.482 436.498 431.622 432.085 426.280
279 437.000 442.543 451.938 447.964 465.143 451.809 437.344 444.174 460.017 447.240 453.057
280 315.000 319.989 316.189 318.702 320.187 319.521 318.146 317.848 319.535 318.672 317.713
281 435.000 472.366 474.171 473.459 483.077 491.906 472.249 466.882 461.495 471.087 470.405
282 448.000 446.400 434.202 440.815 450.690 446.278 444.725 441.103 437.828 451.557 440.233
283 416.000 413.073 412.772 412.851 416.872 411.304 410.146 419.825 415.871 410.269 412.908
284 328.000 335.323 331.838 343.326 343.686 343.483 339.848 340.805 345.506 334.055 343.460
285 390.000 404.384 402.009 402.395 404.260 405.642 403.885 402.243 401.530 405.848 404.761
286 310.000 313.935 316.212 316.987 314.808 316.535 314.563 315.854 318.323 314.417 316.860
287 365.000 368.939 372.255 366.230 365.455 371.715 370.387 365.530 371.534 369.016 366.017
288 402.000 439.539 434.072 438.218 429.453 435.089 441.683 435.634 426.919 436.280 416.114
289 372.000 383.852 388.747 393.414 389.439 390.570 390.628 390.883 395.091 385.944 382.216
290 428.000 467.801 465.183 463.473 450.293 461.682 460.626 464.461 471.462 459.913 465.182
291 267.000 461.724 422.473 434.905 424.615 433.518 443.299 456.227 452.127 451.053 452.292
292 330.000 330.985 326.657 333.172 326.921 328.224 333.892 330.774 339.650 332.585 329.583
293 598.000 589.384 589.024 590.961 586.054 588.877 589.503 590.227 587.232 590.130 583.069
294 392.000 398.526 408.548 397.736 408.261 404.613 388.167 390.881 402.666 401.104 390.224
295 430.000 437.378 489.329 493.017 481.987 454.977 475.977 479.354 468.443 467.678 461.012
296 340.000 331.797 348.841 331.923 338.704 332.183 336.939 337.085 345.666 333.913 333.278
297 312.000 333.479 334.741 326.098 330.148 336.713 328.060 331.166 331.539 327.387 339.521
298 327.000 330.470 319.205 314.802 324.935 315.927 323.035 319.270 318.576 326.404 355.720
299 342.000 342.317 340.408 344.990 340.767 336.954 341.133 343.724 340.743 342.672 343.411
300 417.000 419.919 423.446 422.789 422.678 423.148 421.126 425.277 420.534 420.633 419.756
301 318.000 320.825 317.757 320.520 317.958 320.781 317.260 319.718 319.460 319.363 319.065
302 329.000 314.987 317.074 317.506 317.130 317.745 319.022 325.125 318.409 316.171 318.189
303 339.000 343.231 345.652 340.445 330.554 341.836 332.858 333.965 339.987 341.417 335.271
304 334.000 333.588 330.553 332.786 332.837 331.318 332.528 333.349 329.435 332.997 330.371
305 346.000 349.444 347.324 347.286 341.888 339.972 341.485 340.194 341.060 344.463 345.495
306 420.000 419.681 421.716 421.944 420.537 418.266 421.547 423.248 420.138 423.479 420.254
307 371.000 382.829 382.728 377.902 383.738 384.711 382.956 378.343 383.349 392.788 384.441
308 560.000 571.388 571.625 567.526 563.976 568.575 573.656 571.480 570.218 569.049 571.987
309 512.000 500.957 494.816 497.958 501.432 486.374 502.713 497.829 499.934 488.236 482.437
310 410.000 412.429 412.934 411.828 411.600 413.693 413.251 415.396 412.929 413.311 410.230
311 473.000 454.753 457.206 461.306 465.528 456.985 457.429 456.961 459.532 463.645 462.277
312 427.000 429.123 424.630 425.465 427.289 420.896 422.421 421.190 423.591 423.295 425.045
313 326.000 375.392 373.497 371.498 368.656 358.677 380.545 381.362 370.799 377.284 371.596
314 405.000 413.571 404.537 409.519 405.151 400.103 412.747 398.247 410.404 410.636 404.931
315 442.000 475.998 464.223 462.963 477.353 485.378 476.333 533.309 483.557 476.398 487.552
316 330.000 333.998 349.598 339.336 334.571 338.526 335.531 338.510 334.657 337.648 333.810
317 328.000 330.294 335.513 322.245 323.479 336.232 328.590 331.416 321.529 328.880 325.629
318 436.000 433.607 428.902 430.657 427.365 432.536 423.235 432.194 433.254 430.783 428.504
319 410.000 411.312 412.800 414.306 415.384 417.915 412.975 414.637 416.971 414.306 415.962
320 462.000 457.147 454.869 452.939 453.228 448.577 449.694 451.064 459.390 455.842 456.845
321 471.000 460.636 452.483 465.956 447.865 456.901 458.592 456.767 465.239 463.312 459.111
322 427.000 429.684 430.153 428.177 428.004 429.721 429.123 429.773 425.790 428.720 427.958
323 464.000 453.158 454.472 452.276 453.781 453.351 455.486 453.254 451.710 452.944 454.683
324 446.000 468.174 454.209 462.434 460.202 458.456 465.716 473.284 470.311 488.670 459.896
325 583.000 587.777 579.120 588.155 578.372 588.168 586.626 594.700 584.407 581.647 588.014
326 562.000 490.039 467.407 479.347 485.182 483.979 484.226 484.741 499.432 480.833 488.744
327 313.000 315.417 311.904 318.602 322.315 319.296 315.600 318.543 317.432 319.312 316.219
328 422.000 444.960 443.783 444.502 442.690 458.374 461.550 447.216 460.726 449.098 441.781
329 382.000 420.040 383.631 405.350 393.459 402.498 401.234 401.735 408.371 385.493 399.663
330 398.000 384.839 395.903 386.200 383.482 376.248 379.924 386.272 398.362 393.848 372.213
331 371.000 382.283 375.811 381.478 378.463 379.540 387.307 375.610 378.930 380.516 380.144
332 414.000 410.931 411.514 411.555 413.674 409.404 414.124 413.913 412.403 410.810 410.717
333 440.000 439.818 433.301 440.847 448.471 443.603 442.140 437.814 437.794 436.193 435.745
334 599.000 585.135 588.979 589.318 592.142 576.705 588.907 590.121 585.006 591.506 595.336
335 353.000 353.666 354.449 356.693 357.900 359.733 357.667 359.367 349.314 356.171 355.488
336 404.000 450.023 467.234 449.458 449.399 480.335 439.737 437.838 451.419 452.482 455.997
337 406.000 403.358 406.747 400.113 405.829 404.740 407.579 409.255 412.548 406.019 405.221
338 324.000 325.007 325.148 324.693 322.311 325.147 321.235 324.022 323.345 324.557 323.675
339 337.000 337.247 336.444 335.341 338.333 339.154 336.534 337.552 337.784 337.093 337.383
340 395.000 409.213 408.704 407.663 404.852 403.701 404.788 408.904 406.420 400.267 405.712
341 407.000 417.112 420.438 415.210 418.159 418.870 419.365 418.565 419.403 419.757 419.773
342 330.000 364.568 356.968 367.128 360.730 362.954 351.179 376.456 362.027 351.609 368.348
343 417.000 427.429 427.480 430.529 425.075 434.138 438.399 430.981 435.456 430.805 426.929
344 395.000 401.091 400.021 400.782 401.268 401.331 401.649 402.297 399.778 399.035 398.915
345 503.000 396.667 397.706 396.378 392.095 399.357 390.928 397.045 390.982 394.246 397.098
346 448.000 482.896 471.135 460.589 461.486 461.930 453.751 468.220 459.260 460.697 462.151
347 363.000 389.159 386.805 360.210 377.404 381.917 372.955 384.354 384.719 386.779 375.291
348 386.000 370.678 370.257 370.450 373.292 376.963 363.915 369.580 367.848 366.596 367.108
349 330.000 335.530 334.427 333.211 332.610 334.199 333.232 335.378 335.051 332.320 333.897
350 488.000 366.137 343.984 352.413 341.254 341.514 353.183 350.147 353.030 388.216 345.430
351 479.000 465.790 462.401 456.396 468.612 464.509 462.068 466.157 460.522 460.987 472.703
352 338.000 357.343 354.542 350.831 356.195 352.576 353.498 390.334 358.365 354.139 346.915
353 456.000 457.309 457.136 447.500 468.875 466.135 465.615 525.047 463.187 455.765 459.744
354 418.000 467.504 443.481 448.293 456.723 459.143 463.791 478.450 459.035 463.020 465.522
355 322.000 318.032 319.266 318.390 318.795 318.417 318.792 317.417 319.201 318.329 315.540
356 321.000 314.056 306.949 308.726 309.930 311.442 307.835 312.239 315.415 309.826 311.666
357 335.000 347.148 367.440 352.943 353.434 378.840 349.801 355.028 351.006 351.459 367.251
358 394.000 384.321 388.010 383.264 386.547 383.415 391.814 384.587 388.289 385.026 382.205
359 398.000 398.584 464.733 467.074 462.997 461.724 464.324 457.520 457.572 465.189 461.857
360 421.000 412.785 418.222 413.246 422.433 400.608 420.582 418.047 423.964 411.788 432.387
361 364.000 369.339 366.989 365.689 368.217 365.013 366.123 365.132 366.160 370.022 366.841
362 322.000 313.855 320.193 317.235 319.105 317.786 318.938 315.829 318.452 316.209 317.314
363 446.000 468.682 467.592 467.453 467.510 466.209 468.735 467.034 470.463 471.509 464.595
364 340.000 345.003 343.297 350.795 348.169 350.360 346.306 330.787 343.280 336.823 347.405
365 340.000 380.551 393.138 353.567 385.148 378.462 373.497 366.730 346.646 376.188 393.818
366 452.000 431.341 429.829 476.389 437.160 436.513 448.889 451.774 458.887 443.503 461.880
367 367.000 356.862 360.239 360.306 362.717 361.585 365.702 357.537 365.378 361.379 368.937
368 425.000 423.963 420.768 425.493 425.898 429.560 422.648 422.550 423.564 428.931 423.951
369 399.000 362.943 365.079 346.266 358.179 352.625 351.247 355.560 349.789 365.697 352.806
370 420.000 416.968 412.880 415.976 417.168 416.687 418.504 415.001 421.008 413.941 418.759
371 526.000 557.981 551.021 546.356 550.830 550.667 554.865 533.137 540.460 553.205 551.483
372 343.000 331.088 335.940 335.068 340.691 346.021 337.581 336.314 357.097 328.535 345.819
373 420.000 414.212 425.572 428.139 409.258 414.349 411.071 415.280 418.763 412.468 410.415
374 403.000 384.936 377.527 383.276 387.541 390.515 382.825 386.421 395.821 374.258 383.343
375 495.000 499.221 508.477 510.469 496.678 504.437 514.479 510.066 510.286 516.979 502.953
376 564.000 453.652 464.545 473.209 459.002 466.424 466.939 466.439 465.074 457.885 464.347
377 420.000 528.985 526.118 533.716 543.930 549.127 537.864 558.238 502.496 551.743 546.630
378 414.000 420.447 416.877 416.241 420.898 420.927 417.526 422.305 424.762 423.904 417.284
379 328.000 323.637 324.206 324.371 323.086 326.332 324.968 327.992 318.904 319.449 320.558
380 546.000 459.202 461.084 454.443 454.826 463.985 454.743 453.468 452.040 453.387 451.594
381 323.000 320.409 325.686 321.282 324.845 322.981 329.877 317.892 317.392 324.112 320.501
382 413.000 411.625 409.612 407.758 408.507 412.736 409.976 412.274 409.597 409.810 409.431
383 360.000 352.625 354.993 366.088 353.993 362.258 329.205 339.329 354.453 350.695 337.020
384 411.000 414.325 411.243 412.147 419.615 415.050 411.354 418.688 413.689 409.056 415.255
385 346.000 328.940 329.001 331.746 330.852 329.407 332.023 332.068 329.250 330.730 330.677
386 449.000 450.086 439.236 448.864 445.680 445.035 454.399 447.638 447.168 444.219 442.234
387 389.000 408.974 393.161 402.990 409.989 418.117 415.062 410.666 408.638 416.995 404.980
388 340.000 390.433 374.342 386.038 380.667 381.704 388.710 368.964 392.113 385.575 384.887
389 343.000 332.728 331.911 331.144 332.205 331.615 332.503 331.012 332.007 332.890 333.436
390 404.000 416.619 420.167 411.083 425.187 425.762 409.146 418.124 419.913 423.049 417.626
391 451.000 461.350 455.503 461.720 454.899 457.835 448.236 452.753 453.397 457.485 448.889
392 359.000 350.308 348.044 342.095 351.054 347.872 349.592 349.397 351.518 351.218 350.966
393 410.000 406.702 406.579 408.675 407.705 411.016 405.924 408.505 411.221 409.371 408.967
394 340.000 332.314 333.761 331.646 332.275 333.929 331.683 333.698 335.224 334.448 335.231
395 504.000 471.882 465.393 455.448 476.585 487.482 463.191 460.728 448.030 464.923 460.027
396 546.000 498.584 464.772 477.753 461.679 479.926 451.080 461.919 466.521 474.395 419.709
397 392.000 399.939 406.114 415.605 399.853 399.947 401.016 400.726 388.510 408.109 407.386
398 413.000 409.946 422.805 416.651 416.537 408.827 416.539 411.038 419.793 414.217 416.439
399 325.000 361.956 377.481 372.399 346.935 365.945 367.977 357.281 377.192 369.468 353.411
400 297.000 311.140 312.861 314.589 314.661 317.371 314.977 314.253 311.191 310.174 317.706
401 397.000 403.518 402.827 409.416 405.409 403.843 408.181 403.238 402.091 401.823 402.389
402 428.000 419.806 415.503 416.622 426.768 424.083 425.186 422.593 422.828 418.597 422.440
403 440.000 474.997 443.733 456.544 463.500 465.754 456.642 449.023 455.860 455.427 464.740
404 604.000 603.169 605.343 590.148 599.622 598.379 597.851 603.294 595.697 601.341 599.404
405 442.000 455.776 453.344 457.239 452.872 454.667 452.963 456.312 453.435 456.081 453.671
406 462.000 448.777 449.802 451.284 450.253 441.694 451.425 447.356 453.555 446.535 455.009
407 491.000 476.487 470.712 488.743 478.228 475.732 476.686 486.722 485.364 476.639 459.492
408 495.000 469.978 474.352 486.019 478.141 484.536 486.570 473.468 474.035 484.341 477.550
409 394.000 385.284 383.474 387.425 389.561 381.174 373.296 376.880 396.066 387.359 405.994
410 320.000 328.626 330.747 331.148 327.747 330.824 327.556 328.996 328.589 327.729 328.138
411 445.000 441.458 447.902 442.285 448.774 442.890 443.200 447.202 446.574 445.133 448.469
412 350.000 352.319 353.768 353.169 354.936 349.484 351.447 353.419 353.573 353.867 353.069
413 332.000 333.110 329.835 331.756 330.987 329.790 329.993 329.634 331.411 333.842 331.217
414 411.000 425.167 429.490 429.001 428.411 426.194 427.555 415.619 421.898 431.264 428.667
415 341.000 355.262 388.945 405.948 420.092 393.235 402.269 396.391 404.742 372.464 389.812
416 452.000 462.513 459.874 465.663 460.736 467.364 468.324 461.013 454.766 465.643 463.512
417 398.000 393.641 378.837 391.067 395.540 391.562 390.807 390.500 392.311 389.367 387.250
418 357.000 354.592 358.839 359.675 360.760 354.071 359.771 355.591 358.646 356.932 354.658
419 410.000 415.923 415.836 409.534 419.238 420.967 418.088 416.031 410.101 416.745 419.074
420 411.000 409.613 418.946 421.103 414.082 424.566 421.550 422.646 428.756 427.332 423.737
421 316.000 318.175 314.435 318.081 317.922 317.592 318.148 319.311 322.066 315.306 318.616
422 454.000 439.920 436.832 435.321 436.489 433.310 438.556 437.760 433.177 435.672 433.437
423 492.000 523.365 528.152 535.143 523.824 532.322 529.493 526.363 533.414 521.052 524.672
424 405.000 419.267 418.703 417.550 418.456 413.024 414.816 420.968 418.775 418.763 421.154
425 357.000 355.126 358.879 359.293 359.582 356.758 357.190 357.077 358.705 357.565 357.297
426 424.000 418.012 414.013 416.044 415.455 417.479 412.675 414.909 412.724 415.901 410.705
427 335.000 343.189 344.081 333.916 347.970 341.823 342.183 344.365 347.723 344.542 349.345
428 438.000 457.547 460.459 452.551 471.898 460.753 448.255 462.461 455.413 461.158 457.165
429 525.000 441.741 447.538 445.919 456.041 429.191 457.332 432.558 445.509 442.345 450.950
430 331.000 405.166 386.448 401.950 411.991 404.925 398.239 394.057 399.972 410.257 377.249
431 431.000 417.573 419.519 412.592 426.647 419.020 405.912 415.022 418.700 421.453 424.663
432 591.000 594.499 595.890 597.791 590.898 593.422 597.662 605.633 589.586 591.805 589.263
433 414.000 419.980 419.688 417.594 421.351 419.602 419.260 421.706 422.351 418.933 416.227
434 388.000 385.194 384.294 383.058 386.980 384.828 383.096 385.815 380.235 385.331 381.472
435 585.000 586.891 592.516 594.518 600.384 569.385 596.054 591.182 589.990 574.872 599.306
436 398.000 402.332 404.656 401.174 403.664 401.110 402.860 402.080 401.532 402.633 400.938
437 441.000 451.621 460.145 440.883 460.351 458.508 452.707 454.618 453.410 464.160 452.990
438 309.000 319.568 321.070 317.822 319.660 319.101 318.649 313.436 317.378 319.892 320.383
439 518.000 525.231 514.379 510.146 517.882 514.699 522.860 513.126 533.293 517.057 514.635
440 416.000 416.697 413.145 415.047 411.156 416.282 414.075 419.138 415.758 414.780 414.707
441 412.000 411.198 411.616 411.374 410.611 409.788 413.090 409.763 415.887 411.343 411.098
442 385.000 382.014 381.036 387.356 393.956 394.339 388.232 396.055 390.020 381.822 372.993
443 325.000 317.819 316.459 318.390 318.230 314.628 319.029 319.826 317.609 317.131 318.588
444 325.000 326.400 323.853 326.751 328.397 326.896 321.456 331.671 328.495 325.086 328.307
445 328.000 338.148 336.032 341.732 338.205 339.301 333.676 332.478 335.868 334.511 335.492
446 397.000 406.756 402.326 406.735 400.452 399.684 401.699 402.321 405.134 401.577 402.371
447 407.000 415.644 414.350 410.989 412.146 414.234 411.620 413.294 415.333 411.620 414.105
448 491.000 454.931 485.669 483.845 461.101 450.659 501.645 459.851 470.584 481.668 473.449
449 328.000 324.243 322.237 319.671 318.599 317.236 319.916 319.523 325.498 324.705 321.769
450 430.000 444.172 421.992 445.775 426.087 420.892 439.101 442.010 435.466 427.839 441.482
451 413.000 434.023 411.211 412.511 390.181 426.426 423.256 422.861 407.380 411.150 433.303
452 364.000 367.169 369.041 369.288 362.071 369.469 369.330 368.218 366.034 370.097 366.481
453 404.000 398.311 398.690 401.777 399.190 401.014 403.474 407.049 399.237 402.076 395.552
454 431.000 430.367 437.875 438.608 431.494 444.131 436.271 439.645 435.405 441.108 440.297
455 461.000 428.270 437.065 437.764 423.386 436.608 435.833 432.539 428.971 439.331 431.231
456 346.000 342.150 341.536 341.647 346.709 347.859 338.971 337.913 339.987 342.391 343.168
457 461.000 453.868 457.264 455.000 455.579 452.254 451.496 453.662 455.173 451.772 455.414
458 446.000 444.091 441.852 447.295 445.540 443.921 445.204 441.206 448.107 447.348 445.930
459 334.000 333.694 330.657 330.505 332.971 333.048 333.305 330.964 333.267 332.854 331.724
460 368.000 377.775 388.083 365.305 381.491 389.652 351.024 384.843 383.159 372.228 382.986
461 421.000 367.885 362.788 364.000 378.063 368.877 361.024 361.820 373.005 360.655 339.375
462 536.000 551.107 548.980 540.344 546.351 545.976 548.734 544.775 548.984 545.427 567.391
463 399.000 419.136 417.604 417.072 416.754 417.794 423.715 418.957 418.706 417.608 417.670
464 584.000 591.084 586.736 588.362 586.462 585.564 587.400 582.627 578.302 591.935 588.688
465 592.000 593.398 596.305 597.614 594.264 593.878 592.356 590.869 594.513 600.471 596.738
466 450.000 452.562 452.724 449.621 453.398 449.064 451.953 454.429 450.680 456.736 452.328
467 359.000 361.566 361.829 359.471 359.878 360.179 362.833 359.900 358.568 364.308 361.156
468 325.000 311.928 314.148 314.573 309.647 312.304 311.217 311.240 309.608 313.810 312.442
469 315.000 365.977 341.026 350.857 363.961 373.937 349.412 362.465 345.508 346.745 352.635
470 411.000 419.448 394.752 418.751 411.116 393.638 399.169 410.619 405.408 415.893 410.798
471 548.000 521.625 517.708 522.792 520.080 523.317 509.458 510.476 513.478 524.035 509.187
472 450.000 454.618 442.747 442.241 450.216 442.184 442.849 443.443 444.085 445.172 449.637
473 310.000 363.196 358.899 349.472 344.718 350.224 335.007 357.033 337.135 356.114 343.465
474 362.000 377.146 383.864 381.004 376.108 371.711 394.481 388.798 375.582 372.717 376.587
475 322.000 327.826 328.142 328.671 317.787 318.212 322.493 324.834 328.819 323.928 324.467
476 396.000 401.985 400.405 396.337 397.353 398.625 398.536 398.768 398.290 404.283 398.562
477 408.000 419.696 420.794 421.643 423.423 420.374 420.220 421.030 421.366 423.717 422.564
478 540.000 515.488 507.380 511.737 496.502 506.370 498.876 512.383 501.451 511.707 490.814
479 399.000 390.360 402.698 390.625 398.734 404.677 391.410 399.551 399.100 394.893 397.288
480 448.000 438.329 440.518 442.478 449.754 438.980 450.604 447.672 434.522 444.266 449.960
481 460.000 411.038 414.598 411.326 412.204 415.244 420.650 409.545 415.153 412.334 413.349
482 331.000 323.458 322.947 319.248 323.037 321.679 321.444 324.877 322.413 321.835 322.389
483 448.000 439.237 438.055 435.189 436.896 437.267 440.630 442.958 441.138 444.444 440.185
484 444.000 438.899 443.830 442.547 446.019 451.123 439.665 443.757 444.947 441.437 440.284
485 336.000 333.316 329.257 333.416 326.424 326.570 327.895 331.126 337.451 332.044 329.910
486 502.000 462.834 453.408 466.992 467.550 463.480 457.329 449.453 475.685 453.613 457.621
487 409.000 428.157 420.781 414.029 420.211 422.951 422.733 432.360 425.617 423.161 429.988
488 405.000 404.875 404.396 407.272 404.094 399.376 401.251 404.134 402.074 405.194 404.460
489 555.000 595.073 589.938 593.754 601.586 595.380 569.869 592.944 598.870 593.814 597.433
490 427.000 429.456 428.665 428.905 429.615 427.861 430.448 424.996 426.821 430.509 426.950
491 452.000 442.267 449.672 446.173 447.938 441.693 448.147 454.035 448.972 448.129 445.569
492 329.000 334.889 334.220 334.278 339.876 337.252 333.811 338.501 336.923 336.835 336.477
493 491.000 499.110 506.668 510.997 498.880 493.825 507.750 495.522 509.799 501.565 516.514
494 440.000 436.941 431.866 449.138 440.765 422.621 438.862 441.004 435.434 430.782 442.049
495 363.000 339.910 349.631 359.977 342.110 348.193 339.422 343.297 349.504 347.295 346.335
496 432.000 435.543 427.401 438.692 423.724 433.697 436.303 422.743 432.027 431.974 424.185
497 514.000 493.009 498.134 488.114 493.887 495.118 500.716 488.809 492.577 489.972 497.076
498 536.000 575.146 568.888 581.102 569.573 580.154 576.442 582.350 581.521 585.385 577.446
499 462.000 437.169 448.408 451.085 439.906 447.266 449.060 453.160 452.710 448.820 439.529
500 510.000 527.394 526.203 540.110 525.452 538.998 524.166 533.388 533.131 538.094 534.536
501 357.000 347.297 346.146 360.488 363.249 357.749 352.612 348.558 350.439 356.430 363.364
502 418.000 426.551 421.976 421.912 419.946 423.511 426.056 423.572 427.219 425.629 423.609
503 406.000 416.687 416.208 420.978 435.710 427.353 414.006 408.179 414.028 411.385 414.025
504 464.000 460.120 458.886 459.999 458.455 454.367 454.449 461.316 455.759 462.786 463.614
505 400.000 402.453 403.011 399.209 402.394 401.102 401.094 399.899 401.622 401.120 401.951
506 400.000 404.735 407.783 409.620 408.169 406.990 414.735 411.308 409.455 407.934 416.785
507 333.000 333.067 331.469 329.047 335.377 334.486 333.992 332.492 333.513 337.751 337.248
508 452.000 471.110 473.413 468.473 471.581 459.926 471.295 478.876 476.404 492.827 485.135
509 586.000 561.044 541.960 557.664 553.636 561.191 564.450 556.438 563.612 553.569 561.390
510 461.000 449.544 445.483 446.408 447.050 443.826 451.149 446.486 436.484 442.489 452.817
511 606.000 595.984 598.654 591.349 593.446 578.833 591.821 590.589 592.262 596.918 596.299
512 338.000 354.317 362.206 353.197 362.816 360.516 360.760 392.966 368.478 360.399 361.450
513 368.000 367.739 357.615 365.068 361.727 358.908 352.084 364.670 358.957 348.832 374.779
514 442.000 431.094 431.293 432.450 429.732 428.728 427.704 429.609 429.345 432.972 426.181
515 417.000 401.799 402.696 404.549 400.753 409.271 404.544 399.457 396.697 402.888 409.181
516 328.000 314.823 314.475 312.905 316.309 315.053 313.831 313.680 316.231 313.918 314.674
517 477.000 469.427 450.271 433.467 466.229 454.461 453.272 463.545 464.379 457.270 464.967
518 350.000 339.553 325.132 355.934 331.594 343.634 344.897 333.311 333.959 346.043 327.650
519 421.000 417.630 416.148 420.378 414.979 421.349 420.695 418.190 421.540 416.528 420.754
520 592.000 548.460 554.126 548.090 545.468 547.434 547.956 548.610 542.914 547.964 544.081
521 422.000 428.520 430.059 430.903 428.819 430.058 424.211 424.835 431.055 428.634 426.813
522 473.000 493.163 490.527 481.936 484.038 490.009 473.077 474.645 486.400 479.201 486.860
523 567.000 580.644 574.319 590.681 565.521 553.250 571.343 563.437 579.734 575.233 585.069
524 425.000 414.612 429.751 412.682 415.217 425.707 421.942 409.346 425.852 414.898 417.946
525 429.000 445.668 443.740 444.341 443.757 448.646 444.960 443.628 425.674 450.816 429.285
526 351.000 344.350 345.955 345.452 342.812 344.679 350.793 345.395 343.260 347.832 343.516
527 416.000 417.131 420.377 420.237 417.751 420.138 420.324 418.216 420.941 420.062 420.017
528 354.000 349.237 352.679 348.581 348.999 350.764 347.301 349.584 348.078 350.382 345.895
529 524.000 525.276 519.156 523.505 524.089 512.528 525.365 520.477 518.240 513.189 519.488
530 334.000 353.629 345.031 345.540 346.244 348.143 343.452 344.080 342.851 349.410 347.090
531 462.000 437.169 448.672 441.803 439.906 447.326 452.554 450.116 448.837 445.636 439.529
532 477.000 444.380 449.273 438.059 466.671 455.842 447.539 432.697 465.503 450.845 464.158
533 528.000 495.197 489.843 492.176 523.548 500.992 518.879 513.971 523.229 522.559 516.490
534 335.000 339.654 334.458 334.106 337.202 336.120 333.895 335.811 336.983 338.164 337.222
535 323.000 331.942 332.138 318.970 343.233 329.485 341.653 332.733 335.143 334.793 336.834
536 412.000 417.363 412.832 415.094 420.704 415.592 419.266 426.390 414.008 419.756 423.660
537 551.000 564.781 563.553 560.269 558.376 561.657 570.211 567.055 566.086 562.097 564.314
538 406.000 396.024 396.376 400.421 397.234 399.925 397.363 399.414 406.164 395.647 398.578
539 502.000 513.686 510.458 507.478 526.083 526.007 516.842 519.197 518.790 513.847 508.378
540 415.000 410.549 413.823 416.896 408.413 408.453 403.782 409.117 405.551 410.244 406.074
541 336.000 333.303 336.002 333.104 335.270 333.041 334.785 333.435 335.979 333.712 333.555
542 312.000 319.668 320.680 320.289 320.977 322.008 322.745 317.271 319.945 315.405 319.212
543 330.000 332.680 332.812 333.412 335.173 333.768 334.928 334.203 332.969 333.549 335.456
544 508.000 466.613 462.652 461.548 468.918 440.684 464.018 461.745 450.040 451.093 466.908
545 588.000 598.197 599.616 591.994 589.164 571.398 592.026 589.225 581.556 587.066 587.522
546 410.000 434.306 433.623 430.350 434.477 428.664 431.290 434.298 423.884 422.093 431.967
547 540.000 535.393 537.040 535.442 541.524 537.769 531.009 525.885 544.942 541.909 534.336
548 362.000 358.561 375.789 370.952 369.204 367.443 380.901 373.946 374.694 374.699 371.578
549 404.000 405.007 407.246 405.689 402.323 403.928 405.084 408.200 406.090 404.920 405.202
550 370.000 367.375 364.922 365.045 368.180 366.334 366.194 365.847 367.138 368.586 366.178
551 482.000 437.644 429.870 446.662 457.460 439.439 463.478 434.819 443.817 449.901 424.891
552 398.000 403.615 404.463 401.517 407.602 400.375 401.454 403.624 401.408 405.267 401.339
553 466.000 461.775 453.825 454.863 458.442 469.195 471.629 469.872 444.788 455.572 460.372
554 405.000 406.790 403.223 405.075 401.795 404.874 403.543 403.426 404.336 406.481 405.106
555 576.000 561.208 556.164 558.075 554.983 534.061 549.252 542.117 550.695 558.377 554.888
556 457.000 414.360 413.222 413.203 411.554 411.356 413.448 412.288 411.321 413.114 414.304
557 478.000 456.420 457.454 458.386 461.168 460.924 453.596 461.098 456.019 457.475 454.330
558 431.000 438.205 448.270 443.464 446.771 441.938 445.992 442.540 443.972 446.276 434.848
559 411.000 356.365 352.716 355.866 358.757 352.731 348.086 355.872 345.283 350.356 349.053
560 409.000 404.232 402.938 408.885 407.136 406.765 408.715 408.510 403.151 406.152 403.079
561 375.000 431.257 454.751 400.436 428.478 441.868 411.444 393.877 442.712 447.758 412.099
562 400.000 407.395 402.201 416.071 420.530 426.316 407.984 407.059 412.385 404.531 396.592
563 331.000 326.182 325.730 327.484 326.343 326.223 324.242 325.578 326.055 325.515 324.704
564 412.000 401.234 400.726 416.393 402.761 409.647 418.797 397.376 396.920 399.212 403.727
565 485.000 478.119 488.292 497.240 485.183 490.465 490.851 490.174 484.361 495.008 489.708
566 407.000 421.884 422.305 424.333 421.145 420.764 419.010 416.378 419.757 425.178 422.438
567 405.000 410.317 404.919 407.668 394.005 408.858 413.022 403.530 406.259 405.401 406.043
568 406.000 401.168 401.533 402.510 403.956 401.591 403.490 403.458 404.036 401.796 401.932
569 342.000 337.435 341.679 340.206 335.768 340.150 336.732 337.221 336.401 335.567 332.902
570 321.000 321.972 320.896 323.741 320.867 321.224 321.296 321.306 324.605 322.472 321.863
571 361.000 367.517 364.787 366.698 369.147 366.143 364.470 367.948 367.832 362.887 366.897
572 387.000 385.538 383.915 384.491 385.135 383.626 384.055 388.954 384.518 385.384 386.753
573 323.000 321.926 320.427 319.327 317.429 321.765 319.227 320.880 320.394 321.758 319.221
574 390.000 391.317 407.403 386.538 393.388 396.028 389.579 401.135 389.245 400.734 402.759
575 440.000 450.074 451.150 450.393 451.863 438.153 456.905 446.776 440.066 451.875 436.148
576 332.000 362.470 356.298 355.905 359.613 360.175 364.384 371.658 359.756 356.849 362.364
577 456.000 462.619 455.007 460.641 461.527 460.578 456.406 460.530 461.053 462.841 460.598
578 488.000 437.834 443.343 419.029 427.191 420.397 431.900 433.889 414.887 433.600 436.043
579 332.000 357.918 342.565 337.759 343.838 342.875 339.103 345.303 339.822 340.344 336.395
580 316.000 322.076 324.224 325.642 324.026 328.555 322.611 323.603 330.605 331.382 316.517
581 459.000 436.892 430.846 436.595 425.997 431.357 428.787 436.315 433.380 428.278 430.229
582 335.000 324.527 327.105 326.308 328.562 327.092 325.000 324.945 326.912 325.967 324.744
583 332.000 332.366 332.712 337.529 332.256 337.550 322.266 333.823 331.322 334.047 334.355
584 459.000 458.820 463.021 458.756 461.770 464.228 464.076 465.163 455.596 471.899 459.120
585 396.000 408.795 408.940 408.551 408.985 411.059 405.161 410.703 407.957 407.663 412.769
586 489.000 497.901 496.566 492.314 495.037 500.899 497.181 495.873 491.331 495.396 494.181
587 417.000 420.236 429.214 424.545 423.311 427.909 423.126 428.154 420.438 427.069 427.850
588 404.000 405.892 405.278 404.889 405.548 403.272 405.012 405.970 405.805 406.566 402.735
589 400.000 421.390 416.122 419.505 419.688 419.365 424.565 419.840 419.785 422.292 420.440
590 357.000 347.857 349.652 341.770 351.974 349.468 349.387 349.854 350.811 349.667 348.275
591 437.000 472.361 482.933 459.554 479.437 476.691 473.911 455.623 476.123 482.087 448.616
592 542.000 568.561 554.126 571.117 573.114 576.945 569.161 570.731 571.959 566.526 568.369
593 419.000 423.692 424.167 425.174 425.915 424.956 423.689 425.247 417.458 427.764 424.203
594 350.000 354.918 358.541 354.538 363.267 361.658 353.953 357.343 358.385 355.520 358.071
595 424.000 441.796 439.935 440.823 443.191 441.232 442.640 442.786 440.494 437.980 439.398
596 443.000 467.419 453.966 439.157 450.904 450.388 453.175 448.604 428.968 438.631 433.802
597 439.000 429.025 431.206 430.244 430.239 429.368 423.711 430.921 429.980 432.691 428.435
598 324.000 315.632 315.705 314.491 315.601 316.782 315.236 315.638 315.821 314.896 315.607
599 311.000 315.946 338.464 327.458 325.380 320.211 324.395 319.393 320.028 326.526 320.036
600 331.000 331.680 334.325 334.662 336.885 337.198 331.926 332.595 338.120 332.075 334.356
601 428.000 416.873 407.574 412.405 410.603 408.902 412.940 407.490 409.677 411.032 409.831
602 400.000 432.756 433.976 433.260 432.546 416.304 421.539 435.128 432.665 431.514 435.596
603 309.000 308.399 311.093 310.028 312.942 308.329 308.682 307.208 310.003 313.328 309.498
604 375.000 373.664 369.520 372.874 370.375 372.373 375.570 373.509 372.211 377.236 375.114
605 450.000 426.081 424.626 432.897 429.950 431.677 427.810 423.466 424.333 425.045 428.275
606 388.000 384.083 383.573 394.486 383.926 388.667 393.075 377.850 391.195 384.690 386.448
607 323.000 325.350 324.292 323.966 331.480 333.634 327.581 335.218 322.707 333.413 330.840
608 448.000 439.321 440.693 434.491 436.866 437.699 438.626 436.684 431.944 432.727 439.079
609 372.000 370.393 371.293 371.023 367.847 368.782 370.375 360.467 371.096 361.631 370.112
610 328.000 316.872 323.318 319.319 316.830 318.828 317.271 322.261 320.363 320.221 315.547
611 460.000 453.679 452.964 448.525 454.192 453.748 452.601 449.238 455.322 448.970 445.830
612 504.000 502.022 508.995 516.866 521.523 503.893 503.178 503.686 496.691 501.042 495.094
613 433.000 447.695 447.517 447.110 448.613 449.914 452.528 446.783 451.554 438.395 444.660
614 564.000 564.929 565.961 568.564 570.179 567.889 560.110 555.504 567.848 565.258 557.681
615 439.000 397.594 398.985 385.128 392.885 413.859 387.832 386.852 388.270 392.142 371.570
616 440.000 445.439 442.075 437.243 435.334 443.445 448.835 438.975 436.574 439.870 450.969
617 484.000 489.093 496.344 491.409 483.943 485.913 494.964 486.700 490.343 489.179 507.849
618 396.000 395.566 407.288 410.466 403.608 403.814 411.066 399.901 410.879 407.632 403.645
619 435.000 407.011 397.471 408.464 408.632 417.202 414.005 410.626 402.882 409.417 410.048
620 397.000 399.192 436.169 409.048 415.782 396.705 449.809 398.706 407.371 427.922 402.714
621 420.000 419.124 419.116 419.391 419.522 420.586 417.428 421.534 422.513 424.147 417.005
622 408.000 407.856 423.287 387.972 445.234 415.448 388.163 405.410 395.029 403.952 435.968
623 437.000 428.583 438.829 421.461 441.156 440.922 432.400 434.220 435.202 430.055 435.123
624 406.000 401.021 410.555 397.080 388.507 392.071 396.481 409.412 394.794 375.090 384.953
625 393.000 407.930 412.327 412.789 408.675 416.126 384.610 416.091 406.947 406.351 415.514
626 452.000 424.570 435.199 432.094 424.839 432.185 431.795 424.063 432.082 421.837 431.090
627 466.000 445.456 450.085 459.661 444.315 450.549 445.033 451.324 451.207 451.563 447.667
628 410.000 425.593 416.029 416.119 421.346 418.020 412.771 416.379 416.879 408.786 416.717
629 447.000 447.920 442.573 437.203 444.424 433.079 443.670 442.195 440.852 443.532 444.526
630 487.000 455.688 468.427 458.566 454.071 449.885 457.992 458.186 475.469 465.079 448.909
631 420.000 427.486 427.788 433.834 424.988 433.897 433.895 433.022 428.052 435.728 423.201
632 565.000 565.527 556.742 572.934 561.462 561.358 567.349 565.341 561.594 564.637 567.558
633 309.000 316.915 314.148 315.635 321.519 318.418 317.733 321.098 316.107 313.810 315.634
634 437.000 442.948 437.769 431.116 443.811 445.976 443.118 448.271 440.547 443.237 444.371
635 481.000 486.941 478.037 485.791 490.137 483.162 487.436 481.872 485.481 487.314 478.157
636 390.000 392.388 396.912 394.236 401.162 392.152 393.320 390.972 401.848 394.057 395.526
637 329.000 323.910 322.124 324.629 322.311 324.738 321.235 324.707 323.184 324.719 322.720
638 349.000 346.745 349.550 346.243 350.121 351.224 348.844 350.684 349.650 350.947 351.528
639 336.000 333.639 331.860 332.506 332.733 333.146 334.105 331.018 335.310 332.831 332.022
640 550.000 531.359 535.285 515.795 536.484 534.441 540.135 528.051 517.177 532.564 535.052
641 315.000 312.949 314.852 314.546 312.962 316.488 309.842 316.877 313.652 310.524 313.838
642 420.000 427.195 432.844 428.703 429.790 430.481 422.070 418.284 424.147 429.396 429.295
643 466.000 473.104 460.652 461.342 465.347 469.070 449.183 463.624 465.540 467.753 469.605
644 315.000 323.817 315.048 322.750 320.606 338.223 315.032 318.840 317.314 323.573 321.605
645 345.000 356.408 353.488 357.800 360.300 349.674 353.288 354.788 357.904 352.566 361.772
646 451.000 440.840 438.566 432.058 436.055 438.105 440.637 442.242 430.487 437.431 440.436
647 337.000 397.865 401.145 404.730 369.287 401.075 392.355 426.764 414.399 412.328 426.975
648 439.000 421.159 412.721 423.224 425.222 417.134 421.519 420.704 416.602 418.296 421.620
649 330.000 321.938 321.770 320.566 320.026 320.715 319.615 318.954 325.815 321.449 319.953
650 538.000 535.400 538.499 531.397 524.957 535.927 530.667 537.077 532.244 534.237 530.508
651 326.000 349.119 338.781 333.311 348.185 341.152 334.005 335.695 341.699 340.292 333.157
652 392.000 390.302 389.583 398.702 403.391 404.700 412.578 399.559 383.316 422.144 401.688
653 366.000 378.293 372.203 372.479 370.626 385.039 359.396 372.707 382.279 359.370 363.504
654 318.000 325.772 331.519 321.090 323.622 327.146 322.491 322.986 321.597 322.616 330.695
655 561.000 514.329 530.177 533.270 530.011 509.486 509.563 530.125 529.151 510.711 531.112
656 436.000 445.964 436.706 454.214 442.490 440.977 438.251 444.750 438.877 428.695 438.177
657 463.000 453.653 463.367 446.085 462.589 461.084 465.672 456.960 443.804 460.968 456.908
658 348.000 353.567 359.162 358.751 355.352 350.795 355.573 353.881 357.539 354.366 355.978
659 313.000 315.309 316.941 319.261 316.485 317.072 316.180 315.434 319.413 315.631 315.681
660 451.000 437.572 447.112 435.878 435.851 439.062 456.992 435.823 441.308 437.708 438.323
661 384.000 409.599 408.421 412.789 394.458 397.396 414.114 397.820 404.332 401.435 403.190
662 459.000 461.226 460.848 458.486 458.652 460.327 450.861 458.122 458.119 458.300 468.366
663 421.000 364.602 360.594 364.158 356.845 367.890 366.851 359.642 364.186 372.618 370.329
664 481.000 462.452 466.330 467.865 453.045 460.525 467.880 464.795 465.753 464.821 464.501
665 320.000 321.275 320.896 325.816 319.978 321.224 321.452 320.112 321.208 322.472 321.111
666 310.000 312.340 312.399 318.014 326.561 307.377 315.043 318.120 328.324 324.474 320.737
667 402.000 403.717 402.801 405.704 403.409 405.364 404.287 405.698 402.969 405.230 405.067
668 530.000 437.504 436.973 431.386 441.979 446.711 439.039 435.298 449.214 436.312 444.603
669 583.000 556.148 554.630 554.161 556.531 544.026 559.317 565.314 556.845 554.904 557.048
670 421.000 421.432 421.641 424.226 424.725 422.412 425.109 422.640 422.803 420.249 426.176
671 415.000 420.237 419.692 420.419 420.719 419.733 420.343 421.088 420.685 421.121 421.000
672 387.000 389.864 389.757 394.081 396.613 389.679 389.634 393.100 389.304 392.740 393.363
673 584.000 560.747 557.219 565.880 551.515 534.361 558.160 552.675 553.536 556.235 544.876
674 307.000 338.348 332.706 335.994 338.032 336.573 336.990 337.834 340.263 337.877 338.831
675 424.000 413.878 415.913 414.238 415.226 415.351 414.077 414.222 408.203 418.305 410.277
676 449.000 437.484 443.164 441.817 457.252 435.293 444.102 445.201 449.236 444.666 468.354
677 610.000 480.573 479.565 475.839 484.092 488.584 479.390 469.659 487.753 475.709 465.645
678 505.000 517.322 511.232 517.962 513.038 512.634 518.736 522.617 516.755 515.841 518.553
679 408.000 404.799 402.095 404.564 403.640 403.351 404.569 405.295 402.647 405.681 405.280
680 377.000 364.928 368.677 363.997 376.321 363.356 371.508 367.983 371.271 372.408 364.901
681 502.000 426.376 415.310 435.673 419.366 456.174 443.336 452.321 443.171 443.801 421.899
682 319.000 331.269 328.108 320.463 327.946 318.417 320.442 311.763 331.817 314.734 319.644
683 394.000 400.379 397.908 400.128 400.517 402.362 403.117 397.922 401.920 405.029 398.032
684 290.000 324.932 317.006 313.553 328.966 317.632 324.881 314.871 316.084 316.185 313.355
685 407.000 420.301 422.048 419.817 423.423 420.567 419.640 412.288 420.833 419.608 421.007
686 444.000 423.204 422.415 420.002 429.287 424.433 422.272 424.405 428.833 427.593 427.513
687 322.000 322.452 320.663 323.874 320.443 319.063 322.495 323.099 326.473 316.340 321.283
688 331.000 332.376 329.763 327.903 327.964 326.157 328.292 325.668 331.203 328.344 333.695
689 402.000 408.662 399.391 403.303 405.322 414.043 405.336 400.876 398.310 414.062 401.874
690 320.000 321.594 320.141 322.214 322.762 324.481 325.198 320.180 325.077 320.658 320.393
691 386.000 377.752 376.899 376.046 375.359 377.111 377.321 373.939 385.001 382.554 380.544
692 364.000 413.910 419.175 405.612 409.346 414.453 413.228 418.236 419.569 410.320 421.583
693 328.000 319.780 319.947 324.856 321.765 319.881 320.307 322.718 323.270 318.597 315.219
694 312.000 316.991 315.663 321.998 325.702 317.484 322.472 314.643 326.646 321.658 320.237
695 378.000 364.502 366.789 365.297 363.320 367.203 366.292 362.048 366.267 360.364 363.340
696 331.000 329.970 331.285 328.887 330.018 329.381 330.422 326.807 333.412 328.779 334.323
697 330.000 340.463 349.217 350.651 352.045 348.776 353.953 345.759 351.866 346.224 342.788
698 451.000 439.501 439.600 442.788 441.713 442.066 445.396 433.457 436.848 448.916 439.613
699 313.000 342.225 351.351 348.012 347.513 345.326 352.925 356.652 356.779 345.268 343.048
700 408.000 414.352 415.063 415.225 411.175 413.119 414.874 411.968 413.974 415.768 415.484
701 440.000 437.391 430.761 433.003 439.200 436.747 437.595 440.414 436.619 435.835 436.970
702 375.000 387.286 384.759 381.855 385.733 378.408 387.345 374.822 385.374 379.254 379.890
703 462.000 457.456 449.893 450.638 452.664 448.490 452.252 452.621 450.194 455.398 454.713
704 450.000 449.480 414.379 431.612 444.746 433.315 435.347 443.550 450.664 452.242 437.581
705 417.000 411.052 413.573 411.529 412.728 410.534 413.770 413.522 411.077 415.029 412.144
706 452.000 431.328 440.989 440.418 435.718 437.974 436.877 435.158 450.531 433.031 451.149
707 526.000 524.383 525.955 536.503 530.759 516.145 523.774 524.434 507.543 523.761 523.086
708 460.000 444.783 450.772 452.717 451.314 439.927 443.694 439.633 443.827 456.597 444.730
709 428.000 437.273 433.587 437.705 441.251 442.709 440.226 441.414 432.521 438.015 443.941
710 310.000 369.192 369.014 382.035 363.559 369.027 349.618 348.554 318.290 330.814 333.718
711 412.000 417.065 419.071 414.915 412.602 416.986 419.134 410.911 407.737 411.256 408.063
712 320.000 355.090 336.249 345.851 338.251 355.789 341.001 330.888 349.978 347.163 360.859
713 468.000 484.888 485.435 481.504 470.509 472.997 475.304 481.599 484.891 480.013 481.231
714 316.000 340.424 336.879 364.464 342.142 342.366 339.970 339.122 337.307 333.942 344.137
715 602.000 595.332 593.518 585.946 600.439 595.322 592.340 598.300 590.053 593.544 596.784
716 328.000 348.316 350.490 349.257 368.331 351.985 350.097 346.134 346.363 354.466 357.828
717 579.000 541.195 537.242 535.867 538.702 569.093 537.324 536.166 536.711 537.708 535.139
718 354.000 342.260 345.811 339.070 339.330 342.568 344.106 342.654 341.227 341.227 344.333
