data_index logt12.observed logt12.predicted.repeat1 logt12.predicted.repeat2 logt12.predicted.repeat3 logt12.predicted.repeat4 logt12.predicted.repeat5 logt12.predicted.repeat6 logt12.predicted.repeat7 logt12.predicted.repeat8 logt12.predicted.repeat9 logt12.predicted.repeat10
1 4.702 4.413 4.504 4.591 4.458 4.491 4.427 4.351 4.440 4.480 4.484
2 4.724 4.712 4.752 4.779 4.817 4.745 4.783 4.676 4.793 4.753 4.723
3 3.525 3.308 3.422 3.977 3.613 3.381 3.851 3.627 2.946 3.888 3.397
4 5.414 3.760 3.777 3.960 4.113 3.659 3.862 3.871 3.928 3.742 3.970
5 4.632 5.486 5.518 5.369 4.816 5.221 5.339 5.154 5.318 5.392 5.420
6 4.475 3.797 3.801 3.876 3.983 3.917 3.804 3.878 3.875 4.229 3.893
7 0.088 3.014 3.263 3.468 3.370 3.281 3.301 3.230 3.010 3.350 3.354
8 2.475 2.953 2.775 3.178 2.774 2.977 3.124 2.958 2.887 3.151 2.960
9 4.763 4.993 5.001 5.060 5.127 4.970 4.949 5.151 5.043 5.141 4.651
10 4.721 4.160 4.739 4.243 4.158 4.144 4.325 4.547 3.675 4.524 4.342
11 5.635 5.156 5.031 5.318 5.033 5.004 5.122 4.837 5.301 5.124 5.103
12 0.776 1.870 1.829 2.095 2.976 2.108 2.351 2.475 2.108 2.156 1.670
13 3.984 3.234 3.351 3.797 3.782 3.320 3.824 3.377 3.303 3.653 3.541
14 0.255 2.355 2.254 2.398 3.266 2.141 2.776 2.324 2.390 2.467 2.166
15 5.016 4.580 4.575 4.656 4.503 4.695 4.543 4.615 4.645 4.539 4.662
16 5.083 5.536 5.201 5.456 5.098 5.342 5.448 5.509 5.598 5.524 5.561
17 4.758 4.639 4.663 4.740 4.642 4.656 4.662 4.677 4.672 4.724 4.645
18 4.565 4.858 4.750 4.814 4.984 4.812 4.856 4.724 4.868 4.909 4.722
19 5.846 3.551 3.441 3.438 3.650 3.467 3.395 3.617 3.540 3.465 3.416
20 5.048 4.870 5.203 5.485 5.286 5.421 5.379 4.845 5.237 5.380 5.902
21 5.336 5.783 5.593 5.603 5.743 5.530 5.437 5.876 5.728 5.512 5.689
22 4.782 4.401 4.278 4.433 4.498 4.551 4.195 4.203 4.317 4.426 4.316
23 6.101 5.270 5.276 4.612 5.306 5.257 5.384 5.222 5.245 5.150 5.215
24 4.999 6.526 6.524 6.665 6.717 6.503 6.839 6.607 6.509 6.660 6.519
25 0.325 3.409 3.116 3.177 3.357 3.110 3.497 3.354 3.372 3.041 3.140
26 5.580 5.586 5.488 5.609 5.683 5.707 5.621 5.704 5.505 5.797 5.588
27 4.196 3.085 3.237 3.095 3.006 3.120 3.049 3.395 3.153 2.934 3.193
28 3.147 3.001 3.171 3.397 3.171 3.202 3.189 3.221 3.533 3.346 3.152
29 4.459 4.560 4.501 4.727 4.347 3.953 4.327 4.546 4.630 4.348 4.240
30 4.712 4.748 4.616 4.670 4.557 4.222 4.501 4.376 4.299 4.455 4.503
31 4.228 5.231 5.251 5.352 5.348 5.248 5.198 5.273 5.354 5.272 5.237
32 4.459 4.302 4.354 4.386 4.466 4.459 4.294 4.325 4.331 4.319 4.331
33 5.033 5.226 5.085 5.179 5.066 5.111 5.090 5.168 5.083 5.129 5.028
34 5.520 5.386 5.569 5.380 5.491 5.517 5.471 5.495 5.402 5.509 5.551
35 5.093 2.616 3.014 2.897 2.742 2.730 2.815 2.716 2.899 2.766 2.854
36 1.105 2.366 2.652 2.610 2.321 2.501 2.718 2.605 2.263 2.677 2.189
37 2.824 2.965 3.327 3.229 3.106 3.608 3.351 3.034 2.945 3.070 3.514
38 4.673 4.916 4.891 4.987 4.933 4.976 4.923 4.902 4.659 4.778 4.885
39 1.358 2.295 2.281 2.163 2.501 2.408 2.541 2.585 2.526 2.400 2.384
40 4.635 2.907 2.917 2.796 2.868 2.796 2.793 2.865 2.972 2.861 2.943
41 1.857 3.452 3.369 3.444 3.441 3.413 4.609 3.409 4.395 4.508 3.340
42 4.779 4.913 4.891 5.057 4.785 4.809 4.688 4.913 4.925 4.897 4.911
43 4.605 4.738 4.680 4.730 4.609 4.743 4.725 4.744 4.616 4.714 4.682
44 3.598 5.505 5.535 5.502 5.497 5.433 5.604 5.524 5.541 5.485 5.446
45 6.092 5.991 5.912 5.298 5.992 5.965 5.935 5.850 5.878 5.733 5.973
46 5.806 5.300 5.264 5.380 5.360 5.273 5.328 5.283 5.559 5.297 5.262
47 6.190 5.483 5.414 5.701 5.391 5.313 5.387 5.512 5.535 5.544 5.768
48 4.878 4.790 4.753 4.765 4.800 4.753 4.752 4.757 4.763 4.764 4.752
49 9.159 7.615 7.919 7.910 5.927 7.930 7.722 7.707 7.792 7.822 7.808
50 2.542 2.828 2.887 2.830 2.670 2.868 2.766 2.838 2.800 2.784 2.756
51 4.146 2.825 3.402 2.874 2.920 2.996 2.946 3.000 2.922 3.010 3.081
52 2.857 3.086 4.205 4.196 4.219 4.193 4.244 4.054 4.092 4.180 4.217
53 4.598 4.821 5.086 5.172 4.782 4.885 5.040 5.362 5.295 5.072 5.087
54 4.732 4.516 4.514 4.561 4.538 4.600 4.447 4.560 4.675 4.705 4.634
55 3.835 4.477 4.331 4.107 4.364 4.392 4.345 4.450 4.220 4.671 4.461
56 6.946 6.156 6.202 6.223 6.108 6.251 6.287 6.439 6.091 6.208 6.156
57 2.208 3.276 3.502 3.717 3.700 3.753 4.039 3.847 3.696 3.178 3.611
58 4.741 4.819 4.756 4.921 4.883 4.905 4.769 4.791 4.796 4.810 4.795
59 4.951 4.444 4.368 4.520 4.501 4.564 4.333 4.496 4.327 4.463 4.470
60 2.235 3.337 3.501 2.997 3.616 3.299 3.326 3.238 3.452 3.411 3.226
61 4.858 5.338 5.150 5.439 5.370 5.417 5.345 5.286 5.373 5.354 5.356
62 4.857 4.707 4.822 4.587 4.478 4.667 4.642 4.657 4.976 4.444 4.864
63 6.982 6.575 6.563 6.710 6.702 6.012 6.295 6.387 6.683 6.549 6.792
64 6.083 4.675 4.862 4.690 4.497 4.174 4.680 4.836 4.968 4.468 4.721
65 4.561 4.827 4.869 4.928 4.871 4.898 4.787 4.796 4.800 4.818 4.914
66 3.561 2.776 3.366 3.396 3.559 3.357 3.538 2.871 3.443 3.407 3.693
67 4.635 5.862 5.849 6.001 5.892 5.842 5.938 5.862 5.873 6.050 5.877
68 2.954 4.354 4.864 4.876 4.831 4.822 4.851 4.855 4.345 4.858 4.871
69 5.617 6.183 6.119 6.189 6.141 6.141 6.148 6.286 5.947 6.405 6.217
70 5.505 4.485 3.853 3.828 3.960 3.858 3.796 3.872 4.494 3.919 3.896
71 7.960 7.341 7.408 7.433 5.562 7.389 7.419 7.538 7.322 7.388 7.192
72 4.028 4.503 4.901 4.801 4.843 4.673 4.928 4.512 4.662 4.807 4.749
73 4.511 6.093 5.688 6.155 5.739 6.046 6.051 5.689 6.081 6.044 5.878
74 6.519 4.081 4.513 4.074 4.183 4.300 4.282 4.516 4.416 4.334 4.258
75 6.261 5.312 5.898 5.815 6.117 5.876 5.973 5.894 5.793 5.852 5.896
76 4.365 2.992 2.744 2.757 2.699 2.862 2.727 2.700 2.881 2.880 2.752
77 2.760 4.147 4.139 4.070 4.212 4.286 4.425 4.243 4.151 4.138 4.199
78 4.104 3.675 4.021 3.909 4.265 4.408 4.016 4.022 3.913 4.018 3.982
79 4.359 4.514 4.113 4.185 4.120 4.061 3.988 4.101 3.714 4.308 4.072
80 2.679 2.558 2.558 2.642 2.587 2.570 2.585 2.726 2.595 2.616 2.594
81 2.631 2.586 3.204 2.794 3.125 3.424 2.822 3.347 2.907 3.116 2.833
82 1.182 3.670 3.744 3.773 3.616 3.158 3.666 3.570 3.663 3.567 3.404
83 5.177 4.901 5.279 5.004 5.196 5.144 5.189 5.197 5.270 5.114 5.334
84 4.515 3.748 3.934 3.985 3.952 4.694 3.911 3.922 4.557 4.071 4.639
85 1.196 2.156 2.291 2.274 2.299 2.293 2.224 2.229 2.527 2.362 2.640
86 5.064 2.616 3.323 3.342 3.157 3.276 3.335 2.689 3.455 3.341 3.313
87 4.861 2.971 2.807 2.641 2.900 3.107 2.733 2.901 2.926 2.858 2.988
88 5.190 3.234 3.400 3.333 3.250 3.352 3.331 3.159 4.822 3.312 3.310
89 3.787 3.973 4.228 4.343 4.141 4.374 3.556 4.035 3.688 4.232 4.247
90 0.255 3.515 3.152 3.624 3.711 3.776 3.746 3.572 3.392 3.485 3.490
91 2.954 4.419 4.369 4.392 4.540 4.102 4.058 3.953 4.215 4.249 4.184
92 2.682 2.080 2.126 1.937 1.954 1.970 2.251 2.125 2.063 2.015 2.079
93 1.033 3.352 3.428 3.505 3.270 3.343 4.451 3.500 4.200 4.366 3.425
94 6.167 6.034 6.098 5.655 5.701 6.039 6.036 6.216 6.125 6.201 6.066
95 3.250 4.679 4.491 4.757 4.673 4.532 4.589 4.688 4.699 4.509 4.579
96 4.804 4.117 4.169 3.865 4.017 4.223 4.036 4.195 3.710 4.100 4.306
97 4.183 2.775 2.859 2.767 2.805 2.879 2.791 2.725 2.778 2.955 2.765
98 2.001 2.969 2.723 2.904 2.925 2.766 3.104 2.753 2.930 2.738 2.620
99 4.529 3.188 3.000 3.114 3.104 3.055 3.359 3.186 2.821 3.205 2.983
100 6.056 5.820 5.881 5.855 5.859 5.846 5.865 5.869 5.878 5.719 5.950
101 5.700 5.675 5.751 5.682 5.699 5.768 5.704 5.680 5.669 6.203 5.727
102 5.937 5.897 5.930 5.856 5.982 5.812 5.963 6.085 5.863 6.062 5.811
103 4.954 5.210 5.195 5.249 5.113 5.210 5.094 5.149 5.103 5.314 5.077
104 4.008 2.880 2.817 2.663 2.978 2.807 2.934 2.881 2.762 2.923 2.746
105 6.799 6.108 6.180 6.117 6.295 6.216 6.102 6.095 6.208 6.229 6.097
106 5.317 5.359 5.303 5.320 5.365 5.311 5.365 5.390 5.335 5.000 5.307
107 5.556 5.461 5.490 5.545 5.525 5.481 5.935 5.473 5.449 5.551 5.470
108 7.898 5.854 5.932 5.693 5.665 5.882 5.842 5.800 5.865 5.728 5.851
109 5.749 4.886 4.827 4.930 5.067 4.866 4.840 4.853 4.862 4.895 5.108
110 5.978 5.859 5.887 6.358 5.835 5.870 5.605 5.853 5.889 5.928 5.831
111 4.883 4.740 4.571 4.743 4.733 4.759 4.609 4.769 4.716 4.683 4.716
112 3.404 4.237 4.224 4.119 4.270 4.339 4.261 4.233 4.300 4.276 4.191
113 4.405 4.626 4.177 4.173 4.209 4.153 4.160 4.302 4.081 4.280 4.474
114 4.401 4.895 4.794 4.702 4.860 4.709 4.753 4.956 4.844 4.667 4.717
115 4.414 4.172 3.073 3.096 3.109 3.104 3.262 3.366 3.097 3.032 3.006
116 4.297 3.417 3.680 3.848 4.177 3.721 3.613 3.331 3.451 3.575 3.928
117 4.113 3.992 3.420 3.973 3.734 3.460 3.913 3.945 3.703 3.345 3.963
118 4.376 3.166 3.654 3.816 3.173 3.415 3.476 3.097 3.274 3.436 3.242
119 1.653 3.662 3.680 3.945 4.016 4.177 3.973 4.018 3.755 3.820 3.943
