data_index logt12.observed logt12.predicted.repeat1 logt12.predicted.repeat2 logt12.predicted.repeat3 logt12.predicted.repeat4 logt12.predicted.repeat5 logt12.predicted.repeat6 logt12.predicted.repeat7 logt12.predicted.repeat8 logt12.predicted.repeat9 logt12.predicted.repeat10
1 0.088 2.281 2.230 2.561 2.334 2.422 2.351 2.205 2.171 2.317 2.299
2 0.255 2.829 2.779 2.792 2.941 2.946 2.729 3.142 2.705 2.683 2.627
3 0.325 4.375 4.049 4.403 4.382 4.243 4.300 3.843 4.340 4.371 4.617
4 1.105 2.886 2.703 2.651 2.698 2.701 2.789 3.431 2.734 2.594 2.912
5 1.182 2.027 1.915 2.283 2.229 2.312 2.230 2.197 2.150 2.182 2.198
6 1.196 2.651 2.400 2.943 2.516 2.434 2.433 3.323 2.555 2.379 2.474
7 1.358 2.587 2.592 2.906 2.446 2.669 2.642 2.413 2.303 2.502 2.591
8 1.653 4.227 4.299 4.172 4.269 4.334 4.264 4.222 4.161 4.233 4.212
9 2.208 3.208 2.497 2.775 2.677 2.762 3.098 2.736 2.840 2.843 2.829
10 2.235 3.218 3.214 3.142 3.078 3.295 3.646 3.193 3.313 2.943 3.216
11 2.381 2.957 2.958 2.957 2.957 2.958 2.957 2.958 2.958 2.958 2.957
12 2.408 3.565 3.516 3.632 3.502 2.653 3.563 3.495 3.330 3.458 3.223
13 2.542 3.428 3.619 3.664 3.569 3.588 3.513 3.711 3.809 3.438 3.922
14 2.631 4.196 4.305 4.007 4.411 4.114 4.338 3.976 4.453 4.310 3.996
15 2.679 2.869 3.138 3.021 2.935 2.772 2.818 2.938 3.410 3.164 2.793
16 2.682 2.197 2.289 2.443 2.656 2.601 2.524 2.426 2.525 2.426 2.922
17 2.760 4.749 4.759 4.469 4.472 4.677 4.590 4.641 4.508 4.465 4.638
18 2.857 2.582 2.511 2.527 2.481 2.640 2.481 2.514 2.597 2.596 2.914
19 2.954 5.489 5.575 5.680 5.266 5.413 5.455 5.695 5.465 5.113 5.341
20 2.954 3.241 3.431 3.197 3.312 4.093 3.361 3.806 4.067 3.103 3.183
21 3.147 4.210 4.046 4.086 4.230 3.964 4.502 4.075 4.233 4.342 4.304
22 3.250 3.865 3.588 3.617 3.845 4.463 3.930 3.814 4.421 3.744 3.884
23 3.404 4.566 4.494 4.094 4.422 4.541 4.462 4.495 3.934 4.329 4.485
24 3.561 3.894 3.498 3.057 3.040 3.475 3.160 3.221 3.615 3.599 3.409
25 3.787 3.228 3.526 3.498 3.320 3.481 3.155 3.447 3.048 3.456 3.563
26 4.003 4.214 4.097 4.125 4.108 4.186 3.916 4.140 4.141 4.138 4.073
27 4.028 4.982 5.088 5.020 4.965 5.052 5.023 4.861 5.092 4.988 5.010
28 4.104 3.797 3.889 3.722 3.661 3.632 4.351 4.281 3.874 3.808 3.816
29 4.113 4.241 4.108 4.014 4.188 4.369 4.274 4.209 4.374 4.270 4.275
30 4.146 3.425 3.420 3.578 3.136 3.099 3.583 3.581 3.077 3.587 3.506
31 4.183 3.324 3.335 3.420 3.262 3.227 3.184 3.462 2.845 3.431 3.313
32 4.196 2.657 3.325 2.906 2.780 2.749 2.990 2.992 2.430 2.384 2.697
33 4.228 5.148 5.372 5.524 4.978 5.163 5.380 5.030 5.266 5.015 5.248
34 4.297 4.762 4.807 4.738 4.752 4.819 4.300 4.745 4.783 4.767 4.286
35 4.359 4.069 4.033 3.850 4.068 4.243 3.980 4.114 3.707 4.005 4.350
36 4.376 3.719 3.530 3.730 3.839 3.298 3.494 3.578 3.273 3.489 3.920
37 4.401 4.637 4.619 4.481 4.955 4.665 4.526 4.605 4.464 4.402 4.676
38 4.401 5.503 5.386 5.116 5.424 5.631 5.477 5.324 5.213 5.261 5.165
39 4.405 4.168 3.995 4.071 4.020 4.245 4.040 4.194 3.980 4.148 4.229
40 4.414 3.353 3.349 3.296 3.452 3.001 3.257 3.601 3.005 3.346 3.550
41 4.459 3.562 4.464 4.306 4.445 3.704 4.425 4.313 4.506 4.393 4.383
42 4.459 5.024 4.600 4.915 4.564 4.501 4.509 4.540 4.477 4.593 5.057
43 4.500 3.543 3.612 3.665 3.649 3.637 3.401 3.208 3.320 3.423 3.442
44 4.511 4.710 4.757 4.586 4.219 4.841 4.848 4.766 5.025 4.749 4.767
45 4.561 4.922 4.728 4.763 4.442 4.659 4.693 4.687 4.854 4.915 4.689
46 4.565 4.436 4.269 4.170 4.329 4.359 4.150 4.224 4.424 4.364 4.110
47 4.598 5.038 4.888 5.007 4.718 4.981 4.871 5.112 5.641 4.841 4.953
48 4.605 3.776 3.552 3.464 3.524 3.214 3.466 3.475 3.642 3.312 3.521
49 4.613 4.189 4.144 4.435 4.429 4.409 4.112 4.466 4.190 4.377 4.541
50 4.635 5.522 5.517 5.503 4.906 5.591 5.501 5.421 5.638 5.530 5.320
51 4.673 4.255 4.535 4.289 4.203 4.126 4.278 4.178 4.178 4.209 3.918
52 4.702 3.468 3.496 3.549 3.844 3.500 3.832 3.367 3.714 3.197 3.546
53 4.712 3.604 4.195 4.212 4.109 3.862 4.195 4.244 4.264 4.185 4.387
54 4.732 5.184 5.164 5.460 5.013 5.162 5.144 5.181 5.141 5.333 5.471
55 4.741 4.774 4.379 4.548 4.546 4.674 4.528 4.600 4.907 4.549 4.620
56 4.758 4.942 4.696 5.004 4.865 4.720 5.018 4.751 4.842 4.849 4.823
57 4.779 4.015 4.074 4.348 4.235 4.100 4.006 4.358 4.035 4.133 4.301
58 4.804 3.677 3.737 4.113 3.652 3.632 3.705 3.773 3.928 3.693 3.639
59 4.857 4.526 4.456 4.521 4.511 4.581 4.481 4.580 4.504 4.554 4.210
60 4.858 5.587 5.764 5.687 5.506 5.390 5.549 5.530 5.442 5.299 5.351
61 4.861 2.997 3.174 3.365 2.975 3.176 2.988 3.246 3.004 2.860 2.942
62 4.878 4.604 4.517 4.388 4.495 4.660 4.393 4.508 4.418 4.125 4.460
63 4.951 4.778 4.963 5.012 4.949 4.916 5.012 4.876 4.900 4.807 4.405
64 4.954 5.489 5.482 5.411 5.133 5.346 5.485 5.440 6.160 5.462 5.498
65 4.988 4.290 4.133 5.201 4.859 4.676 4.541 4.515 4.138 4.624 4.344
66 4.999 5.497 5.495 5.451 5.675 5.558 6.084 5.484 5.944 5.588 5.201
67 5.033 4.737 4.841 4.712 4.805 4.839 4.717 4.735 4.803 4.305 4.759
68 5.064 3.069 2.810 2.810 2.919 3.054 2.928 2.733 2.836 2.708 3.175
69 5.093 3.244 3.206 2.869 3.291 3.319 3.365 3.299 2.868 2.893 2.991
70 5.177 4.370 4.629 4.571 4.621 4.655 4.244 4.424 4.575 4.981 4.468
71 5.317 6.192 6.278 6.272 6.087 6.232 6.146 6.238 6.247 6.199 6.345
72 5.414 2.401 2.432 2.848 2.414 2.447 2.264 2.032 2.405 2.442 2.423
73 5.505 4.636 4.497 4.214 4.359 4.591 5.278 4.484 4.809 4.271 4.461
74 5.520 4.922 4.998 5.100 5.122 5.108 5.220 5.139 4.991 5.112 5.192
75 5.700 4.918 4.773 4.991 4.914 4.908 4.904 5.270 5.204 5.218 5.000
76 5.749 4.995 4.760 5.274 4.659 4.715 5.228 4.989 4.989 5.156 4.964
77 5.937 5.267 5.390 5.129 5.274 5.379 5.365 5.216 5.902 5.284 5.525
78 5.978 5.432 5.201 5.152 5.122 4.972 5.485 5.328 5.540 5.389 5.438
79 6.167 5.418 5.360 5.190 5.298 5.429 5.375 5.247 4.737 5.394 5.389
80 6.190 4.277 4.301 4.647 4.577 4.536 4.763 4.286 4.778 4.661 4.648
81 6.519 6.338 6.716 6.555 6.423 6.370 6.403 6.086 5.639 6.460 6.317
82 6.644 3.219 3.444 3.421 3.475 3.493 3.363 3.283 3.436 3.354 3.224
83 6.799 6.275 6.049 5.975 5.857 6.035 6.103 5.926 6.253 6.275 5.682
84 6.946 5.756 5.849 5.743 5.767 5.926 6.015 5.958 5.330 5.970 5.688
85 6.982 5.151 5.125 5.334 4.965 4.869 5.224 5.401 4.627 5.402 5.361
86 7.960 6.794 6.584 6.545 6.641 6.745 6.811 6.855 6.352 7.092 6.503
