data_index Htime.observed Htime.predicted.repeat1 Htime.predicted.repeat2 Htime.predicted.repeat3 Htime.predicted.repeat4 Htime.predicted.repeat5 Htime.predicted.repeat6 Htime.predicted.repeat7 Htime.predicted.repeat8 Htime.predicted.repeat9 Htime.predicted.repeat10
1 4.857 4.806 4.798 4.715 4.709 4.605 4.786 4.667 4.716 4.731 4.738
2 2.679 3.651 3.547 3.429 3.679 3.487 3.591 3.453 3.706 3.458 3.434
3 4.721 3.874 3.863 3.864 3.916 4.126 3.827 4.026 4.005 3.790 3.771
4 4.999 5.615 5.953 5.911 5.835 5.891 5.775 5.829 5.872 5.881 5.864
5 2.954 5.272 5.262 5.183 5.348 5.208 5.253 5.267 5.170 5.216 5.354
6 4.732 4.797 4.805 4.718 4.855 4.740 4.811 4.881 4.703 4.786 4.805
7 2.542 3.669 3.504 3.582 3.247 3.389 3.362 3.631 3.527 3.534 3.537
8 4.437 4.575 4.613 4.584 4.643 4.841 4.670 4.511 4.547 4.665 4.602
9 4.511 4.853 4.930 4.743 4.799 5.123 4.895 4.966 4.979 4.732 5.111
10 4.561 4.734 4.808 4.761 4.804 4.754 4.818 4.741 4.825 4.733 4.769
11 4.515 1.991 1.504 1.615 1.521 1.617 1.465 1.790 2.376 2.584 1.832
12 6.033 5.220 4.995 5.072 5.034 4.849 5.074 5.107 5.114 5.007 5.099
13 4.401 4.755 4.642 4.765 4.834 4.806 4.748 4.808 4.837 4.848 4.851
14 4.565 4.809 4.762 4.803 4.759 4.748 4.771 4.783 4.637 4.724 4.753
15 4.500 3.163 3.305 3.007 3.327 3.050 3.212 3.175 3.260 3.045 3.206
16 4.459 4.680 4.687 4.618 4.536 4.718 4.640 4.746 4.624 4.686 4.760
17 4.782 5.415 5.765 5.503 5.568 5.766 5.445 5.604 5.439 5.400 5.653
18 6.644 4.557 4.743 4.663 4.586 4.703 4.612 4.496 4.581 4.633 4.387
19 4.008 4.275 4.190 4.592 4.305 4.007 4.237 4.037 4.310 4.095 4.240
20 5.749 5.173 5.264 5.252 5.558 5.190 5.303 5.416 5.349 5.285 5.232
21 2.954 4.272 4.298 4.483 4.255 4.371 4.455 4.203 4.197 4.385 4.391
22 4.724 4.768 4.794 4.768 4.762 4.701 4.732 4.773 4.736 4.780 4.797
23 4.861 3.829 3.416 3.541 3.386 3.662 3.827 3.735 3.594 3.567 3.518
24 9.159 6.167 6.244 6.114 6.334 6.272 6.183 6.266 6.256 6.245 6.337
25 2.824 2.958 3.168 2.775 3.284 3.108 3.262 3.083 3.169 3.071 3.195
26 2.235 3.349 3.206 3.400 3.270 2.885 3.174 2.947 3.146 3.144 3.228
27 3.787 3.891 3.920 3.869 3.896 3.962 3.875 3.999 4.125 3.961 3.972
28 -0.165 1.661 1.479 1.526 1.462 1.345 1.399 1.572 1.634 1.388 1.437
29 4.365 3.343 3.186 3.097 3.266 3.438 3.320 3.262 3.237 3.408 3.198
30 6.982 5.472 5.373 5.381 5.421 5.458 5.453 5.375 5.526 5.361 5.325
31 5.556 4.874 4.950 5.031 4.769 4.811 4.880 4.860 4.773 4.851 5.168
32 4.605 4.648 4.690 4.595 4.712 4.414 4.589 4.627 4.557 4.561 4.783
33 2.381 3.290 3.102 3.225 3.154 2.959 3.205 3.272 3.125 3.414 3.359
34 5.016 4.375 4.255 4.310 4.572 4.340 4.395 4.351 4.475 4.580 4.439
35 0.255 4.615 3.717 3.681 4.113 4.023 3.919 3.882 4.097 4.421 4.259
36 5.937 5.637 5.491 5.712 5.530 5.473 5.521 5.830 5.627 5.509 5.265
37 1.196 2.855 2.816 2.947 3.134 3.129 2.875 2.969 2.910 3.455 2.970
38 2.475 0.826 1.168 1.062 0.874 1.182 1.002 0.975 1.048 1.670 0.743
39 3.525 4.534 4.539 4.628 4.379 4.430 4.561 4.591 4.507 4.508 4.320
40 6.946 5.464 5.320 5.543 5.667 5.485 5.488 5.358 5.390 5.320 5.346
41 6.519 5.055 4.922 5.023 5.307 5.214 5.204 5.218 5.199 5.123 5.036
42 2.001 3.040 2.934 2.744 2.896 3.176 2.831 3.057 2.945 2.984 2.751
43 6.167 5.236 5.036 5.112 5.296 5.267 5.436 5.079 5.139 5.424 5.040
44 4.459 4.418 4.469 4.387 4.401 4.441 4.557 4.377 4.367 4.408 4.403
45 4.673 4.618 4.555 4.673 4.750 4.782 4.970 4.644 4.586 4.722 4.800
46 5.617 5.121 5.084 5.041 5.077 5.106 5.002 5.100 5.084 4.835 5.079
47 1.358 2.771 2.566 2.783 2.833 2.855 2.500 2.747 2.948 3.343 2.734
48 4.228 4.841 4.930 4.904 4.827 4.955 4.883 4.991 4.948 4.996 4.996
49 4.475 5.074 5.021 4.993 5.025 5.150 4.994 4.958 4.970 4.986 4.928
50 2.682 2.631 2.328 2.342 2.345 2.618 2.351 2.697 2.445 2.513 2.640
51 4.297 4.414 3.909 4.063 4.128 4.007 4.185 4.456 4.064 4.207 4.131
52 4.702 4.736 4.800 4.785 4.696 4.696 4.732 4.826 4.740 4.788 4.776
53 4.804 4.188 4.128 4.204 4.215 4.226 4.088 4.111 4.136 4.072 4.117
54 4.741 4.783 4.823 4.868 4.844 4.753 4.836 4.822 4.869 4.821 4.862
55 6.083 3.962 4.104 3.925 4.227 4.201 4.261 4.515 4.194 4.270 4.413
56 4.401 4.100 4.397 4.413 4.631 4.134 4.211 4.385 4.319 4.179 4.167
57 6.101 4.815 4.837 4.902 4.971 4.660 4.744 4.792 4.851 4.850 4.684
58 3.561 3.600 3.381 3.596 3.589 3.385 3.770 3.535 3.377 3.716 3.473
59 4.376 4.205 3.811 4.103 3.992 4.026 3.993 4.023 4.002 4.057 3.993
60 7.960 6.355 6.287 6.244 6.369 6.705 6.297 6.163 6.107 6.245 6.229
61 2.475 4.202 4.155 4.359 4.123 3.927 4.123 4.226 3.984 4.006 4.302
62 4.183 2.764 2.948 2.836 2.719 2.586 2.801 2.827 2.755 2.828 2.764
63 2.857 3.687 3.685 3.350 3.578 3.366 3.620 3.710 3.406 3.508 3.404
64 0.776 1.077 1.006 0.858 1.076 1.017 0.890 0.996 0.801 0.861 0.891
65 6.190 4.717 4.857 4.873 4.873 4.880 4.879 4.835 4.874 4.806 4.838
66 5.520 4.960 4.818 4.807 4.943 5.000 4.846 4.909 4.807 4.970 5.055
67 4.613 4.559 4.746 4.699 4.673 4.742 4.776 4.692 4.742 4.733 4.792
68 0.670 2.803 2.848 2.226 2.642 2.524 2.487 2.394 2.899 2.388 2.500
69 6.056 5.099 5.021 5.074 5.106 5.067 5.060 5.071 5.068 4.796 4.998
70 4.598 4.791 4.716 4.760 4.799 4.882 4.679 4.553 4.666 4.686 4.724
71 5.317 5.430 5.567 5.651 5.604 5.441 5.649 5.455 5.560 5.681 5.583
72 4.635 5.439 5.749 5.481 5.789 5.535 5.506 5.534 5.452 5.676 5.624
73 4.529 4.218 4.378 4.331 4.318 4.214 4.243 4.366 4.310 4.223 4.183
74 5.700 5.712 5.568 5.628 5.784 5.807 5.679 5.657 5.568 5.908 5.711
75 0.325 3.276 3.277 3.113 3.237 3.362 3.033 3.204 3.204 3.172 2.999
76 3.984 3.292 3.403 3.241 4.263 3.289 4.266 3.705 3.354 3.256 3.309
77 2.208 3.161 2.968 3.203 3.007 2.527 2.682 3.180 3.115 2.910 3.074
78 1.653 4.248 4.335 4.348 4.340 4.372 4.312 4.361 4.227 4.359 4.368
79 0.088 4.672 3.803 3.895 3.992 3.939 3.847 3.733 4.131 3.821 3.750
80 4.196 2.717 2.634 3.288 2.839 3.181 2.966 3.154 2.878 2.931 3.233
81 5.336 4.303 4.021 4.521 4.619 4.561 4.332 4.348 4.342 4.360 4.622
82 1.105 3.058 2.967 2.778 2.861 2.927 2.964 2.832 3.022 2.879 2.843
83 5.846 5.014 4.795 5.076 5.298 5.113 5.205 4.984 5.349 5.185 4.709
84 4.113 4.076 3.768 4.090 4.111 3.938 4.084 4.309 4.141 3.957 4.410
85 2.631 3.962 3.759 3.855 3.802 3.786 3.679 3.941 3.582 4.024 4.079
86 6.261 5.620 5.564 5.519 5.713 5.587 5.527 5.677 5.545 5.535 5.640
87 5.048 5.086 5.171 5.264 5.158 5.204 4.904 5.158 5.079 5.221 5.046
88 4.858 4.969 5.013 4.924 4.982 4.885 5.055 4.916 4.999 4.927 4.998
89 4.779 4.518 4.717 4.574 4.694 4.602 4.592 4.658 4.728 4.735 4.688
90 3.835 4.407 4.149 3.983 4.154 4.150 4.208 3.951 3.983 4.017 4.303
91 5.064 3.441 3.472 3.469 3.242 3.457 3.417 3.617 3.470 3.472 3.484
92 4.003 4.378 4.260 4.305 4.455 4.189 4.110 4.127 4.139 3.971 4.269
93 3.404 4.206 4.242 4.139 4.243 4.247 4.406 4.372 4.336 4.289 4.327
94 4.951 4.736 4.742 4.717 4.728 4.578 4.736 4.653 4.677 4.727 4.761
95 5.505 4.943 4.679 4.822 4.832 4.813 4.901 4.873 4.773 4.765 4.823
96 1.857 4.178 3.878 4.020 4.091 3.757 3.733 3.886 3.831 3.594 3.836
97 4.632 5.426 5.304 4.745 5.074 5.056 5.166 4.952 5.311 5.012 5.070
98 5.177 4.713 4.483 4.601 4.609 4.669 4.616 4.474 4.734 4.684 4.291
99 5.978 4.996 5.070 5.364 5.220 5.203 5.357 5.334 5.347 5.122 5.224
100 4.146 3.571 3.512 3.491 3.671 3.445 3.541 3.549 3.671 3.328 3.472
101 4.954 5.101 5.100 5.046 5.075 4.987 5.071 4.998 4.864 5.033 4.956
102 5.806 5.087 4.994 5.233 5.171 5.036 5.126 5.376 5.247 5.251 5.147
103 5.033 4.691 4.752 4.788 4.838 4.828 4.700 4.782 4.823 4.709 4.879
104 4.395 4.283 4.581 4.539 4.428 4.617 4.245 4.458 4.500 4.704 4.360
105 5.093 2.944 3.091 3.204 3.262 3.222 3.328 3.161 3.298 3.490 3.377
106 3.250 4.613 4.520 4.421 4.620 4.664 4.751 4.476 4.558 4.632 4.634
107 2.760 4.355 4.402 4.488 4.281 4.153 4.439 4.332 4.341 4.405 4.244
108 1.182 4.696 3.840 3.622 3.684 3.608 3.235 3.648 2.459 2.744 3.340
109 4.028 4.963 4.567 4.728 4.839 4.851 4.806 4.715 4.639 4.656 4.985
110 5.190 3.776 3.866 3.860 3.882 4.062 3.976 4.104 3.968 4.156 3.819
111 4.988 4.843 4.877 4.785 4.846 4.874 4.873 4.835 4.863 4.873 4.991
112 6.799 5.415 5.505 5.444 5.376 5.364 5.429 5.457 5.377 5.388 5.345
113 5.414 3.785 3.414 4.073 3.383 4.001 3.950 3.800 4.188 3.736 4.229
114 4.414 4.013 4.212 3.951 3.925 3.873 4.073 3.924 3.861 3.924 3.900
115 5.635 4.334 4.571 4.462 4.717 4.403 4.670 4.450 4.615 4.438 4.465
116 4.883 4.836 5.020 5.039 4.980 4.861 4.988 5.053 5.050 5.038 5.022
117 4.712 4.388 4.337 4.272 4.414 4.182 4.335 4.353 4.570 4.257 4.276
118 4.758 4.623 4.662 4.502 4.723 4.740 4.644 4.752 4.567 4.688 4.600
119 3.147 3.376 2.812 3.244 3.183 3.502 3.292 3.177 3.127 3.217 3.365
120 5.580 4.938 4.980 4.946 5.082 4.751 5.159 5.056 5.156 5.084 4.881
