data_index logt12.observed logt12.predicted.repeat1 logt12.predicted.repeat2 logt12.predicted.repeat3 logt12.predicted.repeat4 logt12.predicted.repeat5 logt12.predicted.repeat6 logt12.predicted.repeat7 logt12.predicted.repeat8 logt12.predicted.repeat9 logt12.predicted.repeat10
1 0.088 1.282 2.224 1.337 2.139 1.282 2.253 1.282 1.282 1.282 1.282
2 0.255 2.986 2.938 3.088 3.013 2.950 2.969 2.966 2.904 2.955 2.824
3 0.325 3.239 3.342 3.250 3.291 3.273 4.096 3.248 3.247 4.096 3.283
4 1.105 2.582 2.582 2.582 2.379 2.583 2.093 2.582 2.024 2.583 2.582
5 1.182 0.914 2.224 0.675 2.139 0.993 2.253 0.763 1.008 1.690 1.308
6 1.196 1.458 1.458 1.458 1.458 1.458 1.458 1.458 1.458 1.458 1.458
7 1.358 1.297 1.296 1.297 1.297 1.297 1.296 1.296 1.296 1.296 1.296
8 1.653 3.776 3.777 3.600 3.825 3.814 3.642 3.821 3.753 3.499 3.843
9 2.208 3.318 3.167 3.355 3.357 3.286 3.297 3.306 3.897 3.235 3.297
10 2.235 3.018 2.963 3.180 3.019 3.020 3.071 2.969 3.075 3.042 3.165
11 2.381 3.963 3.976 4.002 4.059 3.853 4.002 4.127 4.148 4.111 4.086
12 2.408 2.971 1.739 2.098 3.304 2.878 2.894 2.744 2.820 3.223 2.977
13 2.542 2.780 2.779 2.780 2.779 2.780 2.779 2.780 2.779 2.779 2.779
14 2.631 4.566 3.960 4.552 3.883 4.546 4.534 4.521 4.028 4.563 4.568
15 2.679 2.757 2.692 3.069 2.642 2.642 2.665 2.715 2.868 2.805 2.926
16 2.682 1.205 1.205 1.206 2.379 1.205 2.093 1.205 2.024 1.206 1.206
17 2.760 4.396 4.093 4.675 4.605 4.153 4.560 4.624 4.694 4.357 4.005
18 2.857 2.428 2.449 2.701 2.425 2.476 2.499 2.399 3.709 2.402 2.524
19 2.954 4.403 4.501 4.705 4.557 4.369 4.401 4.599 4.414 4.373 4.792
20 2.954 3.880 4.078 4.146 4.205 3.397 4.092 4.000 3.630 4.140 4.087
21 3.147 3.239 3.318 3.107 3.243 3.007 4.096 1.972 3.337 4.096 3.200
22 3.250 4.301 4.301 4.301 4.301 4.301 4.301 4.343 4.300 4.301 4.301
23 3.404 4.618 4.708 4.708 4.460 4.717 4.823 4.844 4.733 4.647 4.835
24 3.561 3.705 3.435 3.144 3.734 3.658 3.659 3.552 3.663 3.511 3.813
25 3.787 3.470 3.633 3.704 3.329 3.969 3.584 3.061 3.428 3.849 3.830
26 4.003 3.416 3.310 3.408 3.450 3.295 3.472 3.284 3.358 3.589 3.738
27 4.028 4.402 4.542 4.520 4.415 4.608 4.655 4.381 4.368 5.026 4.449
28 4.104 3.677 3.716 3.927 3.646 3.686 3.474 3.645 3.680 3.401 3.671
29 4.113 3.404 3.842 3.308 3.007 3.540 3.324 3.354 3.069 3.318 3.177
30 4.146 3.819 3.841 4.041 3.188 3.842 3.150 4.009 3.766 3.644 4.006
31 4.183 4.366 4.272 3.738 4.115 4.225 4.045 4.094 4.342 4.091 4.306
32 4.196 3.239 3.048 3.047 3.047 3.048 3.047 1.972 3.047 3.047 3.047
33 4.228 5.088 4.945 5.043 5.088 5.043 4.953 4.888 5.022 4.951 5.043
34 4.297 4.339 4.629 4.880 4.775 4.701 4.242 4.597 4.234 4.545 4.255
35 4.359 4.507 4.551 4.542 4.538 4.038 4.512 4.002 4.684 4.527 4.539
36 4.376 3.344 3.415 2.876 2.949 3.109 3.288 2.851 3.215 3.040 3.078
37 4.401 3.350 3.482 3.350 3.584 3.566 3.350 3.362 3.681 3.350 3.380
38 4.401 4.778 4.778 4.779 4.779 4.779 4.779 4.632 4.778 4.778 4.632
39 4.405 4.231 4.064 4.309 4.441 4.521 3.923 4.652 4.498 4.514 4.230
40 4.414 2.643 2.771 2.939 2.568 2.766 2.934 2.419 2.937 2.998 2.657
41 4.459 4.180 4.369 4.232 4.180 4.236 4.062 4.426 3.980 3.612 4.180
42 4.459 4.779 4.778 4.778 4.778 4.632 4.778 4.778 4.778 4.778 4.778
43 4.500 3.029 3.026 3.029 2.991 3.169 3.247 3.372 3.209 3.041 3.089
44 4.511 5.106 5.157 5.182 5.479 5.160 5.549 4.800 5.706 5.885 5.436
45 4.561 4.329 4.368 4.348 4.284 4.330 4.367 4.494 4.383 4.382 4.375
46 4.565 4.997 4.990 5.035 4.960 5.041 5.019 5.028 5.006 5.050 4.961
47 4.598 5.055 5.264 5.054 5.150 5.054 5.245 5.054 5.054 5.054 5.054
48 4.605 4.543 4.545 4.536 4.380 4.540 4.589 4.547 4.476 4.563 4.570
49 4.613 4.359 4.263 4.269 4.432 4.251 4.227 4.174 4.410 4.221 4.207
50 4.635 5.378 5.431 5.482 5.107 5.137 5.306 5.429 5.391 5.648 5.806
51 4.673 4.831 4.835 4.863 4.845 4.835 4.814 4.837 4.874 4.852 4.866
52 4.702 4.468 4.462 4.481 4.263 4.475 4.474 4.466 4.473 4.478 4.477
53 4.712 4.778 4.782 4.779 5.080 4.784 4.789 4.954 4.596 4.785 4.786
54 4.732 4.501 4.559 4.559 4.559 4.559 4.559 4.559 4.359 4.559 4.560
55 4.741 4.851 4.757 4.850 4.851 4.850 4.850 4.850 4.757 4.851 4.851
56 4.758 4.706 4.612 4.584 4.550 4.785 4.586 4.626 4.577 4.761 4.832
57 4.779 4.821 4.775 4.768 4.793 4.745 4.820 4.832 4.819 4.880 4.886
58 4.804 4.281 4.259 4.259 4.259 4.038 4.259 4.002 4.259 4.259 4.259
59 4.857 4.841 4.841 4.841 4.841 4.850 4.707 4.847 4.841 4.841 4.841
60 4.858 5.353 4.860 5.054 4.881 5.054 5.245 5.054 5.054 5.054 5.054
61 4.861 3.646 4.046 3.867 3.897 3.860 3.150 3.694 3.746 3.802 3.524
62 4.878 4.559 4.559 4.559 4.559 4.632 4.559 4.560 4.359 4.559 4.559
63 4.951 4.814 4.757 4.777 4.757 4.757 4.707 4.763 4.757 4.777 4.757
64 4.954 5.353 5.264 4.959 4.958 4.972 4.959 4.959 4.959 5.098 5.020
65 4.988 4.438 4.328 4.328 4.339 4.328 4.339 4.343 4.345 4.328 4.344
66 4.999 5.520 5.853 5.871 5.717 5.781 5.690 5.751 5.708 5.726 5.825
67 5.033 4.501 4.559 4.559 4.559 4.559 4.559 4.632 4.359 4.560 4.632
68 5.064 3.461 3.461 3.460 3.461 3.461 3.461 3.460 3.460 3.411 3.461
69 5.093 3.400 3.960 3.066 3.883 3.419 3.429 3.400 4.028 3.393 3.303
70 5.177 5.826 5.804 5.675 6.090 5.738 5.368 5.307 5.910 5.720 6.025
71 5.317 5.218 6.323 5.133 5.997 6.209 6.112 6.268 6.281 6.308 6.166
72 5.414 2.307 1.739 2.098 2.308 2.308 2.308 2.307 2.308 2.307 2.308
73 5.505 3.845 3.872 3.975 4.037 3.988 3.930 3.858 3.922 3.979 3.895
74 5.520 4.959 4.854 4.854 4.881 4.959 4.854 4.891 4.959 4.899 4.897
75 5.700 5.028 5.705 5.185 5.014 4.807 5.339 5.061 5.116 5.230 5.340
76 5.749 4.565 4.512 4.458 4.566 4.703 4.638 4.512 4.650 4.543 4.624
77 5.937 6.021 5.857 5.821 6.181 5.712 6.081 6.226 6.177 6.194 5.927
78 5.978 6.127 6.286 6.202 6.200 6.178 6.126 6.210 6.283 6.232 6.700
79 6.167 7.120 7.390 7.349 7.467 7.204 7.192 7.343 7.222 7.499 7.234
80 6.190 5.077 5.078 5.077 5.077 5.077 5.368 5.079 5.077 5.078 5.078
81 6.519 4.445 4.566 4.531 4.392 4.631 4.594 4.667 4.304 4.407 4.307
82 6.644 3.825 3.691 3.558 3.823 3.766 3.797 3.884 3.647 3.793 3.921
83 6.799 6.456 6.524 6.203 6.253 6.153 6.438 6.565 6.572 6.070 6.483
84 6.946 6.596 6.358 6.552 6.531 6.726 6.507 6.784 6.691 6.539 6.596
85 6.982 6.503 6.353 6.277 5.958 6.570 6.598 6.486 6.577 6.893 6.531
86 7.960 6.086 5.944 6.214 6.258 6.116 6.057 6.086 5.975 6.066 6.205
