data_index logt12.observed logt12.predicted.repeat1 logt12.predicted.repeat2 logt12.predicted.repeat3 logt12.predicted.repeat4 logt12.predicted.repeat5 logt12.predicted.repeat6 logt12.predicted.repeat7 logt12.predicted.repeat8 logt12.predicted.repeat9 logt12.predicted.repeat10
1 0.088 1.636 1.617 1.620 1.808 1.679 1.554 1.597 1.739 2.401 1.771
2 0.255 3.158 3.018 3.154 2.996 2.960 3.125 3.165 3.129 3.048 3.059
3 0.325 3.172 3.303 3.242 2.974 3.092 3.039 2.966 3.062 3.110 3.328
4 1.105 2.986 2.967 2.966 3.010 2.957 3.009 2.834 3.025 2.908 2.901
5 1.182 1.707 1.560 1.356 1.723 1.448 1.570 1.390 1.533 2.954 1.678
6 1.196 2.663 2.990 2.582 2.939 2.820 2.531 2.522 2.582 2.351 2.452
7 1.358 1.869 2.675 1.785 1.985 2.079 1.798 1.950 2.158 1.929 2.211
8 1.653 3.647 3.669 3.435 3.622 3.764 3.581 3.726 3.463 3.757 3.578
9 2.208 3.165 3.110 3.413 3.240 3.370 3.660 3.318 3.344 3.647 3.534
10 2.235 3.190 3.295 3.627 3.398 3.333 3.370 3.459 3.328 3.796 3.697
11 2.381 3.322 3.096 3.211 3.133 3.077 3.183 3.120 3.005 3.024 3.350
12 2.408 1.769 1.632 1.718 1.706 1.461 1.767 1.664 1.660 1.707 1.624
13 2.542 3.265 3.172 3.267 3.163 3.164 3.125 3.185 3.325 2.920 3.085
14 2.631 4.109 3.736 4.037 3.958 3.994 3.997 4.055 3.758 3.891 4.136
15 2.679 3.542 3.276 3.429 3.749 3.586 3.177 3.306 3.591 3.294 3.392
16 2.682 2.086 2.338 2.119 2.918 2.112 2.145 2.090 2.211 2.050 1.689
17 2.760 4.184 3.656 3.784 4.094 3.758 3.705 3.737 4.168 3.762 3.790
18 2.857 3.783 3.661 3.677 3.405 3.717 3.795 3.583 3.653 3.735 3.429
19 2.954 5.288 5.156 5.355 5.098 5.184 5.153 5.144 5.224 5.234 5.179
20 2.954 3.346 3.417 3.361 3.316 3.313 4.245 3.385 3.383 3.446 3.330
21 3.147 3.879 4.520 4.339 4.508 4.348 4.321 4.319 3.787 3.683 4.014
22 3.250 4.539 4.600 4.618 4.586 4.598 5.166 4.781 4.288 4.725 4.497
23 3.404 4.549 4.413 4.185 4.317 4.480 4.244 4.416 4.771 4.460 4.252
24 3.561 4.115 4.064 4.169 4.075 4.021 4.041 4.030 4.003 3.955 4.214
25 3.787 3.453 3.444 3.391 3.459 3.407 3.321 2.819 3.416 3.373 3.411
26 4.003 3.803 3.846 3.793 3.902 3.827 3.664 3.456 3.793 3.819 3.750
27 4.028 5.076 4.912 5.365 5.075 5.092 5.115 4.950 5.069 5.195 5.129
28 4.104 3.770 3.865 3.742 3.745 3.818 3.910 3.778 3.780 3.887 3.792
29 4.113 3.504 3.923 3.437 3.475 3.477 3.653 3.902 3.544 3.453 3.424
30 4.146 3.894 3.513 3.110 3.705 4.399 3.472 3.753 4.310 4.363 4.325
31 4.183 3.026 2.912 2.845 2.885 2.837 2.947 2.994 2.896 2.898 2.814
32 4.196 3.090 3.180 2.967 3.122 3.112 3.064 2.971 3.168 3.238 3.185
33 4.228 4.585 4.641 4.672 4.823 4.699 4.685 4.687 4.822 4.634 4.707
34 4.297 4.833 4.969 5.029 4.250 5.015 4.126 4.921 4.723 4.788 4.782
35 4.359 4.268 4.277 4.237 4.167 4.107 4.267 3.974 4.248 4.212 4.253
36 4.376 3.198 3.212 3.190 3.222 3.256 2.833 3.210 3.205 2.792 3.238
37 4.401 3.600 3.036 3.534 3.597 3.611 2.765 3.269 3.464 3.633 3.500
38 4.401 5.046 5.052 4.924 5.753 4.981 4.972 4.849 5.010 4.965 4.811
39 4.405 4.331 3.969 4.295 4.052 4.281 4.239 3.957 4.180 4.858 4.170
40 4.414 3.645 3.378 3.249 3.311 3.388 3.383 3.188 3.490 2.872 3.293
41 4.459 4.400 4.205 4.467 4.256 4.640 4.638 4.369 4.214 4.192 4.155
42 4.459 4.388 4.246 4.315 3.803 3.600 4.527 4.172 4.295 4.512 4.344
43 4.500 3.828 3.310 3.105 3.685 3.884 3.948 3.570 3.791 3.879 3.154
44 4.511 4.731 4.772 5.029 4.942 4.818 4.847 4.845 4.728 4.808 4.714
45 4.561 5.248 4.889 4.966 5.281 4.940 5.048 5.089 5.066 4.905 5.053
46 4.565 4.313 4.401 4.344 4.385 4.439 4.473 4.463 4.392 4.486 4.123
47 4.598 5.210 4.944 5.187 4.900 4.328 4.873 5.168 5.008 5.036 5.024
48 4.605 4.662 4.742 4.811 4.771 4.838 4.867 4.782 4.868 4.831 4.906
49 4.613 4.630 4.588 4.752 4.736 4.643 4.774 4.669 4.775 4.551 4.720
50 4.635 5.770 5.859 5.427 5.662 5.840 5.793 5.766 5.389 5.313 5.844
51 4.673 4.911 4.872 4.904 5.006 4.933 4.986 4.986 4.907 4.941 4.622
52 4.702 4.555 4.626 4.480 4.541 4.654 4.525 4.542 4.657 4.642 4.836
53 4.712 3.453 3.482 3.511 3.413 3.610 3.425 3.421 3.372 3.859 3.387
54 4.732 4.585 4.475 4.528 4.442 4.385 4.522 4.509 4.403 4.486 4.639
55 4.741 4.946 4.988 4.578 4.798 4.825 5.013 5.042 4.812 5.091 5.211
56 4.758 4.490 4.533 4.407 4.481 4.386 4.334 4.377 4.253 4.299 4.176
57 4.779 4.575 4.345 4.271 4.409 4.411 4.403 4.289 4.263 4.283 4.359
58 4.804 4.416 4.473 4.337 4.348 4.269 3.795 4.516 4.537 4.252 4.420
59 4.857 4.840 4.851 4.934 4.799 4.775 4.940 4.922 4.857 4.832 4.471
60 4.858 5.405 5.243 5.354 5.148 5.115 5.059 5.070 5.341 5.278 5.291
61 4.861 3.306 3.096 2.712 3.415 3.362 3.405 3.311 3.860 3.488 2.871
62 4.878 4.242 4.141 4.116 3.513 3.413 4.179 4.018 4.110 4.076 4.044
63 4.951 4.525 4.595 4.572 4.556 4.698 4.567 4.671 4.635 4.663 4.401
64 4.954 6.056 6.028 6.056 6.523 6.035 5.939 5.775 5.996 5.830 6.134
65 4.988 4.832 4.730 4.673 4.780 4.699 4.723 4.665 5.003 4.747 4.816
66 4.999 6.200 6.178 6.160 6.192 6.081 6.143 6.139 6.202 6.254 6.288
67 5.033 5.153 5.406 5.120 5.179 4.992 5.141 5.074 5.249 5.102 5.061
68 5.064 3.293 3.485 3.489 3.366 3.614 3.473 3.329 3.462 3.298 3.263
69 5.093 3.320 3.264 3.470 3.459 3.192 3.540 3.417 3.693 3.806 3.393
70 5.177 5.221 4.968 5.179 4.514 4.397 4.803 4.892 4.980 5.053 5.157
71 5.317 5.287 5.559 5.678 5.760 5.380 5.590 5.499 5.359 5.614 5.640
72 5.414 4.523 3.515 4.422 4.644 4.642 4.584 4.563 4.834 4.344 3.270
73 5.505 4.300 4.179 4.430 4.344 4.321 4.365 4.297 4.323 4.303 4.169
74 5.520 5.047 5.088 5.058 5.026 5.065 5.049 5.022 5.100 5.011 5.187
75 5.700 5.837 5.930 6.018 5.741 5.941 5.826 5.336 5.778 5.522 5.791
76 5.749 5.269 5.189 5.249 5.307 5.547 5.370 5.284 5.285 5.282 5.295
77 5.937 5.855 6.055 6.023 6.129 6.049 5.869 5.719 5.982 6.281 6.026
78 5.978 5.001 5.366 5.078 4.757 5.059 5.248 5.360 5.148 5.178 5.121
79 6.167 5.957 5.837 5.855 5.822 5.916 5.472 5.724 5.835 5.822 5.399
80 6.190 4.947 4.606 4.929 4.883 4.824 5.089 5.011 5.099 4.622 4.562
81 6.519 4.840 4.914 4.879 5.061 4.978 4.928 4.667 4.851 4.822 4.991
82 6.644 4.367 4.845 4.621 4.557 4.468 4.565 4.561 4.717 4.398 4.587
83 6.799 5.676 5.695 5.677 5.623 5.605 5.646 5.779 5.536 5.739 5.617
84 6.946 6.257 6.579 6.232 6.466 6.518 6.669 6.407 6.348 6.478 6.224
85 6.982 5.662 5.411 5.429 5.299 5.604 5.664 5.819 5.726 5.711 5.540
86 7.960 5.232 5.262 5.338 5.161 5.257 5.205 5.140 5.235 5.327 5.127
