data_index logt12.observed logt12.predicted.repeat1 logt12.predicted.repeat2 logt12.predicted.repeat3 logt12.predicted.repeat4 logt12.predicted.repeat5 logt12.predicted.repeat6 logt12.predicted.repeat7 logt12.predicted.repeat8 logt12.predicted.repeat9 logt12.predicted.repeat10
1 4.702 4.423 4.502 4.452 4.548 4.412 4.518 4.502 4.517 4.530 4.467
2 4.724 5.319 5.156 5.191 5.151 5.108 5.138 5.137 5.044 5.032 5.159
3 3.525 3.578 3.484 3.509 3.584 3.888 3.495 3.673 3.430 3.145 3.421
4 5.414 2.869 2.250 2.524 2.306 2.046 2.241 2.272 2.360 2.107 2.013
5 4.632 5.702 6.071 5.391 6.213 6.156 6.139 6.068 6.071 5.907 6.253
6 4.475 3.992 3.999 4.292 3.963 3.974 3.995 3.940 3.910 4.034 3.955
7 0.088 2.453 2.494 2.622 2.147 2.642 4.667 2.514 2.648 2.380 2.607
8 2.475 2.418 2.492 2.436 2.222 2.428 2.846 2.626 1.789 2.767 2.514
9 4.763 5.318 5.485 5.456 4.455 5.437 5.370 5.229 5.387 5.557 5.276
10 4.721 4.550 4.687 4.649 4.619 4.534 4.302 4.680 4.492 4.611 4.568
11 5.635 5.191 5.223 5.311 5.133 5.432 4.975 5.211 5.131 5.117 5.363
12 0.776 2.960 3.056 2.755 2.665 2.860 3.555 3.397 2.056 3.278 3.162
13 3.984 3.439 3.561 3.535 3.486 3.053 3.573 3.653 3.094 3.589 3.278
14 0.255 3.349 3.017 3.225 3.276 2.807 2.980 3.029 3.217 3.064 3.141
15 5.016 3.856 3.880 3.941 3.577 3.945 3.724 4.032 3.880 3.848 3.875
16 5.083 5.664 5.598 5.700 5.618 5.628 5.709 5.356 5.350 5.634 5.643
17 4.758 4.968 4.892 5.092 5.065 4.775 4.912 4.771 4.843 4.805 4.911
18 4.565 4.859 4.990 4.830 4.827 4.798 4.796 4.928 5.061 4.746 4.793
19 5.846 5.266 4.601 5.206 5.643 4.640 5.157 4.835 4.827 5.241 4.268
20 5.048 5.350 4.393 4.740 4.354 4.634 4.516 4.732 3.821 4.269 4.983
21 5.336 5.476 5.484 5.480 5.616 5.471 5.481 5.496 5.388 5.441 5.483
22 4.782 3.457 3.213 3.455 3.423 3.384 4.170 3.449 3.382 3.492 3.695
23 6.101 5.770 5.797 5.756 5.628 5.641 5.716 5.706 5.835 5.575 5.610
24 4.999 5.896 5.499 5.345 5.693 5.561 5.563 5.641 5.428 5.273 5.415
25 0.325 3.342 3.797 3.517 2.985 3.509 3.769 3.486 3.616 3.474 3.293
26 5.580 4.975 4.970 5.374 5.539 5.424 5.294 5.299 4.388 4.859 5.441
27 4.196 1.847 2.057 2.532 2.303 2.198 2.092 2.145 1.362 2.784 1.821
28 3.147 3.546 3.287 3.473 3.518 3.307 3.932 3.204 3.386 3.529 3.413
29 4.459 4.872 4.983 4.802 4.950 4.892 3.729 4.804 4.878 4.853 4.868
30 4.712 3.686 3.649 3.367 3.742 3.813 3.083 3.640 3.865 3.821 3.709
31 4.228 6.006 6.626 6.718 6.366 6.096 6.416 6.485 5.810 6.492 6.708
32 4.459 5.012 4.679 4.699 4.889 4.798 4.876 4.811 4.703 4.712 4.790
33 5.033 4.632 4.674 4.632 4.632 4.632 4.632 4.632 4.632 4.632 4.632
34 5.520 4.985 5.205 5.124 5.201 5.074 5.014 5.129 5.169 5.118 5.126
35 5.093 2.940 2.749 2.831 3.083 2.660 3.370 2.764 2.981 2.795 3.066
36 1.105 3.118 2.644 3.330 3.047 2.925 3.010 3.173 3.310 3.051 3.162
37 2.824 4.889 4.924 4.201 4.791 4.805 5.022 4.619 4.436 4.875 4.609
38 4.673 4.897 4.842 4.574 5.053 4.700 4.750 4.404 4.578 4.570 4.557
39 1.358 1.946 1.974 1.829 1.746 1.894 1.829 1.890 1.896 1.896 1.791
40 4.635 2.544 2.423 2.780 2.542 2.648 2.692 2.516 2.573 2.905 2.539
41 1.857 3.782 2.973 2.955 2.660 2.670 3.813 2.948 2.714 3.137 2.827
42 4.779 4.609 4.991 4.441 4.862 4.765 4.664 4.536 4.828 4.719 4.914
43 4.605 4.548 4.505 4.541 4.422 4.413 4.623 4.730 4.557 4.651 4.329
44 3.598 4.730 4.876 4.801 4.240 4.942 5.036 4.665 4.821 4.838 4.300
45 6.092 5.537 5.577 5.827 5.865 5.822 5.679 5.538 5.753 5.181 5.382
46 5.806 4.980 4.889 5.081 5.452 5.065 5.274 5.322 5.306 5.368 5.455
47 6.190 6.101 6.015 6.152 5.908 6.012 6.024 5.847 6.114 5.955 5.550
48 4.878 4.581 4.900 4.355 4.462 4.321 4.452 4.400 4.465 4.279 4.575
49 9.159 7.270 7.246 5.748 7.187 7.242 7.098 7.213 7.191 7.209 7.180
50 2.542 3.211 3.238 3.204 3.199 3.144 2.825 2.753 3.225 3.259 3.205
51 4.146 4.027 4.372 4.438 4.821 4.157 4.343 4.261 4.285 4.468 4.221
52 2.857 3.580 3.783 3.956 3.652 3.797 3.909 3.583 3.825 3.655 3.391
53 4.598 4.966 5.199 5.126 5.014 4.991 5.085 5.172 5.091 4.944 5.475
54 4.732 4.933 4.934 4.928 4.912 4.933 4.874 4.873 4.880 4.834 4.933
55 3.835 4.950 3.917 3.643 5.001 4.649 3.804 4.735 4.882 4.891 5.063
56 6.946 7.123 7.180 7.097 7.057 7.186 7.032 7.141 7.001 7.298 6.614
57 2.208 3.561 3.449 3.648 3.425 3.838 3.460 3.503 3.296 3.521 3.164
58 4.741 4.239 3.828 3.796 3.614 4.116 4.190 4.020 3.979 3.912 3.891
59 4.951 4.262 4.163 4.430 3.910 4.332 4.079 4.121 4.371 4.126 4.018
60 2.235 3.242 2.688 2.805 3.434 3.218 2.768 2.972 2.736 3.010 2.874
61 4.858 4.613 4.536 4.630 5.225 4.661 4.759 4.879 4.653 5.256 5.335
62 4.857 5.364 4.892 5.203 5.112 5.191 4.946 4.998 4.990 5.211 5.002
63 6.982 5.528 5.643 4.628 6.666 5.439 5.534 5.841 5.573 5.425 5.509
64 6.083 4.366 4.886 3.761 4.412 4.396 4.656 4.955 4.652 4.689 4.644
65 4.561 4.734 4.579 4.515 4.807 4.659 4.666 4.758 4.755 4.599 4.737
66 3.561 4.191 4.141 4.091 4.521 4.157 4.244 4.228 4.096 4.354 4.114
67 4.635 5.426 4.978 5.178 5.237 4.986 5.047 5.113 5.159 5.043 5.118
68 2.954 5.329 5.247 5.208 4.939 5.332 4.923 5.231 4.546 5.186 5.388
69 5.617 5.377 5.640 5.521 5.368 5.130 5.434 5.448 5.667 5.558 5.820
70 5.505 3.800 3.742 3.840 3.938 3.986 3.725 3.652 4.643 3.943 3.898
71 7.960 7.293 7.199 5.303 7.183 7.198 6.765 7.168 7.274 7.277 7.089
72 4.028 5.972 5.625 5.887 5.518 5.421 5.801 5.558 5.691 5.851 5.656
73 4.511 4.872 4.358 4.331 4.343 4.406 4.261 4.263 4.334 4.821 4.144
74 6.519 5.931 5.989 5.823 5.599 5.977 6.305 6.005 5.879 5.989 6.225
75 6.261 6.273 5.962 5.918 6.052 5.849 5.760 5.918 5.820 6.043 5.779
76 4.365 3.268 3.768 3.844 3.502 3.397 3.451 3.843 3.395 3.462 3.263
77 2.760 3.920 4.085 4.329 4.070 4.231 4.113 3.988 4.006 4.080 3.797
78 4.104 3.347 3.766 4.029 4.085 3.796 3.798 3.987 3.851 3.788 3.982
79 4.359 3.641 4.482 3.558 4.001 4.013 4.031 3.993 3.931 3.954 3.870
80 2.679 3.268 3.300 3.266 3.238 3.033 2.982 3.257 3.620 3.205 3.251
81 2.631 4.344 4.474 4.234 4.381 4.505 3.777 4.462 4.120 4.509 4.518
82 1.182 2.115 0.549 2.082 1.992 1.170 4.127 2.027 2.289 1.989 2.090
83 5.177 5.270 5.310 5.417 5.546 5.315 5.268 5.451 5.257 5.291 5.402
84 4.515 2.018 1.714 2.333 2.807 1.913 1.785 2.040 2.080 2.112 1.955
85 1.196 2.074 1.827 2.022 1.574 2.005 2.098 1.707 2.843 2.101 2.070
86 5.064 3.195 3.162 3.239 3.242 3.261 3.375 3.252 3.238 3.186 3.344
87 4.861 2.838 2.934 2.919 2.969 2.868 2.945 2.949 3.437 2.736 2.862
88 5.190 4.101 4.187 3.830 4.435 4.100 4.977 4.347 4.241 4.194 4.014
89 3.787 3.255 3.095 3.395 3.357 3.042 3.233 3.294 3.323 3.149 2.732
90 0.255 2.640 2.249 2.396 2.392 2.808 2.365 2.591 2.547 2.881 2.607
91 2.954 3.078 3.071 3.029 3.001 3.169 2.920 2.838 3.546 2.866 3.179
92 2.682 1.978 2.039 2.015 1.624 2.430 2.492 1.781 1.747 1.753 2.008
93 1.033 3.237 2.160 2.401 2.367 2.281 3.147 2.239 2.338 2.296 2.202
94 6.167 5.918 5.473 5.554 5.917 5.577 5.377 5.776 6.109 5.901 5.698
95 3.250 4.357 4.276 4.124 4.424 4.436 4.431 4.468 4.455 4.265 4.360
96 4.804 3.351 3.703 4.126 3.815 4.234 3.913 4.426 4.029 4.160 4.210
97 4.183 3.930 3.557 3.761 3.528 3.743 3.356 3.491 3.633 3.989 3.546
98 2.001 2.281 1.727 1.992 1.970 1.687 1.420 1.860 1.953 2.552 1.837
99 4.529 3.902 3.896 4.682 3.998 4.196 4.596 4.146 4.392 4.346 3.164
100 6.056 4.804 4.762 4.755 4.651 4.992 4.915 4.900 5.054 4.813 4.838
101 5.700 4.710 4.972 4.810 4.794 4.759 4.911 4.871 4.702 4.943 4.710
102 5.937 6.237 6.310 6.355 6.192 6.015 6.437 6.389 6.521 6.552 6.511
103 4.954 5.357 5.585 5.690 5.600 5.620 5.600 5.620 5.545 5.603 5.569
104 4.008 2.863 2.862 3.105 2.984 2.894 2.683 2.826 3.793 2.711 2.812
105 6.799 6.903 6.776 7.026 6.659 6.810 6.730 7.017 6.548 6.753 6.828
106 5.317 6.150 5.982 6.331 6.118 6.008 6.284 5.358 5.989 6.307 6.126
107 5.556 5.200 5.304 5.469 5.682 5.344 5.376 5.782 6.035 5.762 5.747
108 7.898 5.201 5.741 6.172 5.815 5.557 5.767 5.940 5.492 5.739 6.660
109 5.749 4.609 4.737 4.612 4.616 4.959 4.465 4.425 5.084 4.729 4.462
110 5.978 6.255 5.754 5.857 6.009 5.556 5.739 5.993 5.654 6.148 5.399
111 4.883 4.654 3.822 3.586 3.726 3.677 3.621 3.635 3.860 3.479 3.462
112 3.404 4.939 5.368 5.298 5.178 4.579 5.362 4.878 5.101 5.209 5.325
113 4.405 4.251 4.373 4.412 4.446 4.567 4.292 4.643 4.860 4.461 4.315
114 4.401 3.912 4.019 4.013 3.790 4.019 4.349 3.947 4.024 4.535 3.867
115 4.414 2.943 2.794 2.803 2.605 3.037 2.882 2.740 3.277 2.671 2.970
116 4.297 4.109 4.225 4.575 4.993 4.069 4.471 4.550 4.771 3.966 4.179
117 4.113 3.515 3.435 3.084 3.389 3.251 3.287 3.347 3.133 3.030 3.234
118 4.376 3.979 4.213 3.511 3.504 3.929 3.917 3.874 3.964 4.022 3.371
119 1.653 3.789 3.802 3.905 3.823 3.332 3.658 3.810 3.890 3.850 3.730
