data_index logt12.observed logt12.predicted.repeat1 logt12.predicted.repeat2 logt12.predicted.repeat3 logt12.predicted.repeat4 logt12.predicted.repeat5 logt12.predicted.repeat6 logt12.predicted.repeat7 logt12.predicted.repeat8 logt12.predicted.repeat9 logt12.predicted.repeat10
1 0.088 1.324 1.306 1.314 3.543 1.285 1.286 1.287 1.280 1.313 3.145
2 0.255 3.348 3.454 3.312 3.273 3.354 3.160 3.472 3.297 3.488 3.322
3 0.325 3.249 3.248 3.237 3.583 3.249 3.245 3.246 3.942 3.278 3.246
4 1.105 2.694 2.842 2.647 2.569 2.723 2.733 2.706 2.706 2.763 2.720
5 1.182 1.016 1.153 1.330 3.541 1.203 1.224 1.268 1.379 3.760 1.092
6 1.196 1.877 1.884 1.878 1.884 1.963 2.786 1.931 3.088 1.871 1.878
7 1.358 1.917 1.713 1.577 2.085 1.726 2.727 1.482 3.029 1.617 1.646
8 1.653 3.694 3.697 3.539 3.704 3.812 3.853 3.801 3.664 3.703 3.658
9 2.208 3.513 3.796 3.746 3.557 3.436 3.039 3.525 3.441 3.925 3.468
10 2.235 3.418 3.096 3.270 3.513 3.850 3.210 3.124 3.340 3.136 3.481
11 2.381 3.864 3.799 3.838 3.451 3.750 3.843 3.793 3.871 3.325 3.796
12 2.408 3.085 2.924 1.879 3.023 2.845 2.975 2.892 2.936 4.945 4.697
13 2.542 3.074 3.010 2.909 3.320 3.215 2.931 2.960 3.017 2.991 3.268
14 2.631 4.027 3.985 4.116 4.046 3.986 4.090 4.126 4.093 3.933 3.944
15 2.679 2.982 2.948 2.920 2.922 3.094 2.811 2.934 2.882 2.745 3.158
16 2.682 1.125 1.174 1.086 1.077 1.299 1.366 1.119 1.065 1.121 1.109
17 2.760 4.093 4.040 4.062 3.977 3.977 4.401 4.112 3.919 3.889 4.018
18 2.857 2.891 3.536 3.448 2.479 2.930 2.918 2.448 2.812 3.647 3.024
19 2.954 4.770 4.763 4.771 4.814 4.765 4.809 4.776 4.767 4.576 4.752
20 2.954 3.961 3.990 3.977 3.916 3.899 3.817 3.853 3.955 3.935 3.784
21 3.147 3.361 3.160 3.156 3.131 3.235 3.212 3.220 3.943 3.264 3.208
22 3.250 4.177 4.100 4.265 4.141 4.111 4.351 4.080 4.022 4.102 4.124
23 3.404 4.418 4.492 4.474 4.433 4.456 4.525 4.469 4.398 4.512 4.442
24 3.561 3.361 3.534 3.403 3.594 3.679 3.198 3.474 3.048 3.861 3.617
25 3.787 3.693 3.280 2.952 3.152 3.526 3.147 3.427 3.505 3.252 3.096
26 4.003 3.681 3.640 3.227 3.626 3.616 3.386 3.629 3.684 3.373 3.403
27 4.028 4.687 4.803 4.319 4.914 4.606 4.823 5.133 4.395 4.741 4.795
28 4.104 4.001 3.942 3.838 3.895 3.954 3.898 3.718 3.594 3.930 3.989
29 4.113 3.553 3.828 3.750 3.763 3.651 3.806 3.883 3.729 3.748 3.848
30 4.146 3.325 3.540 3.176 3.449 2.911 3.530 3.310 3.234 3.304 3.481
31 4.183 3.663 3.822 3.881 3.808 4.043 3.700 3.435 4.003 3.250 3.629
32 4.196 2.958 2.952 2.922 2.940 3.060 2.950 2.935 2.946 2.932 2.947
33 4.228 4.881 4.993 4.949 5.016 4.943 4.960 4.872 4.939 4.960 4.942
34 4.297 4.607 4.610 4.573 4.558 4.600 4.736 4.717 4.708 4.703 4.689
35 4.359 4.371 4.208 4.136 4.378 4.316 4.281 4.439 4.203 4.294 4.341
36 4.376 3.186 3.586 2.832 3.293 3.371 3.120 3.518 3.325 3.638 3.301
37 4.401 3.952 3.831 4.094 3.711 3.665 3.939 3.877 3.865 3.513 4.020
38 4.401 4.832 4.655 4.632 4.632 4.655 4.729 4.833 4.667 4.666 4.666
39 4.405 4.137 4.310 4.032 3.980 3.869 4.347 4.245 4.082 3.986 4.298
40 4.414 3.078 2.905 3.037 2.766 2.855 3.231 3.043 2.884 2.722 3.098
41 4.459 4.260 4.363 4.033 4.235 4.350 4.261 4.053 3.973 4.341 4.331
42 4.459 4.832 4.662 4.653 4.640 4.657 4.651 4.833 4.632 4.667 4.664
43 4.500 2.890 2.813 3.091 3.200 3.158 3.162 3.071 3.106 3.038 2.836
44 4.511 5.099 4.983 4.497 5.013 5.048 5.045 5.274 5.148 5.003 5.033
45 4.561 4.761 4.855 4.685 4.715 4.693 4.703 4.727 4.701 4.643 4.771
46 4.565 4.942 4.914 4.752 4.966 4.981 4.933 4.957 4.904 5.009 5.044
47 4.598 5.136 5.165 5.033 5.187 4.999 5.202 5.111 5.213 5.139 4.997
48 4.605 4.390 4.325 4.334 4.368 4.503 4.155 4.544 4.293 4.346 4.416
49 4.613 4.248 4.298 4.337 4.371 4.332 4.200 4.313 4.309 4.290 4.284
50 4.635 5.295 5.189 5.198 5.530 5.298 5.190 5.723 5.191 5.193 5.189
51 4.673 4.884 4.878 4.828 4.715 4.829 4.772 4.930 4.841 4.910 4.896
52 4.702 4.698 4.870 4.684 4.670 4.685 4.693 4.685 4.685 4.677 4.773
53 4.712 4.572 4.682 4.346 4.596 4.532 4.500 4.576 4.571 4.696 4.563
54 4.732 4.560 4.560 4.559 4.640 4.559 4.559 4.559 4.559 4.559 4.560
55 4.741 4.694 5.011 4.986 5.013 4.993 5.037 5.019 5.024 5.010 4.995
56 4.758 4.931 4.891 4.888 4.868 4.935 5.043 4.874 4.859 4.958 4.879
57 4.779 4.984 4.963 4.971 4.903 4.992 5.000 4.985 4.960 4.945 4.980
58 4.804 4.297 4.271 4.276 4.332 4.328 4.223 4.388 4.246 4.220 4.337
59 4.857 4.803 4.671 4.774 4.806 4.853 4.774 4.848 4.935 4.792 4.831
60 4.858 4.761 4.933 5.109 4.982 4.835 4.829 4.739 4.612 4.769 4.818
61 4.861 2.843 2.993 3.307 2.990 2.684 3.521 3.008 3.344 3.239 3.179
62 4.878 4.547 4.553 4.600 4.555 4.480 4.557 4.563 4.543 4.544 4.536
63 4.951 4.326 4.189 4.242 4.585 4.524 4.195 4.321 4.290 4.216 4.277
64 4.954 5.296 5.264 5.420 5.310 5.325 5.072 5.220 5.294 5.211 5.331
65 4.988 4.727 4.692 4.782 4.747 4.664 4.781 4.778 4.785 4.672 4.759
66 4.999 5.433 5.859 5.807 5.723 6.273 5.441 5.179 5.901 5.808 5.731
67 5.033 4.559 4.559 4.560 4.632 4.559 4.560 4.559 4.559 4.501 4.559
68 5.064 3.327 3.402 3.354 3.361 3.381 3.252 3.475 3.095 3.301 3.326
69 5.093 3.383 3.135 3.416 3.123 3.339 3.376 3.003 3.206 2.861 3.284
70 5.177 5.939 5.316 5.309 5.616 5.581 5.352 5.189 5.546 5.545 5.562
71 5.317 6.219 6.257 6.278 6.029 6.269 5.261 6.243 6.326 6.220 6.178
72 5.414 2.269 2.280 1.830 2.285 2.282 2.339 2.325 2.248 2.301 2.308
73 5.505 4.056 3.871 3.894 4.001 3.937 3.944 4.042 4.095 5.065 4.008
74 5.520 4.994 4.957 5.030 4.988 5.054 5.072 4.899 4.923 4.973 5.001
75 5.700 5.375 5.500 5.459 5.478 5.375 5.376 6.344 5.482 5.459 5.488
76 5.749 4.729 4.770 4.649 4.622 4.705 4.614 4.645 4.764 4.618 4.765
77 5.937 5.510 5.494 5.507 5.698 5.597 5.402 5.716 5.546 5.585 5.761
78 5.978 5.880 5.868 5.880 5.925 5.491 5.865 5.880 5.881 5.715 5.881
79 6.167 6.069 6.129 6.297 6.169 6.256 6.111 5.875 5.912 6.195 6.271
80 6.190 5.159 5.094 5.199 5.197 5.201 5.161 5.140 5.117 5.157 5.208
81 6.519 5.199 5.210 5.189 5.131 4.994 5.163 5.213 5.107 5.160 5.220
82 6.644 4.303 4.442 4.295 4.407 4.369 4.497 4.359 4.345 4.473 4.549
83 6.799 6.575 6.603 6.536 6.351 6.201 6.550 6.485 6.555 6.447 6.561
84 6.946 6.308 6.655 6.851 6.895 6.424 6.496 6.329 6.718 6.414 6.774
85 6.982 6.489 6.283 6.554 6.360 6.057 6.298 5.402 6.085 6.391 6.359
86 7.960 5.820 5.937 5.861 5.845 5.678 5.640 5.686 5.973 6.048 5.932
