data_index lambdaa.observed lambdaa.predicted.repeat1 lambdaa.predicted.repeat2 lambdaa.predicted.repeat3 lambdaa.predicted.repeat4 lambdaa.predicted.repeat5 lambdaa.predicted.repeat6 lambdaa.predicted.repeat7 lambdaa.predicted.repeat8 lambdaa.predicted.repeat9 lambdaa.predicted.repeat10
1 342.000 359.655 338.280 346.151 365.342 357.494 336.929 356.552 361.990 362.888 340.800
2 336.000 360.216 342.923 346.804 343.084 349.366 350.693 341.447 339.872 356.864 346.069
3 434.000 432.009 424.402 435.462 433.586 440.751 431.903 430.973 433.295 430.461 429.262
4 320.000 316.515 317.507 316.698 318.123 317.019 313.444 318.993 316.486 317.929 313.363
5 317.000 324.427 323.738 320.924 325.576 326.134 324.636 326.311 328.206 326.099 324.701
6 432.000 450.066 453.489 456.583 451.790 452.192 448.285 456.241 451.988 452.869 452.406
7 419.000 426.931 422.795 427.614 420.969 425.056 424.921 426.298 428.812 428.406 429.075
8 554.000 542.697 546.688 548.956 542.520 543.184 533.515 540.540 532.084 538.432 536.745
9 438.000 481.785 477.441 472.082 495.512 479.150 482.394 467.145 452.531 482.315 477.855
10 315.000 315.521 318.717 319.200 314.947 317.106 317.443 318.961 318.358 319.094 316.997
11 325.000 331.766 336.510 332.642 338.821 336.815 338.337 333.343 336.138 334.061 334.231
12 492.000 378.804 409.527 407.584 428.491 417.273 422.545 418.180 401.553 403.070 413.140
13 370.000 365.768 364.951 370.420 361.669 364.174 367.886 370.061 367.380 364.517 364.859
14 424.000 411.189 415.840 420.253 415.411 421.396 411.696 416.790 416.568 413.017 424.332
15 400.000 398.560 399.868 397.593 400.549 400.892 399.871 401.047 398.740 395.529 398.511
16 406.000 404.706 402.099 401.150 404.417 399.642 401.116 403.297 404.559 403.009 405.175
17 429.000 425.067 421.587 427.609 431.905 427.538 435.332 429.757 425.073 433.523 416.686
18 450.000 429.479 420.295 415.230 426.348 427.815 426.759 415.626 420.280 405.147 427.327
19 342.000 337.944 337.563 331.953 330.491 330.870 334.346 332.766 332.609 333.790 335.889
20 302.000 328.594 335.761 335.096 334.158 333.063 326.597 336.001 333.027 337.628 327.847
21 437.000 447.171 448.810 443.087 449.234 449.726 447.581 452.861 446.449 448.264 451.936
22 407.000 415.849 411.875 415.236 412.425 411.745 411.402 410.284 411.788 414.748 409.882
23 384.000 392.345 392.975 400.275 389.796 393.495 391.529 394.860 393.625 391.463 398.315
24 371.000 379.646 374.420 380.214 379.058 375.436 368.925 377.827 380.589 386.517 367.821
25 417.000 321.397 335.830 346.569 327.984 334.561 329.286 330.763 329.257 322.894 333.014
26 425.000 434.926 430.596 430.963 431.750 432.935 427.638 435.218 426.484 429.922 434.322
27 350.000 344.088 355.021 357.563 357.881 361.650 352.421 351.200 328.114 336.437 360.302
28 444.000 439.467 428.087 450.077 414.860 429.939 434.986 433.865 478.714 418.724 445.989
29 379.000 373.890 368.330 400.591 375.341 381.986 394.309 378.996 376.373 384.171 381.757
30 400.000 418.322 411.875 412.906 409.985 415.509 415.246 415.214 414.669 417.315 417.970
31 378.000 369.764 374.311 396.970 380.266 380.099 374.709 379.021 374.806 364.575 378.041
32 364.000 376.200 380.935 382.326 380.391 370.544 379.316 369.875 373.586 377.768 375.821
33 360.000 354.634 358.851 359.744 357.269 354.933 355.841 354.911 363.956 356.084 353.990
34 382.000 410.563 414.879 420.440 383.761 409.810 392.166 420.514 406.856 398.387 407.587
35 527.000 495.328 495.720 516.937 444.082 535.544 475.666 503.878 513.346 477.766 487.985
36 408.000 400.998 403.638 400.621 403.963 401.732 402.996 406.441 403.300 400.133 405.095
37 421.000 386.530 376.498 381.246 400.689 388.714 379.513 374.706 372.386 393.636 382.190
38 346.000 332.388 330.400 333.405 332.472 338.822 332.492 329.721 333.978 333.524 330.926
39 478.000 532.579 529.362 511.589 496.233 525.647 524.055 508.136 525.177 520.325 532.450
40 420.000 413.270 420.858 416.932 409.343 415.041 421.857 418.730 411.402 415.420 417.707
41 430.000 442.924 444.106 439.873 440.462 440.330 443.226 444.810 443.259 444.115 444.643
42 623.000 574.518 570.869 574.607 574.199 569.001 576.066 573.486 564.688 578.015 567.804
43 457.000 441.946 446.135 443.848 440.571 445.968 446.307 449.615 439.031 440.877 447.389
44 424.000 423.181 421.346 408.703 413.153 417.820 415.642 417.914 413.008 414.550 409.800
45 456.000 467.654 477.330 462.905 462.966 475.395 466.276 478.768 451.450 480.952 480.105
46 411.000 400.532 404.318 406.751 409.376 402.766 399.554 406.688 405.192 403.554 401.340
47 413.000 454.736 449.316 476.145 426.312 448.527 446.408 455.161 452.613 440.096 453.157
48 332.000 368.753 358.643 361.036 370.766 345.113 388.416 379.071 375.362 366.224 392.406
49 489.000 484.759 484.841 484.185 477.816 485.924 484.429 489.891 478.329 485.365 481.078
50 425.000 410.601 398.927 406.494 396.081 419.607 431.953 412.956 421.034 405.947 391.632
51 359.000 383.797 386.434 383.209 398.976 384.295 387.326 384.288 379.521 387.380 388.363
52 418.000 420.077 422.226 420.361 419.131 417.861 417.476 422.947 415.148 421.029 418.837
53 325.000 320.188 313.388 314.948 315.954 314.857 314.242 314.618 314.822 313.840 318.533
54 447.000 436.504 441.915 446.680 444.561 436.769 437.380 440.769 439.985 431.086 439.499
55 464.000 479.513 473.398 484.237 478.935 486.627 483.524 480.975 485.962 475.610 481.075
56 431.000 427.833 423.568 418.482 421.851 419.168 419.513 422.617 425.372 418.452 415.241
57 332.000 361.526 368.497 381.725 337.639 395.881 361.161 380.009 331.336 344.012 357.730
58 329.000 414.530 420.298 408.816 418.180 418.593 426.385 429.664 413.972 427.417 423.800
59 315.000 315.996 319.511 316.806 314.412 320.710 316.374 315.744 315.423 318.154 315.509
60 396.000 402.884 405.265 405.522 397.238 396.771 404.962 404.548 412.468 404.830 399.055
61 390.000 390.565 381.803 380.354 377.105 377.158 391.918 378.616 382.330 378.522 382.410
62 423.000 456.495 449.562 498.811 455.314 462.278 455.635 451.631 488.441 472.621 445.078
63 430.000 435.188 439.071 439.502 439.261 439.418 437.464 438.382 436.894 435.690 437.470
64 429.000 419.657 428.068 422.768 421.799 422.131 424.788 427.801 423.324 419.565 425.756
65 467.000 446.575 446.899 449.740 445.381 443.836 447.458 445.080 445.599 445.866 445.238
66 602.000 570.232 569.702 562.870 565.727 565.485 569.418 571.805 579.333 578.838 570.900
67 461.000 482.672 475.099 450.178 475.803 497.070 475.343 507.924 492.446 483.715 466.292
68 342.000 353.505 352.000 353.391 351.100 348.426 349.680 352.496 351.327 352.367 355.109
69 545.000 544.394 544.150 543.910 420.537 542.415 521.463 540.225 541.177 539.387 541.252
70 415.000 421.880 420.314 420.435 420.078 423.061 421.618 420.581 419.819 421.302 421.347
71 365.000 372.389 357.110 369.723 351.732 368.443 371.384 364.822 369.305 376.225 371.639
72 429.000 438.204 438.581 440.279 434.689 441.847 456.914 451.221 433.493 430.753 425.957
73 336.000 336.006 330.537 330.564 334.381 336.417 336.794 334.631 333.514 333.579 330.845
74 302.000 310.014 314.969 327.322 308.715 314.564 313.056 312.556 317.007 329.241 324.971
75 426.000 434.412 430.733 431.253 427.883 430.885 432.027 434.210 426.940 434.386 426.462
76 364.000 387.423 385.369 375.936 394.955 387.244 383.266 383.669 382.703 385.673 373.624
77 451.000 423.121 420.298 427.195 418.557 427.101 427.262 426.019 423.919 420.263 423.774
78 573.000 568.551 570.329 570.219 571.189 570.827 566.511 568.447 566.985 571.452 570.327
79 447.000 449.056 448.331 451.834 447.574 447.254 443.112 445.082 447.752 453.197 445.968
80 322.000 329.473 325.805 339.696 327.601 338.862 328.614 328.143 335.991 332.830 333.918
81 586.000 581.178 589.267 575.731 584.301 580.767 578.294 584.322 580.652 588.932 583.256
82 459.000 474.274 455.947 462.346 463.275 457.881 452.756 459.286 449.908 468.538 466.934
83 405.000 413.555 421.725 407.783 409.987 409.387 422.824 413.973 420.653 410.424 411.526
84 434.000 437.983 440.443 441.557 438.650 437.886 439.650 432.226 438.645 429.331 441.926
85 441.000 447.861 450.487 450.179 448.496 450.398 450.716 452.494 449.104 452.324 452.717
86 403.000 406.837 408.298 407.783 409.556 407.192 408.654 408.254 408.132 406.826 407.136
87 450.000 420.833 425.312 424.111 435.375 418.781 427.090 417.561 425.098 418.521 425.305
88 372.000 377.015 370.232 376.893 367.413 377.277 371.581 371.160 376.315 375.200 375.508
89 400.000 394.197 420.176 436.123 418.805 423.874 398.830 405.502 407.466 414.108 406.317
90 545.000 547.186 549.312 553.283 546.835 546.946 552.509 544.648 545.208 542.819 555.341
91 411.000 404.368 404.561 404.823 408.331 406.673 401.753 395.805 408.315 405.484 407.862
92 344.000 344.753 349.933 345.137 351.186 354.940 349.364 346.186 346.403 345.207 346.438
93 502.000 535.922 557.034 536.716 550.716 533.037 545.585 533.854 542.327 544.479 548.058
94 401.000 428.305 393.279 439.566 440.396 451.553 425.554 443.969 451.038 436.801 434.293
95 407.000 405.272 408.320 409.916 410.295 410.762 404.959 416.804 410.953 409.215 410.673
96 444.000 431.334 436.104 428.426 434.703 432.718 432.847 425.364 437.421 439.718 434.069
97 321.000 334.766 324.670 333.307 318.852 331.111 334.092 319.455 332.603 326.873 324.151
98 584.000 591.329 587.559 589.151 593.574 598.685 590.678 584.556 588.015 589.431 594.240
99 480.000 490.065 483.595 580.772 485.663 498.732 577.574 492.242 487.508 488.544 492.651
100 510.000 525.392 523.252 525.769 522.980 524.448 510.187 522.125 518.616 530.853 517.755
101 408.000 411.908 408.455 407.651 412.135 414.323 408.358 412.590 420.267 418.940 408.577
102 323.000 320.978 323.566 324.567 321.411 324.365 322.027 323.280 322.870 324.489 324.466
103 438.000 470.138 444.735 464.387 463.371 468.477 461.002 457.886 468.726 470.381 428.035
104 417.000 415.454 415.941 417.705 412.390 416.797 417.772 414.315 419.017 419.628 415.817
105 429.000 416.829 425.292 423.345 421.350 421.812 421.565 425.954 427.578 421.445 426.414
106 434.000 430.445 420.360 426.159 430.323 426.756 426.474 425.877 431.215 430.138 420.098
107 442.000 434.576 430.959 432.520 426.330 432.656 427.071 426.741 427.822 426.759 436.814
108 410.000 413.574 411.174 411.554 410.626 411.747 412.093 412.152 409.810 412.612 410.528
109 335.000 436.776 413.192 409.027 435.248 414.391 422.301 417.151 433.622 416.475 428.268
110 515.000 534.256 523.282 527.831 509.704 507.498 519.144 516.785 513.219 510.770 526.667
111 400.000 400.637 400.082 400.294 402.879 400.577 399.456 402.806 400.441 400.646 400.085
112 429.000 431.566 438.734 428.965 430.495 440.523 435.074 440.458 431.713 438.403 434.209
113 432.000 426.331 441.987 420.483 452.089 420.968 416.693 435.188 445.007 441.694 429.199
114 335.000 332.393 332.094 332.738 330.935 331.367 332.908 334.690 331.720 331.652 332.200
115 395.000 379.300 385.605 386.096 381.193 384.405 386.107 381.590 381.215 394.900 383.407
116 341.000 338.910 339.406 336.950 331.073 338.476 334.307 330.187 332.598 335.203 333.904
117 425.000 422.303 423.435 427.163 424.761 423.116 427.981 421.774 421.112 419.941 422.711
118 351.000 375.319 380.423 378.342 377.187 372.994 373.770 373.241 376.630 378.217 377.229
119 315.000 318.338 319.347 319.264 319.434 318.742 322.873 315.585 316.354 315.484 318.674
120 320.000 316.320 316.228 316.317 314.359 314.804 317.587 317.132 315.893 316.466 316.912
121 588.000 569.879 565.631 563.846 562.699 565.348 549.619 567.384 561.490 556.952 558.392
122 469.000 467.929 455.952 458.679 478.845 470.691 471.513 478.131 447.713 455.118 452.260
123 321.000 338.249 336.219 326.752 336.983 336.822 329.198 333.601 337.119 333.797 331.300
124 310.000 455.551 439.281 410.839 448.722 460.419 456.183 438.000 440.388 433.089 432.311
125 362.000 398.398 381.070 392.533 380.324 395.432 406.999 397.705 424.258 388.412 387.919
126 332.000 400.770 360.163 374.288 381.792 365.217 355.405 378.389 364.472 375.130 402.078
127 307.000 368.185 378.095 370.510 370.191 371.364 374.735 360.851 352.451 374.882 373.776
128 400.000 394.837 395.885 394.653 397.062 398.548 395.124 394.610 398.520 398.231 399.657
129 490.000 473.535 476.217 476.518 472.944 471.766 473.209 480.972 484.289 480.390 475.299
130 354.000 350.306 355.390 349.384 353.303 356.808 355.755 347.281 349.463 350.317 361.881
131 326.000 321.255 323.404 323.690 324.013 323.385 322.788 322.881 322.592 325.948 323.154
132 326.000 321.646 323.821 326.245 327.422 321.230 321.121 321.555 324.208 321.155 324.510
133 409.000 406.873 407.658 407.319 410.382 409.687 404.237 404.800 408.003 408.078 407.545
134 562.000 488.938 481.254 476.937 458.392 479.615 486.195 463.291 480.559 483.000 475.108
135 332.000 355.871 347.048 348.465 348.202 355.703 343.198 338.720 349.002 358.062 366.552
136 472.000 431.462 434.624 447.796 434.016 441.602 419.804 439.118 467.401 436.072 429.306
137 405.000 410.637 409.461 412.907 412.459 405.909 407.803 411.909 407.799 407.342 413.154
138 394.000 397.439 390.437 394.321 382.311 396.465 395.975 395.651 399.634 398.557 390.446
139 324.000 328.379 333.320 328.781 329.158 327.290 330.589 327.754 328.433 330.651 332.975
140 555.000 563.599 561.826 561.587 564.610 563.733 562.811 567.271 564.593 562.153 562.592
141 324.000 326.573 325.242 326.928 329.343 325.392 324.140 330.506 326.439 323.356 327.334
142 422.000 426.767 421.460 412.091 423.000 420.897 417.751 409.728 422.828 426.841 416.692
143 429.000 423.298 424.005 435.366 428.484 422.107 422.860 419.840 425.948 425.799 428.553
144 314.000 316.450 315.464 315.959 316.275 317.328 315.290 318.216 318.984 316.661 317.768
145 445.000 423.281 427.944 433.632 431.998 436.362 429.715 435.833 432.956 429.961 438.005
146 420.000 434.985 446.638 433.523 436.536 432.704 429.002 445.533 423.459 437.986 432.870
147 350.000 352.951 352.593 349.181 353.831 350.939 354.223 345.152 353.024 349.911 349.247
148 381.000 364.901 383.429 358.827 364.633 358.022 367.379 373.358 361.846 361.597 367.334
149 340.000 336.885 340.480 338.378 332.023 339.363 336.347 345.021 337.832 336.577 328.540
150 462.000 456.857 463.169 466.670 469.082 473.868 474.562 467.030 461.491 460.921 469.123
151 545.000 544.255 549.746 546.171 546.684 551.355 554.408 548.806 550.876 544.970 546.468
152 401.000 404.332 404.824 411.625 400.867 401.331 402.584 402.483 403.481 418.843 402.997
153 450.000 503.704 518.266 508.677 528.465 522.519 472.906 516.800 511.280 517.010 505.654
154 495.000 500.210 496.495 517.525 510.238 511.232 502.576 492.117 494.781 496.215 514.151
155 415.000 464.477 447.557 454.998 458.199 474.781 423.291 456.440 421.141 458.249 456.724
156 580.000 538.562 537.148 532.265 531.687 546.405 528.885 535.699 534.813 538.762 530.252
157 412.000 405.119 412.820 405.435 406.816 406.659 403.372 406.230 404.497 409.053 411.086
158 446.000 461.159 483.831 478.659 489.555 460.116 485.431 481.204 483.392 493.583 481.040
159 330.000 333.801 328.438 326.740 327.928 330.117 332.001 328.757 332.728 322.258 333.931
160 325.000 341.886 335.145 331.011 328.426 327.080 343.945 334.520 333.693 335.363 336.261
161 316.000 316.096 316.228 318.386 316.513 317.448 316.048 316.804 318.482 317.971 317.538
162 408.000 397.728 403.101 403.888 399.939 401.858 400.841 392.239 406.084 395.283 403.590
163 428.000 416.292 412.572 426.569 416.228 420.385 423.743 416.356 418.902 421.908 418.341
164 396.000 494.656 499.059 490.731 498.645 495.363 487.233 491.861 503.855 508.085 487.730
165 385.000 361.675 374.856 367.381 370.287 372.546 372.424 367.634 345.024 358.132 357.932
166 335.000 329.425 329.572 331.949 330.263 330.525 331.602 326.295 331.724 333.693 331.620
167 339.000 332.820 332.707 331.423 327.455 332.170 330.387 332.482 330.179 332.625 329.170
168 419.000 423.561 423.571 423.908 427.281 419.026 424.616 424.523 417.988 422.138 423.670
169 321.000 316.291 318.243 315.442 315.996 316.966 318.152 318.766 313.379 319.725 317.241
170 419.000 418.508 415.720 415.060 414.945 413.378 415.692 415.337 419.008 417.843 413.875
171 423.000 428.219 428.447 425.659 427.445 425.068 431.984 427.637 433.802 425.031 428.879
172 416.000 428.876 428.506 426.133 425.006 424.149 430.911 429.654 418.932 427.346 428.046
173 434.000 429.378 425.392 441.357 417.654 425.114 427.589 419.355 435.379 421.237 432.382
174 329.000 331.592 329.507 325.618 335.501 335.558 336.045 334.382 332.113 325.504 324.500
175 450.000 442.642 442.034 437.488 444.967 434.171 435.448 435.662 437.960 433.409 436.970
176 333.000 321.255 322.799 324.129 322.962 322.925 318.761 322.694 321.881 325.948 319.177
177 420.000 426.556 427.747 425.004 423.199 425.064 427.629 422.292 428.528 427.027 425.894
178 315.000 317.861 318.712 320.880 320.566 320.280 321.826 320.546 321.854 320.864 324.621
179 349.000 356.913 359.296 340.391 346.943 348.597 340.488 353.481 348.786 351.613 351.430
180 431.000 413.797 424.078 419.598 415.992 424.773 423.045 425.962 416.140 439.090 414.106
181 407.000 396.260 396.998 396.907 396.535 392.367 399.317 396.875 398.854 396.714 394.145
182 424.000 419.466 419.766 422.390 421.348 420.831 421.389 419.937 420.203 419.930 419.382
183 425.000 420.742 416.138 421.236 417.468 430.933 420.838 418.376 418.286 422.528 421.445
184 588.000 589.943 584.816 585.076 591.422 583.896 580.414 589.288 585.298 578.615 580.686
185 332.000 336.253 332.278 332.957 336.304 333.035 335.926 336.974 334.149 341.049 337.361
186 379.000 405.406 411.640 405.352 413.995 405.061 409.773 407.075 407.712 422.346 411.316
187 586.000 592.820 583.209 577.289 589.498 587.367 589.085 586.357 590.751 587.966 588.689
188 528.000 566.360 575.129 570.544 570.365 573.890 573.791 578.092 572.586 566.892 568.543
189 425.000 411.550 433.286 414.263 412.255 414.265 447.009 424.497 416.353 413.747 422.058
190 398.000 393.284 401.024 396.007 403.466 400.420 390.970 392.966 390.013 398.486 395.582
191 492.000 517.505 514.296 511.246 521.278 521.531 507.631 519.023 516.551 524.043 512.444
192 395.000 400.698 401.907 401.042 398.934 392.021 403.742 401.402 395.773 398.981 399.969
193 503.000 457.130 440.476 451.128 427.335 458.304 440.305 443.219 446.418 462.876 450.684
194 402.000 410.951 407.667 407.501 408.997 407.893 406.453 406.568 407.938 409.062 408.543
195 316.000 323.565 324.909 324.287 326.375 324.412 321.475 324.384 328.727 322.687 324.496
196 537.000 528.012 534.742 502.838 525.545 520.531 513.052 518.898 535.300 516.607 535.196
197 426.000 430.039 437.367 439.745 438.210 444.714 438.055 432.979 439.185 436.514 433.855
198 414.000 431.113 426.663 428.953 427.238 424.402 428.097 446.379 427.837 432.441 432.007
199 460.000 502.558 501.987 580.535 501.122 497.157 577.574 511.381 519.632 504.173 503.077
200 438.000 440.649 429.935 438.689 425.913 440.137 436.209 432.072 439.113 437.599 438.704
201 418.000 421.374 420.581 418.499 416.039 424.402 419.612 416.214 418.426 419.247 417.680
202 432.000 434.681 416.927 399.623 411.452 420.329 393.018 406.393 392.599 407.537 394.478
203 422.000 424.493 423.926 431.474 422.683 431.002 424.626 425.918 425.848 424.678 426.493
204 450.000 425.575 429.458 424.212 424.943 425.382 422.406 428.190 426.057 428.663 426.557
205 362.000 366.458 350.853 370.787 352.442 370.938 365.040 368.146 363.043 372.243 363.891
206 500.000 451.086 455.918 466.078 437.231 450.869 460.345 465.717 379.397 446.519 452.662
207 361.000 368.950 366.150 370.246 378.659 386.648 366.957 368.467 366.363 360.191 361.123
208 439.000 432.079 422.674 447.082 425.996 438.808 446.003 429.052 427.447 436.797 437.675
209 382.000 472.897 464.068 471.514 471.743 473.002 452.327 471.694 479.238 469.575 463.988
210 446.000 450.975 443.045 442.511 449.161 452.170 448.212 462.781 441.008 447.630 453.225
211 420.000 426.434 427.263 428.510 423.341 424.830 423.461 427.307 426.672 423.226 425.047
212 420.000 418.901 426.907 415.950 414.785 420.166 416.366 415.466 417.628 419.793 422.434
213 488.000 399.987 397.353 381.340 393.109 383.321 392.466 403.575 406.613 366.886 384.392
214 395.000 402.291 404.322 404.876 407.786 408.804 401.253 410.652 403.970 406.762 398.335
215 399.000 403.976 402.127 404.461 405.622 404.431 403.319 405.349 404.740 404.494 405.223
216 356.000 353.464 361.070 358.230 359.916 358.713 359.408 360.356 357.562 352.724 351.732
217 440.000 429.517 429.977 433.560 430.158 429.142 431.034 428.625 433.301 424.506 434.157
218 342.000 323.989 325.742 333.126 327.251 337.773 326.507 333.281 328.108 324.094 329.744
219 535.000 426.102 407.174 433.737 397.157 391.065 416.948 373.297 401.832 441.486 404.196
220 525.000 502.793 507.419 499.269 505.550 531.083 501.085 504.148 502.469 494.839 509.859
221 526.000 503.198 504.761 506.356 495.202 500.574 510.963 489.909 500.200 491.553 494.093
222 318.000 325.963 326.846 333.173 326.457 326.425 328.114 330.532 326.990 325.827 324.724
223 518.000 438.763 458.958 453.642 456.092 472.623 461.761 468.674 417.807 439.136 452.894
224 366.000 343.700 343.053 340.751 346.039 344.678 347.432 341.803 347.193 337.556 348.049
225 349.000 362.451 357.718 359.595 362.551 375.126 352.166 363.240 363.022 368.968 360.765
226 396.000 399.909 400.606 399.892 401.272 400.865 400.058 400.689 400.893 404.299 399.685
227 380.000 377.559 377.428 379.582 383.208 382.657 379.509 375.779 382.735 371.640 374.360
228 375.000 381.314 377.704 381.371 376.741 380.537 379.621 372.484 384.608 374.926 381.789
229 455.000 441.603 448.485 444.933 446.219 447.572 450.700 448.300 452.468 442.736 446.160
230 428.000 448.346 454.398 461.968 464.466 471.111 458.853 468.742 448.201 451.990 442.641
231 334.000 329.713 330.221 328.465 328.497 328.539 331.716 328.768 329.582 324.600 330.156
232 337.000 348.131 338.552 338.466 339.589 331.386 330.580 336.532 341.552 339.548 335.624
233 418.000 425.696 425.439 430.677 430.772 424.983 427.810 426.255 426.356 426.362 414.374
234 310.000 318.184 320.639 312.323 317.611 319.444 318.226 316.116 318.748 326.058 319.115
235 395.000 398.190 401.182 399.031 397.031 398.958 397.444 397.852 398.221 401.726 397.456
236 450.000 394.409 402.443 394.031 401.599 416.446 402.564 410.113 393.059 400.181 389.200
237 368.000 365.811 360.953 362.954 362.174 358.750 357.655 360.572 362.341 355.634 359.257
238 468.000 474.293 489.075 453.367 438.554 471.974 455.238 449.100 491.513 467.833 466.636
239 305.000 317.844 318.192 314.545 315.653 313.248 317.803 316.026 317.204 315.111 317.671
240 303.000 318.634 322.518 318.910 319.809 316.524 317.490 319.594 317.628 318.367 323.971
241 316.000 312.708 325.833 320.261 311.684 330.909 313.659 317.108 311.897 317.308 318.255
242 360.000 373.082 366.981 362.367 351.225 370.395 348.326 366.946 369.003 367.428 361.945
243 466.000 455.250 457.436 456.854 458.102 467.534 463.741 460.154 461.443 461.574 455.023
244 422.000 426.410 429.077 426.860 424.559 424.292 428.545 426.937 427.247 422.218 425.245
245 418.000 417.245 414.110 405.726 402.964 407.188 413.116 407.468 411.411 420.042 407.861
246 409.000 414.195 411.601 412.923 413.914 413.155 415.165 410.405 416.899 413.881 413.797
247 326.000 326.837 331.125 334.800 324.794 332.008 325.215 336.366 327.683 335.635 325.221
248 328.000 355.563 353.056 362.013 374.439 355.305 370.216 371.536 362.662 363.859 347.363
249 369.000 374.699 377.747 371.932 368.752 366.850 372.190 369.461 382.487 390.829 371.114
250 346.000 331.766 327.601 328.733 326.719 326.775 329.007 329.044 328.242 329.911 329.583
251 407.000 417.835 410.363 410.829 406.177 410.384 409.148 412.284 401.190 414.285 405.879
252 414.000 399.025 387.432 391.909 386.940 382.407 380.573 390.482 392.220 388.179 388.721
253 501.000 467.481 476.027 472.044 468.322 479.107 471.806 468.197 474.284 469.302 472.672
254 421.000 416.663 420.149 418.315 414.742 419.473 417.963 415.915 418.293 416.164 421.043
255 316.000 317.471 327.360 325.458 324.647 313.838 325.572 327.686 316.987 311.799 322.808
256 328.000 325.706 320.502 319.099 318.306 321.450 323.855 320.903 317.999 324.275 322.238
257 445.000 491.870 494.879 488.449 505.431 501.773 496.725 485.796 503.967 491.195 482.869
258 371.000 418.727 402.430 386.780 373.403 415.001 404.263 396.450 369.997 394.251 405.647
259 484.000 481.515 480.059 472.125 480.860 455.006 470.796 473.772 462.651 460.964 430.958
260 418.000 419.281 421.086 420.413 419.668 420.004 422.363 420.639 420.736 418.809 421.190
261 371.000 366.481 365.563 368.869 362.224 365.179 364.108 367.442 363.574 373.212 373.300
262 331.000 324.468 322.534 325.967 322.126 322.635 320.399 321.780 323.776 322.880 323.577
263 586.000 570.148 567.606 562.789 546.494 565.532 559.277 564.220 570.318 564.405 561.232
264 434.000 443.998 442.502 435.466 441.070 450.456 439.896 436.239 443.457 439.623 438.985
265 412.000 426.803 434.955 429.743 423.841 437.475 436.842 425.240 425.343 429.334 428.055
266 483.000 390.765 381.233 414.980 394.630 386.815 395.023 421.177 386.314 384.702 382.177
267 393.000 409.437 405.910 400.707 404.566 405.259 401.473 406.093 408.698 405.727 412.080
268 386.000 380.318 383.125 374.217 380.701 381.178 384.611 377.570 380.295 379.374 381.235
269 344.000 349.696 345.718 351.430 341.771 362.253 470.875 354.928 348.737 346.899 353.848
270 392.000 380.604 347.348 355.846 360.496 371.908 352.070 357.068 359.933 361.666 344.071
271 460.000 456.897 454.043 432.803 459.401 455.461 436.043 446.742 435.464 453.667 445.793
272 321.000 333.279 333.122 332.513 329.787 330.670 331.437 330.615 333.438 329.500 333.471
273 311.000 357.123 340.532 347.125 339.783 347.483 341.503 344.496 341.140 345.605 350.308
274 391.000 351.358 371.610 375.688 371.897 366.284 371.253 371.593 375.240 367.252 373.072
275 431.000 433.530 436.236 432.979 432.652 444.601 440.161 431.617 435.550 438.280 437.868
276 357.000 348.632 350.565 348.464 349.171 355.350 350.264 350.875 352.036 348.138 348.914
277 414.000 406.525 433.087 422.272 416.790 404.011 415.370 409.799 397.934 415.805 423.726
278 452.000 446.762 445.098 445.491 439.077 451.928 442.835 449.268 447.865 447.130 447.068
279 437.000 416.076 420.359 421.065 414.329 413.232 421.258 436.436 443.726 452.521 418.464
280 315.000 315.327 315.665 312.465 314.969 314.539 312.179 314.867 311.593 311.975 314.406
281 435.000 466.140 466.958 466.241 480.148 465.757 471.370 466.152 471.885 480.305 461.848
282 448.000 435.621 436.841 445.961 435.099 443.271 431.961 426.174 432.019 439.994 429.587
283 416.000 414.495 411.012 416.808 411.501 417.125 414.396 409.357 411.805 412.345 414.487
284 328.000 327.313 322.828 324.791 319.316 326.200 331.753 337.384 325.915 324.422 326.411
285 390.000 401.346 405.072 401.267 400.141 405.561 402.363 403.436 402.633 404.679 406.915
286 310.000 319.161 318.885 317.840 318.523 318.820 318.546 316.385 318.984 318.403 317.677
287 365.000 365.291 357.580 364.642 363.176 359.738 355.106 354.614 366.910 362.184 366.595
288 402.000 417.489 417.118 416.050 416.570 418.351 417.490 419.440 416.471 418.295 415.414
289 372.000 399.539 387.658 371.736 377.369 382.538 368.438 388.615 380.767 380.500 383.969
290 428.000 459.528 462.616 460.643 457.380 462.538 450.914 443.287 454.425 443.652 453.470
291 267.000 418.352 425.362 430.558 419.664 419.648 434.669 412.313 436.916 432.540 436.782
292 330.000 337.144 330.779 352.293 332.839 343.588 340.086 335.328 330.849 336.351 347.242
293 598.000 587.702 586.033 589.457 589.990 589.238 590.586 593.540 585.380 600.351 582.260
294 392.000 402.070 388.823 391.581 380.331 382.576 415.279 395.274 388.280 390.553 384.033
295 430.000 512.802 515.842 524.635 529.326 526.362 524.710 528.655 519.664 533.131 511.453
296 340.000 390.282 408.437 372.323 395.046 365.648 401.055 390.094 407.190 408.844 423.263
297 312.000 318.005 322.597 325.060 315.512 331.879 322.429 324.546 319.542 322.399 324.116
298 327.000 337.460 345.875 338.983 339.597 347.873 337.344 335.893 340.160 333.523 338.507
299 342.000 343.569 362.635 351.952 352.536 351.501 355.488 355.087 353.949 360.888 354.165
300 417.000 420.464 420.740 418.099 417.189 419.641 422.367 419.314 419.137 418.869 419.605
301 318.000 316.366 314.316 319.373 317.898 315.983 315.402 315.635 317.717 316.077 314.986
302 329.000 323.355 315.157 315.682 319.627 320.853 321.434 324.126 319.774 323.232 320.029
303 339.000 334.347 334.941 335.545 344.081 357.025 360.759 342.472 333.590 335.190 348.626
304 334.000 325.612 331.698 330.494 327.730 327.553 326.733 331.258 329.461 329.929 329.218
305 346.000 355.073 357.629 353.088 340.458 374.734 355.790 364.682 340.476 340.054 345.282
306 420.000 420.739 419.707 419.436 419.433 413.654 420.367 428.017 413.953 419.364 418.461
307 371.000 393.796 378.448 384.150 378.712 383.012 384.403 391.684 384.425 392.071 383.214
308 560.000 578.562 570.882 572.985 576.607 573.171 581.047 569.405 569.100 568.796 581.913
309 512.000 468.590 473.254 473.120 457.633 484.629 474.970 474.243 452.369 470.826 478.567
310 410.000 415.076 417.623 415.479 416.586 413.634 411.454 419.013 413.128 411.701 413.960
311 473.000 453.257 459.188 457.238 453.320 456.958 448.898 459.857 454.100 442.024 455.324
312 427.000 421.665 421.407 416.684 416.781 416.671 416.949 419.420 419.010 415.329 418.915
313 326.000 345.685 352.795 338.716 359.808 375.315 332.878 343.380 352.181 358.239 370.028
314 405.000 396.796 397.148 393.440 400.606 400.068 389.717 394.199 393.320 396.161 387.115
315 442.000 491.348 500.109 489.877 516.052 456.571 499.542 505.922 494.900 486.190 499.873
316 330.000 333.057 324.827 331.203 336.169 328.283 335.704 326.677 329.599 331.277 328.172
317 328.000 322.967 325.372 327.192 324.959 328.965 327.013 327.192 323.142 326.039 330.426
318 436.000 432.437 429.555 424.748 432.615 424.785 430.975 426.546 423.905 420.217 428.731
319 410.000 413.135 412.416 410.356 416.674 413.114 413.138 415.752 416.807 413.576 410.152
320 462.000 462.127 452.982 455.356 443.790 436.859 449.409 455.306 448.175 427.032 459.803
321 471.000 450.446 455.746 450.487 459.223 453.470 454.541 452.611 459.160 459.770 458.790
322 427.000 422.534 421.666 421.891 426.633 424.077 417.684 425.420 425.110 423.846 424.636
323 464.000 453.058 455.525 452.588 454.879 452.611 458.347 450.613 455.796 452.372 452.405
324 446.000 445.636 453.291 444.945 436.642 450.953 454.823 440.107 442.733 442.305 441.720
325 583.000 589.506 579.841 580.660 582.219 591.603 583.646 583.773 586.456 587.238 593.697
326 562.000 494.198 495.920 511.159 495.810 505.474 497.920 502.353 497.849 492.864 495.909
327 313.000 315.737 314.322 320.051 319.618 317.779 315.258 319.985 316.154 316.639 313.535
328 422.000 425.814 425.139 427.247 424.511 416.596 431.907 414.564 427.293 424.717 430.199
329 382.000 405.137 404.954 403.380 405.558 401.277 437.910 417.246 406.423 399.718 411.122
330 398.000 409.581 423.368 392.667 408.687 422.500 411.079 403.185 417.258 409.286 397.644
331 371.000 367.620 377.597 375.262 366.152 374.897 377.029 373.074 365.286 377.661 379.500
332 414.000 408.536 409.968 411.208 411.515 413.149 408.860 408.233 410.372 412.195 407.309
333 440.000 431.751 439.388 429.569 436.620 435.303 440.030 424.360 434.021 433.745 425.911
334 599.000 597.120 591.098 585.863 592.811 591.296 539.399 594.378 597.208 594.388 595.005
335 353.000 351.181 351.887 353.356 352.281 355.404 353.113 356.419 352.363 354.215 355.569
336 404.000 464.935 435.644 419.582 413.702 446.722 477.721 444.675 449.013 426.899 415.381
337 406.000 411.590 424.950 413.462 421.322 416.161 413.758 416.358 406.638 415.024 413.784
338 324.000 328.863 326.647 326.973 326.547 326.570 330.372 328.097 328.366 323.954 326.827
339 337.000 331.653 336.238 329.500 332.238 334.219 331.430 328.455 331.468 331.652 331.528
340 395.000 404.359 405.144 402.661 400.148 403.967 414.644 410.870 404.828 405.236 409.890
341 407.000 413.035 409.633 409.669 412.761 412.356 410.309 414.789 415.344 413.276 413.690
342 330.000 370.403 343.492 355.554 366.642 353.959 356.519 363.922 361.170 348.614 359.521
343 417.000 445.203 421.828 431.199 455.026 447.842 447.262 444.557 474.490 458.177 444.069
344 395.000 402.878 398.422 401.800 400.156 401.074 402.794 402.370 401.172 405.514 400.181
345 503.000 393.775 391.896 396.471 386.501 389.064 398.584 397.141 390.455 391.867 393.932
346 448.000 448.017 448.693 464.752 453.457 445.008 451.323 452.994 447.161 464.826 452.279
347 363.000 356.904 374.522 359.134 356.320 362.549 367.960 357.967 352.896 363.050 366.362
348 386.000 372.467 358.845 371.969 386.955 366.628 363.805 371.084 371.063 358.744 373.691
349 330.000 330.390 329.086 331.689 329.052 328.300 329.276 325.963 328.579 330.207 331.302
350 488.000 365.406 346.308 349.943 343.209 350.204 344.682 346.844 354.739 349.100 351.053
351 479.000 457.178 455.398 466.545 461.923 460.381 467.287 453.790 457.164 456.658 463.980
352 338.000 354.779 353.226 353.643 355.849 356.749 350.956 353.414 353.304 348.709 347.352
353 456.000 522.348 505.991 490.944 479.377 502.818 468.759 477.429 495.447 501.683 510.855
354 418.000 406.642 407.708 416.927 419.105 416.813 409.153 422.747 416.385 415.136 416.134
355 322.000 320.659 317.572 319.856 323.094 320.688 320.476 324.559 318.846 320.452 323.163
356 321.000 315.642 315.202 310.764 315.042 315.109 314.766 315.853 314.982 313.049 312.610
357 335.000 354.191 342.898 346.595 347.676 358.061 470.875 351.290 349.818 346.308 358.536
358 394.000 397.220 402.546 398.847 396.641 405.987 397.160 393.369 398.098 401.469 396.842
359 398.000 432.077 391.917 429.512 434.461 434.176 416.980 417.022 448.255 427.483 435.925
360 421.000 397.702 405.034 399.679 399.748 410.807 410.126 411.851 414.364 405.268 425.332
361 364.000 377.559 373.155 382.577 378.798 374.763 374.026 385.217 379.344 384.896 362.513
362 322.000 319.352 312.517 319.730 321.684 316.493 313.482 316.235 318.811 317.530 318.269
363 446.000 462.827 464.091 460.227 460.248 465.090 465.399 468.425 466.919 466.490 464.025
364 340.000 348.658 336.573 336.089 333.344 336.926 336.399 328.758 340.064 339.065 340.195
365 340.000 359.694 391.857 390.778 392.809 381.645 479.372 378.503 394.896 361.649 396.037
366 452.000 421.946 418.897 412.269 433.167 415.142 422.599 414.069 408.292 420.263 419.707
367 367.000 383.111 381.766 378.637 397.447 380.475 384.242 380.634 379.114 381.310 378.819
368 425.000 426.795 425.199 426.314 422.883 419.970 424.869 427.744 422.413 420.380 422.685
369 399.000 346.986 357.964 360.888 356.887 353.035 355.604 352.316 352.135 356.300 347.262
370 420.000 416.014 417.269 416.924 413.169 418.764 417.962 421.674 417.573 415.705 416.880
371 526.000 533.580 563.280 538.860 540.400 543.237 550.921 540.354 538.160 527.902 550.515
372 343.000 349.112 342.105 346.751 347.866 343.618 352.971 343.402 350.435 348.476 349.451
373 420.000 424.672 414.711 423.244 415.836 423.569 416.531 420.591 418.728 408.605 411.276
374 403.000 378.135 372.999 360.593 374.860 373.648 370.619 372.012 368.563 370.846 369.125
375 495.000 470.053 471.192 477.402 478.014 476.439 469.371 472.191 476.275 476.455 474.962
376 564.000 453.412 444.209 443.518 448.820 456.571 446.131 444.575 458.194 454.338 442.847
377 420.000 508.414 499.905 542.763 528.436 537.137 554.540 531.949 531.308 535.100 535.029
378 414.000 417.680 405.981 414.908 409.519 407.606 409.039 405.587 403.990 409.171 407.415
379 328.000 326.892 324.850 326.359 326.495 324.452 321.640 323.377 325.084 320.788 325.664
380 546.000 459.088 472.294 458.667 458.614 462.636 475.437 454.234 464.668 461.763 460.199
381 323.000 316.915 313.625 312.190 315.538 313.873 314.554 311.862 313.683 313.211 312.952
382 413.000 410.901 410.205 410.478 411.662 409.571 411.172 407.805 411.493 411.018 410.317
383 360.000 378.430 374.307 364.545 367.744 376.829 359.481 381.163 364.812 369.650 354.977
384 411.000 416.267 419.212 414.938 421.596 417.485 420.941 414.169 417.062 418.484 416.667
385 346.000 333.018 334.054 333.391 335.165 333.218 337.526 335.816 332.141 330.382 335.537
386 449.000 452.460 446.819 450.044 443.585 449.971 451.057 449.846 449.079 450.008 444.478
387 389.000 397.383 399.330 391.672 397.853 396.111 388.765 404.268 375.010 393.196 395.116
388 340.000 359.524 354.393 344.139 358.911 351.391 356.321 378.259 353.238 364.279 356.190
389 343.000 330.056 326.355 327.987 337.326 330.320 335.609 329.191 327.591 331.958 328.198
390 404.000 404.526 405.551 408.526 405.934 404.971 404.798 409.067 405.864 406.229 410.756
391 451.000 448.865 446.294 453.514 452.647 447.367 451.686 443.271 449.390 448.997 445.459
392 359.000 344.650 346.300 348.798 350.171 345.284 349.381 338.985 353.589 349.254 346.228
393 410.000 414.284 415.783 410.797 416.710 415.812 416.814 414.973 418.134 414.026 417.719
394 340.000 353.072 347.731 353.990 340.966 347.431 336.536 359.142 346.543 357.164 354.984
395 504.000 466.871 465.067 484.482 476.532 468.887 480.798 490.514 467.314 488.300 475.521
396 546.000 507.388 511.655 498.497 508.600 504.634 516.253 508.090 504.053 509.026 508.467
397 392.000 403.531 405.901 407.003 401.370 406.569 406.599 408.350 410.049 418.912 405.290
398 413.000 415.713 411.751 418.782 421.117 408.207 415.671 418.117 422.334 416.735 412.362
399 325.000 381.226 364.077 383.471 378.368 427.292 364.767 361.986 368.166 364.423 369.518
400 297.000 318.718 311.388 310.437 308.267 309.175 313.834 312.368 314.356 312.213 314.963
401 397.000 404.120 407.730 406.950 403.681 407.453 408.886 407.041 403.056 405.061 409.244
402 428.000 434.258 436.564 434.921 431.214 428.835 427.448 435.973 434.169 429.828 437.502
403 440.000 442.991 432.320 444.292 434.684 421.987 445.257 441.060 455.588 442.003 425.464
404 604.000 602.729 612.563 602.170 599.936 602.785 602.479 602.740 602.576 605.317 600.963
405 442.000 455.042 455.973 454.813 452.376 454.728 454.848 454.546 452.818 456.919 455.257
406 462.000 463.651 467.558 462.007 464.489 469.621 465.467 469.354 466.800 460.265 463.831
407 491.000 429.165 458.050 473.461 473.548 434.674 451.596 445.852 440.461 473.211 462.417
408 495.000 494.022 470.857 478.472 457.776 471.681 465.415 463.558 478.974 467.343 468.754
409 394.000 370.475 374.627 371.183 370.321 368.525 372.504 371.099 343.080 366.105 369.931
410 320.000 328.371 335.571 324.805 327.211 333.347 325.579 325.784 325.298 324.172 328.271
411 445.000 436.792 456.056 450.729 447.956 447.540 440.554 460.555 444.076 446.899 452.641
412 350.000 348.608 352.887 347.233 351.266 349.240 354.926 350.297 350.673 348.480 352.789
413 332.000 324.100 322.164 324.479 322.396 325.141 324.422 322.828 323.254 324.120 325.439
414 411.000 419.077 420.434 417.794 419.100 421.208 424.403 419.687 424.576 423.989 425.118
415 341.000 410.368 402.080 419.015 408.299 406.091 479.823 417.753 408.759 422.736 376.831
416 452.000 450.692 450.135 457.243 446.625 449.528 444.013 448.668 450.157 442.915 444.014
417 398.000 403.764 412.152 405.533 398.067 409.531 389.496 385.897 401.528 397.949 398.881
418 357.000 356.174 358.744 358.175 356.139 353.096 354.782 351.854 357.187 353.788 358.642
419 410.000 418.917 420.803 423.743 422.832 424.951 421.679 421.424 425.195 422.097 419.801
420 411.000 428.038 423.597 431.981 412.073 433.250 428.387 428.072 430.348 406.291 428.958
421 316.000 316.096 317.818 315.789 314.359 316.736 318.546 315.799 315.893 318.125 315.908
422 454.000 438.729 439.103 440.123 436.322 436.052 439.060 438.241 439.643 430.072 439.383
423 492.000 486.804 496.339 492.692 499.634 487.198 484.101 489.936 482.240 483.039 480.124
424 405.000 411.496 415.458 409.503 415.141 414.051 414.306 411.065 412.247 412.651 412.722
425 357.000 365.068 360.589 363.524 358.937 361.399 364.235 366.797 362.440 365.974 361.565
426 424.000 415.801 412.728 414.802 415.705 411.941 413.153 409.653 414.975 418.620 413.037
427 335.000 350.494 337.648 344.426 340.830 347.627 344.756 341.229 339.232 337.879 333.738
428 438.000 446.742 435.741 455.644 437.506 450.519 448.973 433.074 438.959 444.279 443.108
429 525.000 491.960 480.784 487.639 479.849 488.326 479.747 475.654 474.929 485.774 485.895
430 331.000 446.848 432.022 464.928 454.744 450.425 453.878 453.359 432.830 416.109 443.495
431 431.000 379.633 386.251 397.013 394.921 409.326 382.697 384.270 383.865 398.295 398.601
432 591.000 596.276 595.738 595.449 596.161 587.632 592.027 593.471 590.136 590.479 597.663
433 414.000 413.900 415.573 413.604 411.017 416.215 413.065 416.473 414.296 417.185 415.479
434 388.000 375.077 372.586 370.447 375.063 376.777 377.181 381.382 371.310 372.294 378.124
435 585.000 591.215 583.350 595.406 594.293 590.912 589.513 580.725 584.481 579.704 572.030
436 398.000 401.397 404.166 401.746 403.024 401.893 402.185 403.258 402.734 406.069 399.563
437 441.000 366.043 368.094 371.669 368.552 365.168 374.119 364.577 370.672 367.979 375.723
438 309.000 317.903 318.260 320.078 317.987 317.241 320.483 319.046 319.204 319.725 316.558
439 518.000 506.923 503.681 504.093 515.548 503.712 501.919 508.359 504.740 507.976 503.557
440 416.000 421.934 420.266 418.182 417.789 422.340 417.924 418.533 417.307 419.340 419.629
441 412.000 414.964 413.827 408.651 410.235 412.983 418.180 413.666 415.832 409.227 409.770
442 385.000 381.395 376.187 383.051 390.181 371.517 377.801 377.988 378.062 396.665 390.797
443 325.000 318.775 318.215 321.371 321.592 319.117 321.148 321.778 321.254 322.925 318.529
444 325.000 324.901 335.769 337.155 324.724 339.848 332.008 328.258 335.371 328.181 336.739
445 328.000 336.065 330.533 328.982 336.087 331.699 332.303 332.647 334.139 327.487 332.132
446 397.000 404.858 405.350 406.640 406.600 404.826 407.986 408.543 407.379 405.649 406.456
447 407.000 419.039 415.911 416.094 415.705 413.999 417.091 417.285 416.946 418.469 414.739
448 491.000 458.920 459.342 454.572 490.007 486.711 481.428 503.968 499.873 478.834 482.826
449 328.000 322.358 325.723 322.131 323.931 322.965 330.118 317.849 322.308 313.936 317.892
450 430.000 426.009 428.161 429.938 422.497 427.515 426.259 426.286 417.976 435.196 434.785
451 413.000 410.063 410.302 407.699 392.252 412.696 410.848 402.649 399.549 400.920 412.828
452 364.000 372.735 372.107 372.916 367.510 368.172 368.858 367.918 374.678 365.371 366.454
453 404.000 389.053 394.904 394.973 384.968 389.540 390.137 390.523 393.319 386.452 384.634
454 431.000 449.885 450.224 445.327 446.344 450.521 453.106 448.684 443.692 443.607 450.194
455 461.000 445.401 449.711 447.150 447.498 438.215 444.031 443.551 444.771 443.792 445.621
456 346.000 342.755 345.427 343.315 342.499 342.517 347.293 349.166 340.220 342.830 346.736
457 461.000 451.919 463.979 455.303 456.669 452.699 454.327 450.925 452.115 450.604 457.081
458 446.000 455.294 453.224 449.936 451.729 458.025 451.598 451.709 454.148 453.182 453.529
459 334.000 331.332 330.979 331.967 329.866 331.259 331.870 329.573 329.991 329.865 335.483
460 368.000 338.917 347.669 340.461 340.643 348.418 347.662 337.770 343.588 345.829 343.296
461 421.000 379.314 371.311 341.038 361.161 372.497 356.723 371.830 355.729 358.685 367.961
462 536.000 536.707 545.392 536.994 536.395 548.908 545.478 539.378 540.096 526.762 557.979
463 399.000 419.190 429.708 418.707 413.960 417.765 420.753 421.337 416.082 420.133 414.802
464 584.000 590.901 590.491 581.415 588.960 582.285 591.560 588.508 588.530 586.373 591.847
465 592.000 588.220 590.184 589.930 595.317 588.229 595.141 590.179 593.654 592.364 595.324
466 450.000 446.162 447.587 449.388 449.936 449.446 450.677 449.356 451.863 444.954 449.606
467 359.000 358.609 363.222 361.186 358.897 365.942 361.951 360.520 358.914 362.640 360.693
468 325.000 313.438 313.695 316.087 313.472 312.984 316.461 317.317 313.525 313.406 317.671
469 315.000 315.697 324.088 316.248 319.892 315.804 315.473 319.335 326.307 313.385 310.464
470 411.000 418.549 424.247 426.776 436.975 441.790 427.814 426.275 447.983 396.225 380.044
471 548.000 545.840 543.880 548.851 544.342 550.197 546.495 540.910 544.105 542.275 537.109
472 450.000 446.672 437.243 443.839 441.511 455.642 445.157 445.406 438.347 458.167 455.137
473 310.000 344.528 334.391 345.339 353.749 353.652 350.671 354.518 360.484 346.154 356.836
474 362.000 340.382 350.663 347.997 341.724 342.530 349.875 345.029 345.111 355.727 355.617
475 322.000 321.994 317.783 322.991 330.719 331.880 322.624 321.068 322.613 321.849 321.081
476 396.000 402.674 403.581 405.216 404.445 406.110 403.549 402.862 404.610 405.662 406.206
477 408.000 425.230 424.005 422.950 421.894 421.968 420.121 421.424 417.946 425.256 423.700
478 540.000 539.017 503.943 536.014 511.913 538.800 516.404 521.686 534.268 533.681 525.143
479 399.000 400.611 401.238 404.664 398.296 400.546 401.444 398.319 399.753 404.805 396.024
480 448.000 443.176 447.990 458.564 449.152 448.167 451.127 451.595 453.491 452.662 450.975
481 460.000 412.287 408.762 409.619 406.760 409.721 408.549 415.314 409.524 408.532 406.867
482 331.000 328.379 325.643 326.866 328.202 330.827 332.401 326.528 331.961 325.409 328.981
483 448.000 451.628 442.595 449.577 451.351 451.157 443.099 452.273 451.542 449.414 446.095
484 444.000 462.924 431.840 455.998 444.273 456.489 456.222 464.222 437.183 450.263 464.856
485 336.000 334.178 329.811 329.790 332.997 333.135 332.854 336.974 332.871 331.041 332.596
486 502.000 392.804 403.024 392.435 387.587 404.379 406.543 397.381 406.921 407.051 416.834
487 409.000 419.907 422.812 420.290 423.063 421.225 421.488 415.314 421.099 425.870 423.430
488 405.000 408.801 406.746 405.341 406.509 406.850 411.841 409.960 406.355 407.588 406.438
489 555.000 579.477 578.078 571.880 569.348 578.095 569.361 586.742 574.019 586.263 579.372
490 427.000 422.220 421.016 426.737 424.384 424.150 417.684 425.420 425.963 423.351 424.687
491 452.000 429.936 441.671 435.550 426.699 439.244 431.850 437.246 436.088 437.179 436.427
492 329.000 335.963 334.353 334.512 334.222 335.502 338.134 334.177 337.693 333.546 342.148
493 491.000 435.693 457.537 476.385 460.610 481.467 480.816 458.371 467.305 455.353 451.924
494 440.000 433.587 431.875 438.451 440.004 434.315 440.234 430.608 437.323 437.351 435.033
495 363.000 349.078 342.823 336.801 344.272 336.380 343.762 340.241 333.413 341.920 341.712
496 432.000 424.303 422.735 424.809 426.689 428.443 429.313 422.894 428.849 422.022 420.397
497 514.000 508.992 498.536 509.368 507.666 505.277 505.331 502.893 509.132 501.441 505.742
498 536.000 569.421 563.084 575.985 569.385 572.135 568.467 575.497 570.308 567.879 568.300
499 462.000 442.829 450.369 447.731 450.196 450.545 448.872 453.469 447.106 447.119 450.244
500 510.000 525.622 520.190 521.150 525.977 518.525 520.791 525.624 514.894 508.822 520.594
501 357.000 363.204 363.345 377.445 374.023 353.438 356.241 356.964 372.074 366.777 361.529
502 418.000 422.512 422.628 422.720 420.297 421.277 422.894 422.855 424.984 425.074 427.913
503 406.000 422.729 421.704 431.738 426.967 418.673 429.576 420.747 419.535 437.410 433.731
504 464.000 451.989 444.353 456.039 445.380 463.224 454.508 461.956 466.298 438.640 460.747
505 400.000 398.180 401.557 398.604 401.022 401.040 398.986 398.271 402.254 403.085 400.986
506 400.000 402.939 408.511 402.513 404.922 413.422 410.299 401.215 408.440 402.714 406.844
507 333.000 324.927 325.064 324.006 326.109 322.809 324.927 323.701 329.075 324.825 326.876
508 452.000 429.371 454.200 438.128 455.175 437.696 444.726 461.257 435.991 442.857 440.727
509 586.000 567.919 570.633 569.881 547.629 568.659 569.036 569.612 569.197 566.051 570.913
510 461.000 431.311 431.267 428.047 435.539 430.836 437.729 435.651 441.899 434.470 433.052
511 606.000 592.847 590.753 597.539 597.164 591.901 537.885 594.378 597.797 597.756 590.501
512 338.000 358.260 356.594 354.021 356.303 365.973 359.199 365.529 353.622 354.845 362.840
513 368.000 371.867 365.511 372.023 381.892 378.898 359.204 366.788 350.101 365.805 367.219
514 442.000 419.630 419.872 429.668 430.059 423.866 412.503 414.130 428.479 414.718 414.975
515 417.000 413.827 414.501 416.050 413.335 410.015 412.771 414.224 413.902 412.310 414.370
516 328.000 318.858 316.111 314.792 316.230 324.561 316.778 315.369 315.847 323.353 316.897
517 477.000 446.608 424.740 449.027 433.159 426.271 456.826 448.320 452.941 454.557 434.425
518 350.000 328.039 326.397 340.711 326.348 325.699 329.240 348.025 334.159 337.425 333.972
519 421.000 421.096 420.780 416.871 417.965 420.016 415.382 420.663 419.623 418.994 416.587
520 592.000 559.047 565.443 568.851 572.372 570.581 554.290 558.108 561.807 580.677 569.378
521 422.000 431.289 432.748 433.120 434.499 430.534 433.329 436.413 426.889 435.407 435.908
522 473.000 482.673 477.955 481.349 476.350 474.334 467.748 475.474 475.428 476.759 456.424
523 567.000 560.919 559.071 558.726 566.476 562.560 573.237 566.824 559.353 560.983 566.070
524 425.000 419.790 423.441 415.392 415.104 425.074 421.467 421.204 414.613 419.336 424.396
525 429.000 418.158 427.556 416.124 422.174 443.943 422.366 424.313 419.875 432.690 425.832
526 351.000 352.761 348.938 352.041 352.745 352.850 351.934 351.016 349.453 343.694 351.386
527 416.000 417.559 419.739 416.180 417.547 417.812 417.855 417.565 418.241 414.519 419.917
528 354.000 352.160 354.100 355.713 352.162 353.760 348.083 348.683 350.137 348.384 350.912
529 524.000 520.777 521.580 512.665 524.005 522.148 513.049 514.873 519.932 517.656 531.353
530 334.000 384.095 368.481 368.194 364.184 391.709 388.531 368.799 370.725 370.726 371.424
531 462.000 442.829 451.615 446.839 449.076 448.968 449.840 450.550 447.106 453.124 446.968
532 477.000 437.169 450.315 465.581 456.821 454.583 453.609 457.155 459.577 453.589 438.492
533 528.000 516.569 528.051 493.986 514.581 529.231 507.251 529.519 523.991 532.898 507.736
534 335.000 330.180 335.745 334.698 336.072 336.227 341.215 331.582 336.784 334.874 342.091
535 323.000 366.953 341.071 363.305 364.651 383.484 372.388 366.257 395.760 362.973 384.779
536 412.000 418.331 419.739 417.711 420.621 418.006 419.505 417.565 416.299 420.308 419.917
537 551.000 549.740 560.779 557.319 553.331 561.193 556.819 547.967 543.734 563.060 562.953
538 406.000 407.158 404.918 405.413 404.824 406.969 405.514 406.137 408.770 408.128 403.371
539 502.000 522.086 524.025 505.380 526.480 518.892 522.564 511.133 523.819 521.406 529.666
540 415.000 407.264 408.460 406.139 408.892 408.891 413.414 407.083 408.588 407.710 406.743
541 336.000 336.091 333.978 334.810 333.543 332.215 333.100 331.542 332.644 335.244 335.536
542 312.000 313.572 315.321 316.208 315.041 315.953 314.632 310.638 315.762 315.826 313.950
543 330.000 331.044 329.926 327.249 329.245 329.818 328.876 328.961 331.406 328.798 329.760
544 508.000 450.404 464.385 449.027 450.836 481.053 463.243 467.958 463.237 481.376 444.336
545 588.000 584.132 592.909 586.165 580.282 587.105 582.971 585.231 588.187 588.759 582.844
546 410.000 427.079 422.745 422.888 424.764 433.308 421.707 428.762 430.375 423.838 424.871
547 540.000 553.124 552.540 550.327 553.268 549.398 556.153 543.520 552.086 541.532 560.223
548 362.000 375.718 381.500 379.249 371.931 388.366 378.059 374.562 375.566 380.002 374.566
549 404.000 405.322 404.848 400.621 404.717 409.100 403.647 405.753 403.703 407.552 407.239
550 370.000 353.804 357.803 359.975 363.643 358.597 354.556 361.147 355.742 357.067 359.664
551 482.000 404.888 405.698 388.267 383.286 395.735 394.352 412.505 397.096 404.124 404.091
552 398.000 402.317 402.137 403.320 403.861 402.995 402.176 403.539 403.143 407.140 406.160
553 466.000 469.398 477.372 474.928 478.148 466.865 469.869 457.159 467.385 480.854 477.760
554 405.000 408.604 406.899 408.196 407.396 407.981 408.244 409.191 408.588 408.360 406.399
555 576.000 566.966 574.082 573.139 575.419 568.480 549.659 576.283 577.234 579.865 566.675
556 457.000 418.917 416.253 418.655 416.855 416.950 420.121 415.831 417.946 416.071 416.599
557 478.000 455.635 445.916 456.838 453.320 458.220 448.898 456.312 453.211 442.024 447.376
558 431.000 467.110 457.924 475.115 473.389 475.316 467.817 471.455 462.798 466.106 459.420
559 411.000 382.089 368.417 380.593 386.163 378.852 365.926 381.829 367.102 354.106 398.267
560 409.000 406.273 409.631 405.692 408.800 410.493 407.205 409.000 406.015 408.034 413.449
561 375.000 355.865 376.909 369.313 375.050 392.583 370.089 359.183 384.122 372.091 368.871
562 400.000 414.043 418.525 429.491 397.115 390.423 413.162 424.722 416.906 425.750 418.894
563 331.000 331.764 327.901 329.901 329.390 327.694 331.643 326.460 332.514 331.402 332.699
564 412.000 409.132 395.245 403.168 402.070 406.218 406.390 398.933 414.301 401.823 411.393
565 485.000 465.767 490.768 503.244 486.700 470.018 484.983 468.197 489.092 477.760 480.283
566 407.000 418.319 420.243 416.267 417.497 418.698 412.733 419.613 419.897 415.718 418.890
567 405.000 405.290 401.633 404.648 402.831 410.804 399.944 408.075 406.918 409.826 413.922
568 406.000 403.931 401.544 409.206 404.155 399.642 402.765 405.990 403.148 408.596 403.520
569 342.000 346.668 349.302 352.814 349.492 348.586 349.576 348.982 347.303 350.932 348.916
570 321.000 327.489 324.948 325.160 325.826 327.377 326.152 325.838 324.442 324.511 326.529
571 361.000 372.339 370.840 370.941 366.249 369.062 372.076 366.719 364.315 368.195 367.400
572 387.000 387.160 374.849 375.274 377.741 381.519 381.698 385.667 380.641 380.863 386.672
573 323.000 317.626 316.307 315.326 317.238 318.720 315.244 313.417 315.963 312.784 317.613
574 390.000 377.235 372.514 388.810 391.749 363.382 392.458 394.081 354.198 384.590 365.178
575 440.000 422.667 437.020 448.190 449.930 411.660 406.674 447.390 446.529 442.612 416.480
576 332.000 340.666 349.085 356.385 355.138 352.097 354.834 342.430 356.371 351.879 343.120
577 456.000 466.451 454.016 465.117 463.015 467.595 462.413 464.125 457.449 460.652 465.970
578 488.000 438.404 475.359 461.727 479.272 462.150 439.513 466.240 472.089 469.074 472.863
579 332.000 419.846 371.596 422.178 411.634 399.069 380.261 428.870 393.184 417.784 389.195
580 316.000 327.703 325.028 326.225 327.885 319.821 324.226 329.719 315.630 323.972 329.420
581 459.000 434.849 453.179 462.509 435.365 440.537 440.624 443.324 445.365 444.099 449.064
582 335.000 323.530 329.846 326.793 327.444 331.635 328.006 324.886 323.224 322.155 326.924
583 332.000 339.349 335.872 333.447 338.583 339.138 332.093 335.445 332.338 342.876 333.866
584 459.000 463.812 464.370 459.295 458.253 464.574 470.800 457.937 463.062 473.826 461.123
585 396.000 401.973 399.918 405.284 402.526 403.092 403.881 399.641 402.474 406.017 408.368
586 489.000 484.241 489.904 487.792 477.816 490.667 486.075 487.589 482.926 492.161 486.545
587 417.000 393.886 394.424 399.186 399.765 405.784 415.634 394.907 384.765 398.675 409.153
588 404.000 408.433 402.773 407.156 405.909 408.334 405.222 403.966 403.891 405.998 405.755
589 400.000 420.955 434.104 421.681 421.739 416.056 418.228 421.285 419.474 423.102 418.456
590 357.000 347.468 348.503 349.874 352.071 350.104 348.864 338.985 349.256 353.708 347.792
591 437.000 466.376 472.472 453.602 459.663 480.691 468.146 469.095 466.784 475.993 464.833
592 542.000 562.126 559.270 560.860 556.067 568.511 556.416 566.428 558.956 565.493 557.314
593 419.000 419.985 428.924 422.280 420.898 424.284 420.885 422.511 420.582 418.683 423.033
594 350.000 377.967 359.528 369.891 376.497 363.419 367.830 373.464 367.018 367.044 360.984
595 424.000 430.087 447.976 434.755 439.275 441.593 433.658 451.337 437.531 431.512 434.166
596 443.000 425.033 436.544 453.085 439.035 429.422 448.751 425.729 428.136 449.752 425.597
597 439.000 433.742 431.108 434.575 433.698 424.012 433.515 428.032 432.654 428.193 429.377
598 324.000 320.591 317.562 316.207 319.005 317.271 315.720 317.033 316.423 315.190 315.132
599 311.000 325.445 335.642 335.299 338.450 327.670 328.154 354.729 336.402 353.006 332.959
600 331.000 332.473 335.513 326.509 331.170 336.509 338.317 331.101 332.861 331.662 329.799
601 428.000 434.543 425.208 432.836 434.357 427.677 435.652 429.572 429.923 432.887 434.246
602 400.000 413.906 423.060 420.957 424.378 425.905 422.873 415.924 423.070 423.263 429.470
603 309.000 318.019 317.907 318.696 318.123 317.537 319.513 318.374 318.131 319.688 318.106
604 375.000 365.668 366.220 367.122 374.488 366.353 368.416 374.766 367.419 361.045 360.958
605 450.000 427.854 426.871 430.536 431.948 430.536 422.462 429.164 422.712 432.297 429.094
606 388.000 383.793 384.726 386.093 379.044 382.032 381.537 393.952 383.456 383.513 384.267
607 323.000 412.175 363.360 362.518 333.417 375.080 373.425 349.304 357.469 356.382 382.573
608 448.000 432.484 431.666 429.986 432.315 431.727 429.436 428.720 429.016 430.239 435.772
609 372.000 363.475 365.317 366.106 367.574 371.319 375.353 380.577 368.526 374.337 358.167
610 328.000 318.375 320.810 329.182 323.972 317.351 322.712 326.369 324.943 324.674 327.682
611 460.000 456.942 448.844 466.846 444.918 460.805 444.171 452.273 473.265 459.990 437.217
612 504.000 471.068 451.184 482.109 456.279 453.274 461.483 466.463 442.457 470.282 451.997
613 433.000 445.446 451.709 450.322 440.090 453.347 450.909 454.530 443.579 442.320 452.947
614 564.000 575.080 577.869 567.099 576.065 580.806 578.598 575.907 566.791 563.907 580.543
615 439.000 369.773 382.610 382.507 388.058 376.539 374.215 389.125 366.151 365.537 392.491
616 440.000 459.135 445.203 468.446 465.372 445.170 444.565 455.505 426.450 428.676 448.873
617 484.000 476.969 474.270 480.925 483.783 468.390 483.580 475.044 477.435 476.396 471.950
618 396.000 398.748 395.351 394.644 399.368 393.527 401.240 404.222 401.708 401.368 394.581
619 435.000 412.859 410.455 415.670 408.907 413.722 412.381 410.261 414.733 413.521 412.994
620 397.000 414.765 404.549 437.760 441.846 432.637 416.173 431.374 421.490 467.025 418.904
621 420.000 415.769 416.952 416.600 417.404 418.265 416.817 417.565 419.575 416.705 415.928
622 408.000 391.331 403.948 374.635 399.018 412.693 383.743 366.921 369.938 410.253 409.058
623 437.000 435.294 447.510 434.998 434.764 430.098 435.705 427.396 438.178 438.397 427.439
624 406.000 412.518 423.871 406.469 420.592 398.668 414.897 415.598 414.399 420.063 410.957
625 393.000 390.854 385.865 383.107 390.156 390.883 393.194 397.195 383.202 384.953 397.871
626 452.000 451.087 443.197 464.534 449.552 441.613 455.285 462.467 431.645 446.674 436.117
627 466.000 448.466 441.327 453.192 450.297 448.845 441.829 446.348 438.860 429.543 454.128
628 410.000 393.818 400.163 404.254 407.951 404.904 406.695 405.356 409.178 406.429 399.053
629 447.000 449.056 448.880 446.995 451.064 447.192 450.395 448.140 447.275 446.987 446.490
630 487.000 495.430 498.944 482.103 473.915 493.453 502.828 482.044 481.800 492.088 485.350
631 420.000 435.200 430.335 432.717 433.388 428.084 430.405 434.356 432.888 421.143 434.587
632 565.000 565.242 566.683 550.364 566.219 559.033 563.203 561.546 559.503 564.283 561.667
633 309.000 313.803 313.191 319.494 315.750 314.978 315.128 316.327 314.260 315.068 319.584
634 437.000 430.966 434.539 440.549 432.274 445.212 433.856 437.814 434.450 430.849 437.868
635 481.000 490.318 488.767 494.893 488.438 487.748 476.060 490.198 486.040 495.342 489.605
636 390.000 411.782 407.942 412.547 407.760 423.070 401.171 413.378 393.559 412.657 406.156
637 329.000 323.715 326.785 325.981 326.885 323.005 324.184 324.936 329.426 328.573 328.208
638 349.000 352.486 354.100 353.522 349.818 350.400 352.363 354.611 352.548 355.324 353.525
639 336.000 324.888 324.299 326.961 326.308 327.276 325.805 328.082 331.924 326.237 324.179
640 550.000 525.804 530.634 530.404 417.853 528.575 541.023 526.510 521.266 535.171 532.266
641 315.000 315.737 315.230 317.408 317.713 316.933 316.911 318.264 318.168 312.251 316.489
642 420.000 421.222 424.339 421.917 420.844 419.394 426.389 428.861 423.483 429.629 418.596
643 466.000 457.013 454.300 455.424 459.828 467.534 463.741 459.469 461.029 454.204 457.691
644 315.000 323.227 334.173 325.018 324.197 326.374 321.157 332.414 340.685 343.148 333.886
645 345.000 355.239 351.091 338.761 355.738 356.448 352.646 357.035 333.413 365.394 358.097
646 451.000 435.270 443.370 444.752 431.121 432.249 435.090 437.884 427.754 434.257 433.833
647 337.000 385.264 392.313 404.051 374.953 421.583 359.859 380.405 371.720 355.527 374.784
648 439.000 422.767 421.764 419.415 420.094 426.855 421.289 416.709 420.221 418.789 422.967
649 330.000 315.028 314.037 312.763 312.328 310.212 315.755 312.620 315.469 314.141 312.084
650 538.000 551.829 549.312 546.382 553.065 542.085 549.608 546.052 555.151 551.434 544.047
651 326.000 356.183 331.292 326.851 340.454 353.834 318.069 338.993 349.758 349.644 334.139
652 392.000 382.672 369.179 376.656 408.340 373.121 401.177 427.490 395.961 376.998 400.009
653 366.000 439.756 399.639 411.576 406.866 446.062 410.963 397.764 388.771 440.814 407.203
654 318.000 327.861 323.524 318.306 323.610 321.726 330.146 332.880 337.739 320.420 315.490
655 561.000 486.110 488.887 494.570 447.246 503.639 535.973 502.173 509.915 506.512 473.326
656 436.000 459.562 463.069 472.891 451.447 454.944 456.452 453.930 471.728 455.942 455.401
657 463.000 449.756 443.455 447.581 439.551 450.398 443.828 448.763 445.913 442.515 446.143
658 348.000 353.261 353.176 351.266 352.838 355.459 351.913 356.611 353.444 351.620 351.271
659 313.000 319.111 319.536 320.880 320.517 320.007 321.220 320.017 321.854 320.455 321.452
660 451.000 446.980 446.017 442.881 442.362 445.807 448.001 446.011 449.087 432.337 448.791
661 384.000 387.754 379.135 381.465 382.154 382.613 375.602 389.276 385.931 391.135 374.293
662 459.000 449.962 440.214 439.746 437.420 444.889 450.916 441.062 443.173 450.109 448.999
663 421.000 325.356 339.949 339.479 341.380 331.755 336.708 341.418 345.363 341.368 331.737
664 481.000 488.361 484.969 492.504 487.836 485.447 486.515 489.781 480.945 478.188 486.300
665 320.000 324.905 325.561 323.923 323.633 327.377 326.451 324.878 325.946 324.801 325.702
666 310.000 435.525 414.504 400.061 430.382 408.098 369.394 401.912 421.004 402.892 397.738
667 402.000 407.169 408.537 410.320 406.438 408.703 412.565 407.729 409.241 408.547 408.543
668 530.000 439.799 454.509 456.594 445.419 448.260 442.032 449.617 450.526 450.047 455.166
669 583.000 544.265 539.563 535.892 527.889 540.052 535.064 545.122 536.893 538.131 529.028
670 421.000 424.123 423.327 420.474 420.980 422.185 420.758 422.011 424.832 421.688 419.670
671 415.000 417.844 419.739 419.751 418.630 416.242 417.855 417.831 417.646 418.859 418.263
672 387.000 396.530 383.751 393.191 392.873 390.526 386.408 397.541 385.402 389.396 390.023
673 584.000 572.371 565.582 571.855 564.296 573.284 560.598 564.040 578.109 570.547 577.138
674 307.000 335.673 326.543 326.616 329.096 331.897 330.734 327.726 327.783 329.280 329.168
675 424.000 412.830 405.065 408.742 409.134 407.476 411.622 412.385 406.464 412.093 408.042
676 449.000 456.453 442.305 459.607 458.140 461.293 450.678 450.349 466.059 445.703 458.167
677 610.000 520.791 504.065 510.801 499.985 508.516 511.700 507.753 489.949 510.096 509.948
678 505.000 506.668 514.061 502.321 499.918 492.556 504.225 487.106 510.857 505.711 507.780
679 408.000 402.799 405.916 405.393 406.873 406.389 404.598 406.089 403.891 402.908 404.697
680 377.000 378.695 371.295 378.347 371.725 382.471 377.879 378.569 378.228 387.115 370.993
681 502.000 402.398 417.426 412.287 419.291 405.278 414.957 409.486 386.377 418.605 416.259
682 319.000 316.575 322.000 317.972 321.174 312.973 314.782 327.724 312.099 315.891 319.098
683 394.000 399.966 402.513 404.978 398.122 410.508 406.306 404.916 396.706 402.246 406.154
684 290.000 314.522 316.597 325.605 313.222 318.818 314.799 318.959 316.951 330.720 325.240
685 407.000 424.603 423.776 418.655 420.677 422.495 423.523 422.685 425.195 425.256 421.652
686 444.000 433.665 426.097 418.920 434.106 429.054 436.624 433.343 428.641 436.310 430.992
687 322.000 316.667 311.636 311.698 305.351 318.123 309.813 313.381 318.127 317.377 310.073
688 331.000 325.382 323.365 324.375 327.459 328.182 328.837 322.723 328.680 323.698 327.343
689 402.000 413.227 397.219 403.595 395.992 404.599 399.423 411.436 395.475 399.159 400.442
690 320.000 328.146 326.433 326.041 326.375 328.858 331.216 332.957 331.512 328.672 332.138
691 386.000 367.637 374.235 376.042 395.271 382.800 372.252 379.438 373.253 376.060 382.931
692 364.000 434.712 444.245 438.707 451.967 454.485 451.030 452.841 440.530 443.863 439.089
693 328.000 323.472 323.568 327.449 325.059 321.027 326.932 320.717 319.302 322.379 324.728
694 312.000 333.365 337.292 344.904 324.177 344.476 315.364 337.752 327.481 334.427 335.392
695 378.000 360.347 363.036 367.593 365.929 368.554 362.738 366.839 365.912 367.922 364.591
696 331.000 328.208 328.199 329.295 328.696 328.549 328.782 325.444 327.243 326.841 326.302
697 330.000 342.663 360.705 350.898 356.165 365.122 354.703 346.553 356.302 364.607 350.545
698 451.000 443.837 440.855 451.305 443.833 447.103 442.406 436.190 440.384 436.570 451.230
699 313.000 355.810 365.672 375.902 356.837 372.204 348.709 355.014 363.590 346.504 342.421
700 408.000 412.348 409.964 411.138 407.576 407.638 406.944 408.867 409.242 409.458 410.344
701 440.000 440.940 439.480 437.658 436.888 438.742 438.948 437.362 433.817 440.631 436.950
702 375.000 379.794 378.291 381.076 380.592 376.777 381.298 377.159 381.010 378.965 380.061
703 462.000 452.561 443.318 481.441 445.413 452.738 443.995 442.762 437.264 450.027 436.959
704 450.000 430.814 437.672 436.755 432.043 429.818 447.194 430.910 433.356 432.900 449.189
705 417.000 407.833 415.153 412.457 411.338 410.663 418.152 412.753 409.957 412.022 411.489
706 452.000 437.384 419.179 453.966 439.356 422.044 457.567 417.813 450.123 423.204 465.735
707 526.000 533.170 540.868 530.129 526.002 526.591 526.557 525.707 520.159 517.414 529.368
708 460.000 473.861 472.403 457.203 467.290 467.655 456.888 462.179 463.864 469.687 458.100
709 428.000 423.429 435.043 424.212 432.607 428.446 434.037 432.742 434.350 431.538 438.396
710 310.000 330.755 319.228 316.191 322.804 322.057 326.446 320.833 322.954 324.786 316.172
711 412.000 421.097 419.926 426.069 416.338 424.587 418.538 414.428 424.285 416.161 419.349
712 320.000 326.349 327.850 329.357 331.103 329.829 328.961 336.331 327.010 323.356 323.833
713 468.000 472.957 474.078 473.048 474.062 473.806 477.846 471.445 479.158 475.173 473.417
714 316.000 323.580 325.844 332.058 329.367 321.257 330.465 352.613 334.802 319.358 322.536
715 602.000 601.182 604.269 597.455 592.146 595.452 603.280 598.054 598.568 593.529 598.579
716 328.000 360.326 367.007 357.299 365.032 371.757 359.444 362.877 359.180 351.846 344.526
717 579.000 540.486 545.385 535.644 536.092 539.002 531.934 539.110 542.553 540.799 530.073
718 354.000 350.814 353.019 349.543 352.751 352.308 348.703 347.429 350.774 349.849 350.397
