data_index Htime.observed Htime.predicted.repeat1 Htime.predicted.repeat2 Htime.predicted.repeat3 Htime.predicted.repeat4 Htime.predicted.repeat5 Htime.predicted.repeat6 Htime.predicted.repeat7 Htime.predicted.repeat8 Htime.predicted.repeat9 Htime.predicted.repeat10
1 4.857 5.003 4.993 4.855 4.851 5.031 4.986 4.998 4.851 4.850 4.918
2 2.679 3.006 3.457 3.293 3.627 2.854 3.245 3.104 2.642 3.235 3.195
3 4.721 4.360 4.435 4.767 4.161 4.368 4.683 4.386 4.557 4.422 4.499
4 4.999 6.985 6.558 6.546 6.211 6.551 7.054 6.559 6.831 6.935 6.738
5 2.954 5.408 5.404 5.404 5.405 5.430 5.404 5.404 5.405 5.604 5.566
6 4.732 4.501 4.359 4.501 4.501 4.501 4.501 4.501 4.501 4.501 4.559
7 2.542 3.206 3.457 2.779 3.627 3.051 3.377 2.780 3.197 2.779 3.195
8 4.437 5.383 5.297 5.070 5.079 5.048 5.006 4.757 5.098 5.037 4.994
9 4.511 5.501 5.650 5.649 5.515 5.650 5.603 5.442 5.416 5.540 5.595
10 4.561 4.528 4.534 4.526 4.530 4.529 4.299 4.524 4.405 4.406 4.525
11 4.515 2.720 3.061 2.905 3.089 3.007 3.203 3.140 3.019 3.151 2.715
12 6.033 5.569 5.784 5.193 5.727 5.648 5.744 5.947 5.356 5.491 5.639
13 4.401 4.632 4.633 4.559 4.632 4.559 4.632 4.632 4.632 4.632 4.559
14 4.565 4.872 4.653 4.877 4.879 4.714 4.353 4.950 4.700 4.768 4.766
15 4.500 2.779 2.779 2.779 2.780 2.779 3.216 2.891 2.794 2.779 2.803
16 4.459 4.632 4.632 4.501 4.632 4.632 4.632 4.632 4.632 4.633 4.633
17 4.782 3.943 3.875 3.255 3.902 4.445 3.933 4.285 4.118 3.766 3.766
18 6.644 5.226 4.856 5.509 5.298 4.025 5.631 5.542 5.346 4.384 5.330
19 4.008 3.519 4.312 3.519 3.518 3.366 3.628 3.485 3.519 3.345 3.079
20 5.749 5.178 5.216 5.046 5.216 5.304 5.217 5.216 5.278 4.712 5.216
21 2.954 4.223 4.714 4.189 4.345 4.496 4.333 4.482 4.419 4.670 4.574
22 4.724 4.558 4.559 4.558 4.560 4.558 4.557 4.558 4.557 4.503 4.559
23 4.861 3.126 3.196 3.433 3.225 3.094 3.190 3.123 3.380 3.059 3.418
24 9.159 6.805 6.998 6.234 6.905 6.932 6.648 6.796 6.716 6.909 7.076
25 2.824 3.126 3.832 4.018 3.612 3.653 4.033 3.578 3.342 4.046 3.578
26 2.235 4.298 3.873 3.694 3.661 3.779 3.660 3.728 4.086 3.613 3.660
27 3.787 2.626 2.941 2.669 2.924 2.896 2.904 3.024 3.269 2.751 3.479
28 -0.165 0.424 0.676 0.876 0.529 0.708 0.677 0.511 0.877 0.677 0.715
29 4.365 2.757 2.757 2.757 2.757 2.957 2.757 2.757 2.957 2.787 2.757
30 6.982 6.010 6.154 6.158 6.133 6.225 6.029 6.124 6.145 6.153 5.732
31 5.556 5.412 5.865 5.474 5.395 5.611 5.839 5.514 5.406 5.133 5.467
32 4.605 4.966 4.966 4.966 4.966 4.966 5.128 4.966 4.966 4.965 4.966
33 2.381 3.579 3.684 3.368 3.256 3.844 3.705 3.494 3.499 3.854 3.666
34 5.016 4.871 4.335 4.857 4.636 4.657 4.919 4.570 4.412 4.907 4.465
35 0.255 1.134 1.320 1.135 0.929 1.174 1.364 1.202 1.347 1.160 1.124
36 5.937 5.630 5.720 5.841 5.725 5.776 5.727 5.724 5.421 5.723 5.454
37 1.196 1.488 1.458 2.142 2.454 1.610 1.939 2.162 1.965 2.512 1.628
38 2.475 0.706 1.007 0.770 0.770 0.770 0.770 0.770 0.770 0.770 1.102
39 3.525 4.814 4.821 4.821 4.738 4.621 4.675 4.652 4.600 4.821 4.710
40 6.946 6.763 6.382 5.930 5.958 5.839 6.206 5.958 6.556 6.132 6.402
41 6.519 5.303 5.410 5.328 5.218 5.533 5.348 5.304 5.390 5.047 5.246
42 2.001 2.983 3.457 3.150 2.791 2.988 3.161 3.104 2.794 3.074 2.803
43 6.167 6.570 6.809 6.975 7.294 6.408 7.358 6.548 6.759 6.641 6.940
44 4.459 3.822 3.954 3.978 3.903 4.049 4.082 4.611 4.001 3.802 3.866
45 4.673 4.738 4.724 4.716 4.652 4.691 4.845 4.747 4.693 4.747 4.784
46 5.617 5.789 5.806 5.713 5.897 5.507 5.609 6.010 5.846 5.763 5.857
47 1.358 2.008 1.675 1.577 1.619 1.722 1.840 2.162 1.943 2.512 1.566
48 4.228 5.054 4.958 5.087 5.054 5.620 4.958 5.054 5.018 5.358 5.088
49 4.475 4.539 4.653 4.358 4.144 4.350 4.553 4.312 4.691 4.749 4.638
50 2.682 2.206 1.882 2.020 1.856 2.078 2.191 1.840 2.023 2.097 1.891
51 4.297 4.543 4.516 4.625 4.767 4.334 4.564 4.512 4.445 4.349 4.693
52 4.702 4.342 4.342 4.342 4.342 4.416 4.341 4.342 4.342 4.342 4.341
53 4.804 3.591 3.963 3.660 3.689 3.615 3.435 3.570 3.673 3.369 3.645
54 4.741 4.913 5.003 4.957 5.044 5.051 4.986 4.957 4.957 5.051 4.957
55 6.083 2.965 3.922 3.683 3.735 3.735 3.735 3.735 3.007 3.735 3.523
56 4.401 4.111 4.513 4.300 4.508 4.148 4.202 4.166 4.258 4.444 4.379
57 6.101 5.130 5.234 4.893 5.133 4.371 4.963 5.006 5.072 4.794 5.136
58 3.561 3.653 3.904 3.999 4.246 3.721 4.114 3.375 3.963 3.613 3.854
59 4.376 4.560 4.394 4.619 4.442 3.737 4.781 4.286 4.304 4.060 4.375
60 7.960 5.950 5.947 5.956 6.137 5.717 5.886 6.115 6.309 6.001 6.178
61 2.475 4.085 3.980 3.885 3.946 4.031 3.884 4.082 4.040 3.884 4.085
62 4.183 3.471 3.256 3.357 3.287 3.500 3.520 3.392 3.348 3.340 3.407
63 2.857 3.503 3.452 3.559 3.615 3.611 3.852 3.673 3.754 3.553 3.652
64 0.776 0.424 0.450 0.256 0.529 0.421 0.370 0.511 0.285 0.336 0.292
65 6.190 5.077 5.433 5.435 5.278 5.436 5.436 5.172 5.436 5.277 5.278
66 5.520 4.887 5.054 5.087 4.959 4.887 4.887 4.959 4.888 4.958 5.054
67 4.613 4.161 4.277 3.986 4.110 4.102 4.254 3.921 4.323 3.977 4.229
68 0.670 0.706 1.272 1.257 1.172 1.134 1.370 1.219 1.225 1.222 1.102
69 6.056 4.727 4.463 4.344 4.707 4.625 4.837 4.768 4.768 4.953 4.674
70 4.598 4.887 5.055 5.087 5.055 4.887 5.088 5.054 5.055 4.958 5.054
71 5.317 5.364 5.645 5.649 5.583 5.650 5.163 5.366 5.359 5.487 5.232
72 4.635 6.064 6.391 6.340 6.030 6.024 6.494 5.962 5.800 6.321 6.192
73 4.529 4.158 4.621 3.991 4.464 4.235 3.866 4.323 3.984 4.110 4.139
74 5.700 6.109 6.036 6.340 5.964 5.872 6.021 6.067 5.923 6.321 6.054
75 0.325 3.248 3.397 3.248 3.781 3.508 3.247 3.347 3.431 3.247 3.569
76 3.984 3.854 3.390 3.626 3.849 3.775 4.033 3.836 3.860 3.463 3.503
77 2.208 3.537 3.574 4.196 3.680 3.780 4.209 3.740 2.957 3.566 3.449
78 1.653 3.752 4.127 3.855 3.903 3.806 3.895 3.662 3.770 3.775 3.651
79 0.088 3.443 3.595 3.100 3.438 3.007 3.341 3.799 3.019 3.151 3.703
80 4.196 3.144 3.047 3.023 3.247 3.047 3.047 3.048 3.111 3.047 3.047
81 5.336 5.077 5.608 5.590 5.305 5.624 5.704 5.927 5.345 5.561 5.278
82 1.105 1.846 1.806 2.583 2.582 2.582 2.582 2.398 2.345 2.538 1.646
83 5.846 6.344 6.255 6.964 6.200 5.946 6.636 5.790 6.156 6.108 6.022
84 4.113 3.621 3.961 4.165 3.831 3.699 3.452 3.476 3.626 4.078 3.979
85 2.631 4.082 3.686 3.703 3.987 3.918 3.748 3.997 3.875 3.923 3.805
86 6.261 7.013 7.155 6.899 7.157 6.952 6.942 7.178 6.937 7.189 7.082
87 5.048 4.187 4.356 3.782 4.125 4.076 3.832 4.292 4.085 4.500 4.309
88 4.858 5.088 5.054 5.165 4.893 5.620 4.950 5.054 5.018 5.088 4.947
89 4.779 5.319 5.192 4.907 4.993 5.157 5.116 5.045 5.113 5.395 5.356
90 3.835 2.965 3.914 4.030 3.974 4.274 4.092 3.912 3.007 3.825 3.523
91 5.064 3.460 3.461 3.489 3.460 3.779 3.457 3.398 3.461 3.452 3.660
92 4.003 3.542 4.127 3.519 3.628 3.193 3.451 3.658 3.637 3.452 3.669
93 3.404 4.260 3.940 4.601 4.203 4.368 4.282 4.181 4.412 4.465 4.536
94 4.951 4.957 4.841 4.841 5.044 4.841 4.888 4.841 4.957 4.930 4.866
95 5.505 5.408 4.641 4.451 4.768 5.060 4.999 4.586 3.921 4.529 4.662
96 1.857 4.912 4.575 4.151 5.203 4.038 4.255 4.759 4.950 4.977 4.218
97 4.632 5.707 5.084 5.351 5.209 5.853 5.461 5.487 5.075 5.450 5.187
98 5.177 5.436 5.433 5.435 5.784 5.436 5.704 5.436 5.436 6.090 5.707
99 5.978 5.465 5.602 5.027 5.688 5.482 5.404 5.367 5.502 5.654 5.476
100 4.146 3.427 3.153 3.237 3.127 3.229 3.207 3.442 3.046 3.134 3.191
101 4.954 4.959 4.959 5.087 4.959 4.891 4.958 4.959 4.958 5.358 4.888
102 5.806 5.925 5.410 6.053 5.480 6.302 5.260 5.850 6.056 5.529 5.780
103 5.033 4.501 4.359 4.559 4.501 4.501 4.501 4.501 4.501 4.632 4.502
104 4.395 4.579 3.901 4.125 4.407 4.127 4.130 4.099 4.349 4.910 4.608
105 5.093 3.471 3.769 3.285 3.584 3.447 3.463 3.214 3.706 3.340 3.551
106 3.250 4.449 4.513 4.501 4.508 4.148 4.501 4.494 4.500 4.322 4.501
107 2.760 4.940 4.881 4.905 4.591 5.105 4.348 4.685 4.986 4.813 4.425
108 1.182 3.393 3.365 3.369 3.501 3.314 3.041 3.521 3.349 4.087 3.665
109 4.028 5.168 5.556 5.437 5.250 5.411 4.996 5.236 5.372 5.204 5.454
110 5.190 2.824 3.166 2.991 2.855 4.518 3.083 2.961 2.768 3.223 3.127
111 4.988 4.958 4.959 5.165 4.959 5.620 4.959 5.054 4.958 5.358 5.043
112 6.799 5.537 5.337 5.027 5.344 5.042 5.404 5.235 5.527 5.403 5.439
113 5.414 3.557 3.619 3.836 3.683 3.884 3.545 4.087 3.784 3.397 3.809
114 4.414 3.630 3.272 3.506 3.755 3.678 3.544 3.662 3.734 3.383 3.511
115 5.635 4.330 4.172 4.376 4.376 4.272 4.294 4.417 4.375 4.376 4.091
116 4.883 3.678 4.203 4.119 3.525 3.527 3.812 3.501 3.043 4.131 3.701
117 4.712 4.636 4.436 4.463 4.583 4.738 4.801 4.395 4.724 4.158 4.752
118 4.758 4.628 4.732 4.480 4.892 4.552 4.346 4.700 4.632 4.683 4.861
119 3.147 2.757 3.058 3.158 3.330 3.508 3.192 3.324 3.389 2.688 3.569
120 5.580 5.960 6.162 5.940 5.953 5.788 5.762 5.824 5.791 6.015 5.745
