data_index lambdaa.observed lambdaa.predicted.repeat1 lambdaa.predicted.repeat2 lambdaa.predicted.repeat3 lambdaa.predicted.repeat4 lambdaa.predicted.repeat5 lambdaa.predicted.repeat6 lambdaa.predicted.repeat7 lambdaa.predicted.repeat8 lambdaa.predicted.repeat9 lambdaa.predicted.repeat10
1 342.000 319.092 339.489 324.546 320.149 313.727 335.774 328.995 327.960 324.411 322.896
2 336.000 375.021 370.024 384.180 386.137 389.576 386.347 383.752 387.393 386.987 375.507
3 434.000 441.861 441.994 430.873 426.808 444.012 445.074 442.152 433.509 441.613 440.826
4 320.000 315.518 313.702 319.881 317.057 317.747 317.544 316.640 316.391 316.492 313.950
5 317.000 321.912 332.255 324.738 321.038 322.906 322.590 317.311 329.696 328.721 333.774
6 432.000 447.099 445.002 450.290 450.892 446.858 445.309 450.558 446.664 453.096 449.556
7 419.000 427.255 421.618 419.142 422.834 425.803 421.539 421.728 422.430 418.964 423.662
8 554.000 536.372 529.036 533.975 521.159 526.524 529.307 533.675 532.497 526.470 544.735
9 438.000 473.756 462.099 431.280 444.219 439.925 449.663 446.680 432.655 440.229 422.559
10 315.000 317.015 319.116 316.877 318.913 316.935 317.776 318.255 316.867 320.307 319.235
11 325.000 325.878 333.961 330.475 331.434 325.680 333.278 328.239 324.473 332.635 328.121
12 492.000 417.343 401.088 410.910 416.131 417.052 403.570 401.868 397.746 405.858 403.245
13 370.000 372.532 367.078 386.721 364.430 367.240 378.078 379.853 379.306 361.095 352.202
14 424.000 413.443 419.664 418.103 406.096 407.587 412.034 417.088 425.123 415.639 410.480
15 400.000 399.562 398.917 398.528 397.359 399.066 402.591 397.055 399.554 400.168 396.050
16 406.000 397.562 396.022 390.076 400.371 397.124 397.149 389.663 391.456 400.887 396.751
17 429.000 444.006 451.166 446.285 455.669 446.658 436.936 454.244 434.843 448.148 451.353
18 450.000 433.113 431.566 463.425 433.508 463.634 457.742 431.859 453.382 439.264 449.217
19 342.000 343.644 335.655 329.147 335.882 336.702 332.031 340.051 338.940 335.465 336.030
20 302.000 334.742 337.195 338.653 336.423 330.476 347.926 332.567 336.563 344.453 334.462
21 437.000 432.180 421.203 439.612 428.317 448.234 397.921 453.996 430.332 415.830 398.776
22 407.000 420.184 411.986 418.096 414.347 401.534 416.627 413.861 410.538 403.460 414.016
23 384.000 415.475 421.640 408.786 395.278 412.079 412.323 421.876 414.116 407.987 415.081
24 371.000 396.740 382.084 394.497 389.449 388.969 397.830 382.591 393.344 390.691 388.928
25 417.000 339.177 355.971 348.084 345.698 347.774 356.507 344.883 351.552 347.512 354.528
26 425.000 440.145 452.528 442.621 452.503 438.987 441.656 439.872 448.104 444.020 439.556
27 350.000 330.590 343.897 337.248 336.559 331.725 331.781 333.691 345.483 327.650 334.508
28 444.000 412.515 409.963 434.418 419.052 412.072 418.154 422.073 413.253 432.895 429.152
29 379.000 389.038 386.471 394.331 398.636 383.587 383.559 410.391 375.352 387.014 404.663
30 400.000 419.415 410.176 417.199 423.880 401.534 408.783 413.238 416.451 407.652 419.022
31 378.000 400.062 369.960 372.401 401.787 403.057 392.702 394.769 378.232 394.723 390.889
32 364.000 387.504 396.834 396.481 401.561 392.137 400.029 402.135 402.434 402.536 388.908
33 360.000 361.711 361.938 362.044 362.499 363.385 365.284 363.124 360.369 367.421 366.119
34 382.000 423.307 434.697 428.201 443.011 440.714 441.703 439.312 433.147 433.919 439.598
35 527.000 571.804 572.148 564.344 561.873 556.822 572.897 566.342 572.364 586.942 567.728
36 408.000 401.886 401.439 406.546 396.406 406.027 398.462 401.423 401.804 401.710 409.531
37 421.000 350.201 352.998 358.500 349.834 350.471 353.727 357.088 364.767 348.025 346.173
38 346.000 320.414 314.679 317.930 313.936 313.836 312.383 311.912 318.099 311.531 318.773
39 478.000 482.795 476.065 499.847 487.922 490.096 486.632 486.197 492.668 492.985 490.152
40 420.000 430.083 454.878 455.260 451.523 446.144 448.911 434.521 450.005 438.432 450.024
41 430.000 437.766 439.054 436.436 435.981 443.334 437.335 435.738 445.575 436.074 438.670
42 623.000 572.340 570.349 574.493 564.477 572.584 565.638 567.243 565.363 570.162 562.681
43 457.000 436.671 437.223 436.637 463.964 438.307 422.948 428.691 444.784 443.389 434.934
44 424.000 446.496 454.709 454.230 449.709 449.115 462.681 441.988 443.881 432.757 445.352
45 456.000 439.682 417.699 438.950 438.177 430.782 420.332 441.464 430.984 444.011 446.144
46 411.000 402.495 408.536 401.088 408.149 403.178 405.429 413.006 418.516 398.824 404.108
47 413.000 431.787 434.285 434.115 432.925 440.115 426.550 425.479 433.744 446.581 442.390
48 332.000 385.330 390.189 394.850 388.035 380.854 386.212 383.819 386.669 383.628 391.275
49 489.000 487.496 484.279 475.271 472.231 498.163 470.488 476.639 483.422 484.779 486.253
50 425.000 448.173 470.349 457.316 462.823 453.556 459.919 465.284 468.053 451.970 465.039
51 359.000 374.743 377.978 398.576 388.035 383.480 390.744 374.313 382.140 386.747 388.223
52 418.000 413.727 416.770 412.259 421.183 412.168 419.257 413.658 419.142 418.075 414.228
53 325.000 315.145 313.397 317.370 313.964 317.321 318.337 317.222 314.709 314.016 317.952
54 447.000 441.117 420.109 426.391 425.293 429.492 443.878 432.118 432.796 427.405 431.002
55 464.000 496.695 505.163 491.418 514.658 502.893 516.229 506.007 516.707 503.702 512.224
56 431.000 419.285 410.772 420.577 410.531 415.690 409.553 415.637 413.180 411.746 423.216
57 332.000 349.542 353.669 344.404 347.633 344.436 349.142 352.331 352.541 351.732 353.188
58 329.000 443.376 431.328 455.011 433.734 441.037 433.815 435.067 424.028 429.010 417.240
59 315.000 319.037 314.942 322.726 317.211 319.050 317.544 318.255 316.867 315.449 322.938
60 396.000 401.818 403.278 397.759 402.949 396.972 397.032 399.663 401.288 398.462 396.833
61 390.000 362.965 360.679 362.081 354.449 366.377 355.740 359.469 362.750 370.435 358.880
62 423.000 453.452 420.998 457.790 426.746 407.828 401.172 409.898 407.824 451.698 417.779
63 430.000 436.413 437.472 435.046 438.058 442.530 433.188 440.548 437.887 430.463 438.570
64 429.000 411.936 409.876 410.910 425.624 421.442 420.304 414.551 420.208 411.890 425.493
65 467.000 433.758 423.176 451.742 450.583 428.864 438.375 433.806 443.433 422.208 457.872
66 602.000 534.526 526.978 533.186 533.000 520.605 537.901 551.623 545.794 539.061 539.035
67 461.000 373.719 369.534 370.313 371.014 368.589 400.795 374.070 383.853 399.526 375.959
68 342.000 352.721 349.640 364.366 362.275 354.793 355.933 353.573 340.077 350.174 355.636
69 545.000 506.970 509.982 508.580 518.529 538.454 508.884 546.249 522.167 530.415 513.984
70 415.000 411.450 418.331 412.967 421.600 417.848 417.345 414.519 415.900 413.409 418.765
71 365.000 356.838 362.361 356.448 366.768 352.314 369.617 356.899 365.471 361.992 364.933
72 429.000 402.534 407.883 390.831 392.145 386.152 455.876 423.873 410.832 391.189 406.494
73 336.000 331.475 331.356 323.589 331.181 331.225 330.059 335.469 328.749 328.869 329.710
74 302.000 320.567 327.112 325.626 321.328 323.360 332.030 323.893 320.112 311.531 323.010
75 426.000 431.100 432.200 444.190 431.501 430.969 444.566 433.551 427.820 430.971 437.937
76 364.000 363.625 355.972 367.824 369.364 367.068 365.399 354.186 370.546 360.003 356.411
77 451.000 426.581 423.765 426.326 420.960 425.709 426.459 438.441 429.635 430.385 434.997
78 573.000 563.616 563.024 571.913 585.710 581.647 581.471 558.635 578.289 573.576 581.932
79 447.000 435.768 438.344 435.709 431.128 442.627 434.998 430.811 438.243 437.909 439.623
80 322.000 325.367 333.612 327.024 341.698 348.854 326.216 317.811 331.831 322.049 321.579
81 586.000 591.038 584.263 583.360 582.879 589.518 578.437 577.761 577.453 589.773 584.832
82 459.000 430.735 438.837 446.109 435.356 444.434 431.268 446.576 440.436 436.540 441.006
83 405.000 415.442 407.904 411.410 410.897 393.762 410.199 407.867 410.517 412.993 416.466
84 434.000 423.850 438.889 435.221 431.617 433.207 430.221 432.488 432.508 433.736 443.372
85 441.000 441.927 448.253 442.996 449.997 448.889 446.066 446.034 446.517 443.671 447.676
86 403.000 403.031 404.399 401.837 411.963 409.081 404.792 406.640 406.078 406.783 403.049
87 450.000 427.919 420.109 431.721 425.293 435.141 429.250 430.960 427.717 432.288 431.002
88 372.000 381.083 377.129 372.453 375.232 375.442 377.423 368.795 367.840 376.820 381.154
89 400.000 424.477 460.396 446.176 464.617 436.921 421.242 447.910 429.705 463.921 457.796
90 545.000 508.852 506.020 502.804 516.243 521.604 505.628 503.858 514.927 519.318 524.543
91 411.000 388.072 392.496 404.708 399.122 399.851 433.811 378.927 398.705 392.929 397.130
92 344.000 335.028 348.972 355.978 348.717 347.129 350.394 350.653 349.067 350.701 347.613
93 502.000 572.089 551.889 555.208 560.599 537.540 542.893 539.041 561.599 548.664 543.855
94 401.000 409.306 402.606 411.612 414.429 389.519 409.208 403.156 402.441 427.497 415.369
95 407.000 405.006 407.490 405.345 402.231 396.969 410.033 408.120 404.074 402.689 402.142
96 444.000 435.842 443.119 440.082 445.350 445.534 447.171 445.210 443.017 440.159 443.200
97 321.000 316.743 318.757 320.833 315.889 314.746 318.001 315.039 317.440 318.473 315.016
98 584.000 580.247 581.451 577.176 590.127 589.623 586.504 583.592 583.187 581.743 578.343
99 480.000 525.776 509.813 551.202 534.616 514.341 548.282 526.237 509.628 564.018 532.369
100 510.000 513.902 522.693 511.337 490.963 495.101 495.522 509.690 504.556 514.574 502.140
101 408.000 405.814 403.033 405.342 395.196 398.542 389.606 398.196 406.431 392.398 397.088
102 323.000 327.766 332.329 327.309 338.199 337.436 328.578 334.419 328.577 331.111 328.956
103 438.000 472.476 472.680 476.616 475.410 475.875 460.391 481.850 466.451 470.698 466.825
104 417.000 396.194 415.716 399.475 404.373 403.908 415.938 398.164 405.467 416.473 430.877
105 429.000 429.273 428.095 438.588 420.960 428.698 432.860 434.909 429.635 434.057 436.322
106 434.000 450.574 443.064 455.489 440.804 442.815 432.194 457.523 431.687 443.398 444.441
107 442.000 427.134 422.633 418.212 408.782 417.207 419.731 419.364 419.752 420.266 429.364
108 410.000 411.259 408.773 408.493 411.330 405.777 406.486 408.846 405.166 407.875 410.160
109 335.000 358.147 371.682 367.602 362.473 369.997 352.377 359.799 362.409 345.746 355.991
110 515.000 531.152 525.914 527.874 522.393 521.118 533.770 529.989 526.085 523.209 501.758
111 400.000 396.732 397.027 403.716 397.392 400.638 398.186 398.312 400.064 399.423 396.050
112 429.000 428.289 433.163 430.029 432.118 423.267 430.335 428.748 422.207 425.777 419.072
113 432.000 472.933 480.337 469.416 469.196 472.125 473.386 471.199 474.003 458.685 460.430
114 335.000 333.231 330.296 332.028 330.665 329.178 332.214 331.344 333.532 330.830 337.863
115 395.000 410.143 421.640 412.738 413.120 399.979 411.521 415.444 408.091 407.212 412.757
116 341.000 329.640 325.766 329.116 323.991 332.125 328.347 329.376 333.654 328.609 325.482
117 425.000 440.776 439.443 431.845 424.791 426.901 457.975 422.986 427.621 436.293 436.544
118 351.000 370.094 372.823 375.710 380.930 380.885 378.726 377.718 381.377 379.688 381.154
119 315.000 316.743 313.397 312.828 315.889 317.321 317.544 320.627 316.654 315.449 312.832
120 320.000 312.017 315.221 310.029 316.249 310.690 312.065 318.329 314.776 316.045 318.989
121 588.000 578.109 581.765 580.958 575.714 536.121 570.613 587.706 543.218 546.721 535.394
122 469.000 510.556 485.684 465.147 464.869 502.728 449.183 459.845 456.078 449.187 446.152
123 321.000 368.815 364.453 352.007 363.164 372.742 363.139 369.076 358.153 353.180 358.925
124 310.000 432.404 388.000 431.892 382.760 440.717 445.331 423.802 371.909 431.292 422.558
125 362.000 313.485 311.657 312.828 312.775 314.933 315.106 311.425 313.147 318.957 311.480
126 332.000 377.076 382.038 381.355 373.444 365.256 373.334 364.713 378.205 377.744 376.653
127 307.000 360.541 344.322 346.588 350.205 347.492 352.153 341.340 345.950 348.599 347.958
128 400.000 403.397 398.168 400.063 399.362 406.593 398.716 398.312 401.684 396.894 399.779
129 490.000 482.156 480.451 490.850 480.124 473.070 486.809 494.827 478.893 492.110 484.039
130 354.000 354.991 362.854 353.296 351.263 355.701 354.756 354.630 357.533 358.183 355.736
131 326.000 333.042 330.277 330.264 327.141 325.680 323.947 327.941 325.870 328.001 331.793
132 326.000 335.276 326.956 338.653 334.159 330.476 332.323 335.450 334.294 344.453 335.727
133 409.000 406.645 409.347 404.717 401.369 408.680 409.584 402.486 397.773 407.793 401.318
134 562.000 481.855 480.451 480.669 478.057 480.571 482.502 476.719 481.726 470.595 468.726
135 332.000 323.642 332.830 342.144 320.716 326.715 313.589 325.717 321.667 325.323 332.994
136 472.000 463.696 459.281 460.648 466.035 446.554 457.496 442.112 466.451 455.561 466.825
137 405.000 432.204 436.667 418.748 436.858 417.791 433.823 416.174 413.659 449.433 420.625
138 394.000 395.452 402.823 398.323 393.577 405.372 406.878 391.044 400.794 399.936 396.533
139 324.000 329.187 328.668 338.033 334.751 334.959 334.949 332.427 333.748 333.507 335.010
140 555.000 591.056 582.870 587.322 564.477 585.257 580.924 581.775 580.774 594.358 591.696
141 324.000 341.616 338.879 341.001 346.442 342.269 333.808 341.962 347.954 351.370 343.443
142 422.000 408.038 408.253 406.026 400.005 408.199 411.605 398.045 407.822 407.269 409.659
143 429.000 420.755 427.134 423.255 401.726 407.315 423.844 430.222 406.119 406.237 410.862
144 314.000 313.705 316.887 315.482 317.269 318.646 316.357 316.362 313.907 317.847 314.539
145 445.000 435.243 443.196 444.365 417.407 458.153 442.326 427.463 449.177 454.502 429.313
146 420.000 439.960 440.933 440.074 441.440 438.312 444.452 441.449 450.167 444.476 444.886
147 350.000 349.632 352.569 353.219 350.237 355.701 361.563 358.076 355.176 357.467 354.845
148 381.000 371.698 373.295 371.749 375.468 375.442 374.916 374.605 378.084 374.628 375.171
149 340.000 319.107 330.973 322.803 329.221 330.818 325.646 317.134 321.952 327.936 320.505
150 462.000 483.044 480.451 489.862 484.817 490.939 491.620 476.719 490.670 493.377 490.799
151 545.000 528.090 518.006 509.026 535.048 521.974 522.629 518.126 521.077 529.371 525.904
152 401.000 404.080 413.503 403.333 404.140 403.636 400.945 414.336 403.309 393.208 399.830
153 450.000 443.624 473.454 460.324 447.999 463.822 454.208 468.563 480.535 478.470 468.733
154 495.000 541.757 536.656 539.776 535.587 536.032 541.302 540.750 541.231 542.551 542.339
155 415.000 402.810 421.266 412.738 409.304 432.652 404.848 435.171 417.256 413.930 417.907
156 580.000 539.137 558.553 564.344 529.534 572.691 531.063 546.696 544.925 547.911 541.445
157 412.000 412.152 407.616 407.839 403.417 406.739 407.201 410.422 410.692 407.222 407.951
158 446.000 488.156 493.719 499.847 489.891 490.939 486.809 490.604 487.679 495.325 487.800
159 330.000 331.816 340.309 346.532 345.111 348.813 330.083 334.146 329.918 331.379 335.651
160 325.000 357.907 361.015 358.824 346.234 352.896 370.914 348.241 333.943 361.002 360.972
161 316.000 314.617 312.404 310.029 313.418 313.276 316.953 314.994 313.907 316.727 314.185
162 408.000 393.196 402.391 406.807 402.154 403.178 405.429 404.679 401.804 401.710 401.833
163 428.000 411.326 427.134 423.255 402.154 439.093 411.754 421.090 407.635 434.134 412.353
164 396.000 504.987 495.094 486.603 516.084 477.408 500.287 494.438 477.308 501.385 494.087
165 385.000 369.970 364.293 337.769 365.926 361.502 360.716 352.464 339.760 363.793 371.551
166 335.000 336.213 333.634 329.496 336.431 333.140 330.270 334.270 333.509 334.427 330.536
167 339.000 331.759 325.050 329.358 331.181 325.360 328.109 328.030 326.595 329.511 328.359
168 419.000 434.503 432.444 447.168 434.860 433.106 434.320 430.183 429.478 437.320 430.631
169 321.000 315.473 319.116 317.370 316.057 319.050 316.635 316.745 314.792 316.695 316.458
170 419.000 420.445 412.442 414.842 409.749 422.474 405.822 419.282 417.157 416.307 414.181
171 423.000 432.916 426.480 430.223 421.574 416.237 426.665 431.677 422.207 432.547 431.389
172 416.000 416.436 417.676 408.930 419.247 415.895 408.358 417.433 414.718 407.201 413.082
173 434.000 399.369 402.528 401.851 401.150 407.881 404.792 406.640 405.321 405.143 405.263
174 329.000 351.371 343.270 347.040 342.132 336.798 336.576 338.494 345.113 338.716 338.386
175 450.000 434.983 429.685 436.436 436.024 437.130 436.896 436.650 439.453 432.959 432.182
176 333.000 330.986 328.320 330.473 330.806 329.921 328.907 329.562 331.412 330.742 328.956
177 420.000 435.059 435.491 423.265 437.289 433.490 426.459 428.510 431.629 439.919 434.997
178 315.000 335.349 331.026 328.598 328.706 321.129 335.305 328.223 327.704 328.721 332.562
179 349.000 352.909 335.492 346.410 358.780 347.629 351.352 345.625 357.792 345.977 345.925
180 431.000 401.311 411.398 400.259 398.072 412.145 410.506 398.021 418.519 381.168 395.931
181 407.000 404.447 409.419 419.250 418.792 411.637 416.660 414.703 425.409 412.785 409.236
182 424.000 416.724 423.883 417.608 415.602 414.647 413.449 424.691 425.675 416.482 418.578
183 425.000 451.028 421.991 429.278 416.704 428.225 426.436 420.009 454.597 429.259 438.086
184 588.000 595.357 605.703 605.516 609.491 600.913 598.903 606.290 598.775 604.227 608.833
185 332.000 337.380 328.550 334.958 335.366 331.992 328.646 327.941 325.558 328.177 326.491
186 379.000 435.523 425.198 440.002 435.956 424.884 434.913 421.793 436.759 430.327 433.248
187 586.000 592.379 587.673 583.200 584.853 593.028 587.378 578.960 585.026 581.605 587.053
188 528.000 559.819 574.981 564.585 563.646 535.113 501.487 576.381 563.764 569.754 565.577
189 425.000 420.508 438.774 424.631 426.422 433.952 447.363 443.545 442.525 433.530 431.753
190 398.000 397.866 393.322 406.826 390.521 403.742 392.719 402.043 410.402 388.105 407.566
191 492.000 534.153 525.837 523.143 537.571 527.694 538.149 522.377 532.794 524.912 525.904
192 395.000 418.757 406.445 430.117 394.162 410.040 415.372 411.545 419.777 408.120 422.349
193 503.000 518.807 474.159 477.514 465.543 454.839 469.434 464.615 452.737 469.841 469.342
194 402.000 404.800 401.498 406.298 400.623 403.846 407.728 405.506 402.965 405.743 403.525
195 316.000 337.380 328.458 330.264 327.141 332.111 330.430 328.239 328.824 327.047 331.066
196 537.000 439.171 487.842 536.037 520.384 469.835 445.837 540.601 508.909 517.120 468.269
197 426.000 453.651 464.143 443.638 440.804 454.645 444.217 439.913 440.147 438.060 438.883
198 414.000 439.413 438.786 443.000 444.180 452.182 448.368 447.105 452.969 445.593 441.687
199 460.000 552.933 546.119 518.646 519.049 554.153 568.818 560.722 542.577 548.741 522.154
200 438.000 426.533 449.164 428.834 432.285 432.437 432.535 439.073 436.073 447.065 439.242
201 418.000 424.010 414.378 415.592 414.130 412.168 415.715 415.245 419.142 416.545 423.869
202 432.000 438.977 414.842 426.439 423.625 424.328 441.703 427.375 433.147 427.487 418.471
203 422.000 426.892 422.445 429.369 434.290 430.536 430.561 427.628 434.395 435.910 431.082
204 450.000 418.926 422.993 421.141 426.651 419.793 423.490 418.118 420.457 417.936 424.754
205 362.000 384.001 368.911 367.748 357.927 361.605 374.867 357.954 363.393 366.960 370.166
206 500.000 412.133 405.086 399.346 385.269 416.275 385.876 403.995 407.270 396.747 406.831
207 361.000 396.287 389.699 389.610 389.619 394.047 400.795 374.070 383.853 399.526 398.486
208 439.000 444.963 440.673 432.905 432.852 433.141 450.333 428.187 425.931 443.228 440.647
209 382.000 443.822 442.772 449.989 426.422 436.931 436.268 441.568 439.828 448.660 442.947
210 446.000 483.323 489.822 448.649 457.094 458.029 454.336 454.049 454.733 455.202 450.917
211 420.000 425.742 428.397 428.828 429.956 427.947 430.561 426.971 428.256 430.526 421.773
212 420.000 423.601 411.203 415.538 408.242 411.170 417.594 435.808 413.700 408.637 418.802
213 488.000 414.569 413.341 435.810 426.629 417.120 414.285 420.819 430.560 428.340 417.804
214 395.000 405.774 400.185 433.469 393.577 399.839 412.005 399.204 405.517 413.046 408.361
215 399.000 410.289 403.593 398.301 406.500 410.521 393.838 404.478 398.809 420.075 414.977
216 356.000 367.543 363.662 366.552 367.064 365.784 364.761 364.797 370.278 369.644 367.330
217 440.000 431.438 423.429 431.520 434.860 426.647 432.872 429.094 432.542 426.447 428.749
218 342.000 325.878 330.277 333.077 325.751 349.813 331.613 349.324 334.346 350.992 331.793
219 535.000 408.621 412.837 421.817 424.905 396.068 428.909 439.539 441.065 387.119 452.651
220 525.000 514.411 496.452 478.500 504.468 506.033 498.532 512.117 506.039 497.617 510.019
221 526.000 510.340 511.880 499.667 517.426 524.854 495.273 522.742 510.137 515.217 525.692
222 318.000 349.430 364.577 362.590 367.357 366.933 356.507 360.662 362.216 356.518 354.528
223 518.000 455.275 473.242 452.357 456.496 459.876 465.540 436.594 468.255 463.979 456.800
224 366.000 368.269 360.710 363.658 362.525 368.072 364.761 363.374 363.186 369.644 369.959
225 349.000 371.698 372.823 377.695 372.390 385.423 380.487 376.876 378.084 373.832 381.154
226 396.000 403.397 399.963 398.528 399.859 400.638 397.737 397.281 402.376 400.168 402.922
227 380.000 377.164 367.811 369.212 364.555 380.357 378.558 377.535 370.084 376.612 376.889
228 375.000 385.765 386.286 376.992 377.751 371.720 365.981 368.234 392.911 387.821 375.190
229 455.000 443.153 436.196 452.923 447.243 456.466 431.165 430.272 431.065 437.736 448.692
230 428.000 470.316 485.803 487.756 491.332 477.502 482.827 474.244 483.186 477.053 465.448
231 334.000 331.075 330.601 329.525 330.137 329.522 328.664 327.002 333.432 328.459 329.229
232 337.000 318.005 316.802 316.917 322.823 313.939 324.428 320.709 333.380 328.410 318.405
233 418.000 408.370 417.495 413.289 411.818 417.562 409.553 421.240 420.314 410.746 409.878
234 310.000 332.409 324.377 324.278 324.889 326.549 320.554 327.994 330.382 325.357 328.934
235 395.000 403.493 398.917 397.938 399.440 396.702 399.992 398.867 402.998 395.458 396.050
236 450.000 423.605 430.033 376.850 428.493 408.178 439.890 417.471 420.107 379.108 410.207
237 368.000 368.231 364.746 360.566 359.300 364.558 362.971 355.700 374.598 362.340 364.088
238 468.000 495.674 475.925 472.007 505.601 483.146 499.831 494.444 479.530 503.897 474.786
239 305.000 332.409 325.565 324.883 328.353 329.726 327.745 331.515 325.512 331.669 333.076
240 303.000 327.362 326.946 326.856 327.508 330.952 328.527 325.740 321.934 324.539 321.148
241 316.000 335.643 320.543 334.849 327.304 321.876 323.653 330.810 366.008 335.768 327.252
242 360.000 335.222 335.790 331.968 347.633 344.932 331.105 337.078 330.142 351.732 333.982
243 466.000 482.343 480.451 490.850 482.431 473.070 482.502 494.827 492.668 494.664 490.152
244 422.000 453.015 425.719 426.867 437.511 432.975 430.736 428.116 446.163 455.106 450.854
245 418.000 397.010 390.202 441.241 361.461 397.253 404.245 376.391 381.949 390.534 391.126
246 409.000 427.342 416.523 417.666 415.937 417.226 419.625 407.390 414.195 415.674 415.412
247 326.000 294.992 319.189 318.360 317.175 344.428 311.845 322.323 335.516 324.859 301.252
248 328.000 409.817 399.268 403.357 405.551 399.156 401.225 396.008 408.757 409.887 405.874
249 369.000 385.549 381.298 383.835 384.871 377.889 386.449 359.610 395.286 378.903 383.542
250 346.000 327.766 328.320 331.476 338.199 337.436 327.184 328.239 325.558 327.047 328.275
251 407.000 410.869 413.377 411.898 423.880 406.206 418.820 409.772 416.451 412.883 405.723
252 414.000 393.147 398.934 393.215 407.643 378.988 379.684 394.838 387.968 391.543 384.909
253 501.000 498.248 506.261 496.523 496.572 498.898 515.351 499.691 499.598 491.538 512.636
254 421.000 418.127 433.166 432.036 432.132 426.195 428.643 421.058 425.548 418.509 405.630
255 316.000 321.714 316.873 366.132 367.021 348.650 345.218 320.812 366.575 333.039 319.192
256 328.000 319.489 323.137 324.581 323.523 323.536 328.664 324.663 318.922 324.932 333.434
257 445.000 488.793 491.288 454.249 446.629 461.544 512.492 463.693 448.913 445.563 507.841
258 371.000 407.992 467.578 386.722 379.190 391.007 391.217 391.539 402.287 376.011 391.581
259 484.000 502.130 495.312 494.404 490.299 494.508 493.444 507.500 508.115 472.703 421.128
260 418.000 427.342 416.523 417.245 412.379 412.421 419.625 413.783 416.113 409.049 409.843
261 371.000 358.641 362.771 361.378 367.806 351.181 354.236 361.149 371.517 361.020 356.411
262 331.000 330.190 333.961 333.542 327.141 331.992 333.150 333.856 325.558 329.485 331.066
263 586.000 536.424 524.919 540.767 528.206 536.854 528.957 523.047 530.289 525.329 526.382
264 434.000 435.594 432.113 433.521 427.201 431.426 427.540 434.738 432.508 432.479 440.093
265 412.000 448.404 454.019 445.911 420.299 417.387 428.768 445.431 411.800 411.285 440.678
266 483.000 384.222 357.443 368.803 377.570 371.142 375.337 377.109 371.007 360.560 382.236
267 393.000 399.423 417.813 420.005 411.265 411.702 413.427 412.604 416.181 407.212 420.614
268 386.000 372.311 368.786 367.841 368.297 375.959 361.142 383.819 370.761 383.628 357.168
269 344.000 393.765 394.170 394.793 396.521 406.345 389.596 397.612 418.077 399.680 395.537
270 392.000 378.741 399.268 377.902 373.055 386.272 391.483 386.588 392.303 379.838 374.555
271 460.000 431.897 428.523 422.732 425.678 439.124 433.712 434.717 431.663 424.155 431.270
272 321.000 336.093 329.551 328.977 332.252 332.701 331.502 335.531 331.861 333.187 333.654
273 311.000 368.516 356.163 370.035 373.207 359.282 362.151 359.799 368.486 361.685 355.991
274 391.000 332.216 333.369 330.713 328.281 329.840 333.808 328.505 335.799 328.667 331.961
275 431.000 435.541 440.820 438.800 431.730 439.958 442.205 436.045 439.985 436.799 437.411
276 357.000 377.717 382.265 374.271 375.923 385.423 371.022 381.443 367.840 374.774 376.435
277 414.000 408.760 418.245 413.474 410.335 417.388 407.210 435.870 414.848 409.625 414.030
278 452.000 434.302 431.540 438.679 440.753 438.312 437.417 428.005 441.247 437.909 434.345
279 437.000 429.398 398.372 440.432 381.578 422.932 408.707 405.763 403.865 395.849 431.556
280 315.000 316.743 313.702 316.652 312.775 314.933 313.979 317.626 317.895 314.261 315.769
281 435.000 450.333 450.080 464.385 459.400 453.175 461.181 467.320 455.051 463.358 451.293
282 448.000 419.985 419.583 433.371 421.162 402.816 421.640 419.361 413.366 424.825 415.770
283 416.000 441.509 420.309 417.830 438.069 422.946 423.001 442.501 424.830 421.515 440.732
284 328.000 329.640 335.583 335.647 331.937 331.168 328.832 322.646 333.166 331.415 332.290
285 390.000 395.548 399.998 398.315 399.197 394.732 399.043 386.767 391.055 398.307 401.316
286 310.000 316.580 319.537 315.383 315.590 310.690 321.305 314.815 312.858 312.891 314.345
287 365.000 354.052 334.321 362.565 356.497 376.009 353.134 354.699 341.574 354.447 342.413
288 402.000 412.697 408.836 418.262 412.050 418.021 409.908 413.071 423.212 415.487 417.122
289 372.000 388.460 392.444 388.024 401.561 392.137 400.029 396.684 388.589 392.727 386.857
290 428.000 449.960 449.060 448.560 463.091 444.015 453.638 457.279 447.574 436.964 465.453
291 267.000 422.894 404.890 424.341 389.795 415.046 429.637 413.904 410.362 407.276 403.328
292 330.000 360.541 343.707 360.127 345.375 358.500 353.606 344.694 347.010 354.037 338.795
293 598.000 592.045 599.036 570.488 583.538 597.801 578.849 595.009 594.122 591.272 594.144
294 392.000 389.893 392.648 396.027 388.701 400.333 376.239 385.435 386.862 385.659 395.014
295 430.000 536.682 527.574 524.082 517.127 522.905 525.415 511.764 527.025 524.826 525.843
296 340.000 347.711 348.728 335.961 345.672 347.772 343.239 338.148 353.467 352.374 349.504
297 312.000 345.932 342.728 331.658 346.636 366.857 335.117 335.479 351.396 339.462 332.590
298 327.000 362.385 361.020 364.795 370.406 359.704 365.105 368.456 361.311 360.740 362.522
299 342.000 355.542 374.556 372.356 360.302 356.512 355.919 364.234 357.171 368.137 369.292
300 417.000 410.532 410.001 411.191 405.485 411.942 412.095 415.866 413.809 417.506 414.518
301 318.000 316.746 321.333 315.316 319.647 318.798 316.635 317.822 317.801 316.501 315.342
302 329.000 339.237 324.883 332.949 321.972 326.315 327.999 337.766 315.756 335.288 329.246
303 339.000 335.222 347.184 331.968 338.983 355.024 349.142 347.195 344.164 348.161 349.412
304 334.000 335.144 336.704 342.323 330.906 328.365 332.908 331.396 332.652 330.309 329.566
305 346.000 395.220 379.292 351.116 361.068 406.940 365.030 342.081 406.564 376.241 410.409
306 420.000 419.382 440.100 417.878 425.184 428.138 426.756 424.488 410.035 417.307 425.867
307 371.000 388.547 427.821 384.700 392.166 399.055 384.180 392.478 442.828 403.764 366.860
308 560.000 588.112 607.184 591.504 601.209 586.725 584.870 600.734 600.333 596.033 587.263
309 512.000 469.387 442.561 486.603 456.083 455.753 443.703 444.086 477.308 451.649 453.552
310 410.000 412.153 411.378 415.865 419.639 409.294 411.738 410.465 418.804 404.394 408.348
311 473.000 430.083 454.878 434.886 444.110 434.656 428.864 434.521 453.183 425.293 449.879
312 427.000 418.671 426.165 432.036 420.483 413.964 418.806 422.419 418.405 413.430 420.678
313 326.000 362.057 354.880 360.702 359.750 363.379 357.398 355.679 361.547 372.713 362.585
314 405.000 389.138 386.410 380.307 392.727 394.355 380.193 393.530 401.803 404.043 397.145
315 442.000 475.719 486.290 469.781 486.308 472.856 476.758 484.594 480.295 483.389 477.976
316 330.000 351.666 365.839 350.075 362.275 356.805 355.933 354.242 355.652 350.174 354.595
317 328.000 344.238 326.943 323.516 331.704 357.608 332.105 327.001 325.855 339.371 323.358
318 436.000 435.541 423.429 428.821 429.210 423.616 432.872 433.702 426.684 426.447 428.588
319 410.000 402.694 399.589 403.211 418.001 403.611 403.907 412.532 409.243 409.078 401.714
320 462.000 462.208 458.344 458.677 477.065 462.773 479.309 464.596 472.031 483.389 471.632
321 471.000 450.728 448.644 451.311 460.575 453.549 453.675 456.031 450.684 452.243 448.146
322 427.000 425.414 433.225 425.762 430.536 428.540 429.333 430.818 433.049 428.423 431.644
323 464.000 452.764 444.562 452.938 445.022 446.241 444.599 458.961 443.631 443.695 456.477
324 446.000 423.017 418.341 416.750 415.976 402.816 417.034 415.916 417.616 418.381 414.992
325 583.000 579.471 588.457 582.708 586.409 589.374 589.479 594.103 596.778 585.081 581.460
326 562.000 483.044 476.065 481.702 482.431 473.070 476.362 472.262 478.893 470.595 468.726
327 313.000 327.397 337.521 351.098 328.760 337.014 333.045 327.230 333.380 332.192 326.170
328 422.000 445.778 440.359 447.230 447.694 449.696 456.443 441.141 449.002 450.693 440.673
329 382.000 440.681 444.118 421.033 412.935 435.748 433.009 439.299 428.204 481.004 428.656
330 398.000 364.476 392.653 384.528 381.162 383.533 382.266 396.130 391.764 388.960 387.627
331 371.000 386.439 385.923 389.347 374.980 383.527 378.435 393.507 372.316 380.169 379.890
332 414.000 409.830 427.760 418.161 420.436 418.308 417.450 419.810 413.930 414.753 412.620
333 440.000 426.533 430.990 433.193 433.137 429.702 434.982 430.292 427.703 435.377 438.245
334 599.000 590.811 595.682 594.418 594.173 587.676 595.029 577.105 597.184 594.500 593.949
335 353.000 358.987 349.126 358.889 358.554 357.626 361.563 354.752 357.879 358.676 349.898
336 404.000 368.930 390.690 387.232 375.600 369.515 403.632 388.237 382.516 394.103 372.745
337 406.000 407.949 411.357 407.303 413.849 417.134 401.485 404.312 404.074 404.394 406.272
338 324.000 347.049 328.019 330.799 333.935 332.904 347.926 333.869 332.985 344.453 328.514
339 337.000 329.487 327.763 328.977 330.754 333.140 330.270 329.552 331.891 327.708 332.087
340 395.000 406.989 404.393 430.117 418.792 408.033 409.979 416.492 426.127 426.086 414.275
341 407.000 414.087 410.417 413.320 415.631 406.509 414.095 413.774 422.102 417.069 415.611
342 330.000 351.143 356.214 366.073 359.532 353.536 354.756 362.098 355.170 358.183 360.376
343 417.000 436.745 439.589 421.746 435.664 440.758 440.120 439.692 432.672 444.029 435.446
344 395.000 398.013 397.614 403.716 400.460 396.702 398.186 395.435 401.684 400.168 402.546
345 503.000 401.222 399.971 391.607 389.251 413.124 391.344 392.363 396.492 390.605 389.419
346 448.000 448.674 453.217 444.147 455.376 440.051 449.654 455.446 444.956 435.500 452.289
347 363.000 375.021 368.391 375.032 373.211 352.081 354.210 380.500 375.038 342.490 371.301
348 386.000 350.017 356.214 358.889 351.263 354.214 354.756 354.932 348.959 353.484 360.376
349 330.000 336.093 329.286 331.915 330.137 328.312 327.410 328.929 330.960 328.459 333.648
350 488.000 381.754 382.326 380.959 376.101 383.026 375.280 388.931 376.363 394.483 389.691
351 479.000 460.026 493.078 470.942 473.191 449.484 455.967 401.034 474.973 474.712 487.557
352 338.000 354.473 348.634 355.559 350.172 354.296 356.276 357.283 374.244 341.735 365.410
353 456.000 471.148 479.155 475.014 465.457 467.043 449.428 460.399 464.340 447.492 464.773
354 418.000 445.305 456.446 452.923 447.379 456.466 456.443 441.368 447.647 453.096 444.499
355 322.000 324.094 326.997 332.086 328.353 326.980 327.745 317.613 325.582 327.053 328.279
356 321.000 316.974 314.866 312.828 313.871 316.281 311.765 317.822 313.894 318.914 313.950
357 335.000 395.316 399.195 395.596 398.443 406.345 395.811 388.931 418.077 399.680 398.876
358 394.000 391.014 396.091 387.009 383.515 387.157 391.276 388.501 399.359 391.512 391.701
359 398.000 453.686 430.012 435.244 436.919 413.124 440.972 440.434 448.113 434.605 465.114
360 421.000 423.020 442.912 448.851 438.172 427.446 449.027 431.182 451.180 447.116 433.450
361 364.000 363.462 355.972 355.757 370.088 372.742 363.634 370.893 360.124 360.756 368.406
362 322.000 333.692 363.911 346.532 334.527 330.814 335.613 349.372 342.459 342.580 344.157
363 446.000 479.542 481.421 481.822 469.865 478.786 472.276 485.366 481.398 482.922 483.524
364 340.000 329.809 338.692 324.960 327.834 332.336 333.996 327.230 330.263 332.176 326.170
365 340.000 424.122 408.683 408.880 408.671 411.102 406.077 405.459 422.837 407.450 405.957
366 452.000 383.333 408.683 408.880 387.363 402.883 395.215 405.459 389.109 377.706 380.899
367 367.000 377.763 366.066 388.783 379.180 390.041 388.661 366.240 372.831 391.711 380.418
368 425.000 431.438 429.420 430.285 437.638 434.803 439.008 433.597 426.684 424.161 436.913
369 399.000 394.741 373.170 380.894 375.431 385.972 379.525 369.631 394.200 377.246 415.757
370 420.000 411.009 412.170 406.493 417.479 413.508 417.855 415.751 411.855 419.348 404.109
371 526.000 523.712 527.734 524.324 538.705 529.236 538.747 524.977 524.563 537.510 523.692
372 343.000 359.520 367.506 356.877 355.690 362.933 356.649 364.323 357.986 356.616 350.059
373 420.000 403.250 414.548 420.443 426.326 394.119 407.986 415.767 410.754 381.168 395.931
374 403.000 362.345 372.341 350.684 371.532 377.224 368.211 371.709 372.357 354.423 351.569
375 495.000 481.855 493.719 481.554 484.474 490.939 490.478 476.719 490.238 493.377 489.651
376 564.000 470.316 459.885 466.677 460.140 462.773 456.909 464.671 450.386 442.799 465.448
377 420.000 510.803 513.851 535.180 511.004 498.857 489.340 528.691 512.367 548.120 505.273
378 414.000 393.658 413.448 414.710 409.621 417.400 393.078 406.769 401.408 416.236 408.999
379 328.000 327.204 319.459 337.418 331.207 327.342 324.964 321.399 330.491 326.096 329.229
380 546.000 443.624 445.465 440.217 447.999 456.929 443.260 442.927 431.232 451.311 442.764
381 323.000 317.015 319.601 316.558 319.647 315.858 314.430 318.190 320.981 318.957 317.102
382 413.000 409.627 411.203 409.238 418.625 412.347 412.085 407.857 411.701 413.293 413.783
383 360.000 374.390 415.323 397.455 378.408 380.462 449.563 419.220 377.013 423.083 399.725
384 411.000 420.372 427.491 416.833 421.958 411.605 409.618 408.472 410.051 414.640 414.587
385 346.000 330.010 325.050 328.070 329.318 330.066 329.314 328.030 328.749 328.869 324.897
386 449.000 434.700 438.786 441.471 435.721 436.646 434.091 444.220 435.863 431.942 430.746
387 389.000 349.430 349.812 344.167 349.201 356.693 352.343 355.847 347.226 354.811 355.005
388 340.000 372.012 384.740 373.560 372.397 380.203 379.331 379.824 364.767 389.266 375.276
389 343.000 325.514 327.797 324.899 326.213 327.342 328.493 328.929 326.010 329.108 326.972
390 404.000 410.475 404.841 405.788 408.022 414.531 413.403 433.962 410.184 410.182 410.963
391 451.000 453.628 438.400 441.055 443.507 452.383 441.038 450.208 447.763 441.848 449.508
392 359.000 344.394 350.834 353.630 363.323 348.770 360.671 347.269 345.236 356.517 345.005
393 410.000 418.730 417.758 416.011 408.814 414.531 411.754 410.255 417.110 418.391 433.019
394 340.000 333.231 330.296 337.773 330.476 329.522 330.649 331.333 328.181 327.708 329.536
395 504.000 394.883 424.082 440.140 416.025 419.430 442.137 407.713 412.719 410.892 354.328
396 546.000 522.474 512.269 520.677 520.889 511.408 509.943 514.973 514.998 512.147 517.214
397 392.000 402.609 401.158 411.204 399.487 415.106 394.020 409.343 401.637 403.131 394.595
398 413.000 411.316 409.621 413.320 411.848 420.662 411.230 413.774 411.340 417.069 415.611
399 325.000 407.089 416.160 400.757 409.168 394.852 400.795 411.904 402.918 400.429 396.312
400 297.000 320.061 320.809 319.881 317.211 316.281 317.173 317.822 316.661 318.914 319.235
401 397.000 420.731 428.711 429.644 419.811 415.692 428.076 412.784 414.729 422.755 412.020
402 428.000 418.925 434.373 436.228 428.392 433.800 434.371 438.631 441.918 450.891 446.709
403 440.000 438.490 447.042 457.467 459.407 434.656 459.528 466.157 463.330 453.987 442.947
404 604.000 587.394 589.826 591.488 596.103 596.049 583.787 602.728 589.747 592.397 589.333
405 442.000 440.145 441.281 442.621 452.503 434.828 434.522 438.062 448.104 437.049 444.664
406 462.000 474.403 487.015 422.576 482.911 485.158 488.969 478.343 481.568 470.432 478.682
407 491.000 472.536 472.900 450.711 474.085 465.951 461.488 476.778 462.676 455.149 459.758
408 495.000 469.391 459.966 479.254 471.107 486.517 474.464 423.987 494.092 498.833 481.534
409 394.000 343.615 355.520 351.137 364.734 342.756 346.785 355.871 365.048 358.274 358.987
410 320.000 329.069 325.766 334.853 334.389 338.332 327.658 331.419 329.042 338.455 332.184
411 445.000 461.492 489.822 453.053 450.951 457.053 464.146 450.979 459.735 467.522 458.291
412 350.000 361.723 358.378 352.619 362.290 354.771 351.290 348.591 346.965 344.547 359.647
413 332.000 334.940 325.306 332.990 331.839 333.212 337.127 328.505 333.376 321.288 335.883
414 411.000 412.710 416.974 410.751 414.026 417.982 419.731 420.176 408.648 420.223 406.945
415 341.000 424.122 408.683 408.880 394.084 403.900 402.632 400.377 409.655 400.681 409.451
416 452.000 441.927 450.521 446.312 450.892 447.582 448.595 445.042 444.090 439.013 444.807
417 398.000 407.725 409.404 401.641 384.404 387.805 395.859 396.183 408.277 391.133 388.630
418 357.000 364.525 363.662 358.185 369.917 363.786 369.636 367.155 370.278 368.913 369.959
419 410.000 431.685 421.311 418.628 422.306 420.897 421.713 425.655 432.491 414.843 420.430
420 411.000 339.177 354.116 344.167 351.003 350.492 351.549 352.166 355.377 351.273 349.417
421 316.000 315.499 315.894 312.719 312.087 312.389 316.953 314.824 313.165 312.475 314.539
422 454.000 423.850 420.216 436.191 427.050 433.207 423.166 428.949 429.084 434.374 432.935
423 492.000 528.110 529.597 516.636 514.529 531.020 525.735 517.855 515.117 524.925 520.948
424 405.000 410.132 422.392 415.520 415.631 416.377 413.089 419.963 415.096 410.174 412.317
425 357.000 360.089 348.472 365.684 342.789 354.938 358.997 350.362 339.182 349.701 358.190
426 424.000 407.758 409.708 417.269 415.488 423.013 411.808 407.868 412.562 409.601 403.349
427 335.000 389.643 396.772 389.347 392.638 393.131 384.217 381.184 386.492 369.050 385.152
428 438.000 445.024 448.148 435.590 439.473 448.001 422.815 428.741 449.781 409.323 444.929
429 525.000 467.527 489.037 478.161 489.970 494.508 487.062 506.261 467.695 478.852 421.128
430 331.000 399.789 467.578 416.754 396.190 405.173 390.771 406.849 411.250 400.127 417.692
431 431.000 408.430 430.680 401.253 402.183 427.140 422.333 422.862 399.666 426.091 389.230
432 591.000 587.025 583.551 591.488 581.586 578.125 583.219 596.736 586.342 586.163 580.818
433 414.000 434.737 423.034 420.861 417.105 422.320 413.082 428.082 411.473 432.652 413.365
434 388.000 373.710 372.892 377.695 374.236 376.712 375.449 374.605 367.840 374.774 363.665
435 585.000 558.981 580.591 585.134 589.988 589.565 594.943 563.919 591.199 580.024 561.761
436 398.000 397.419 403.031 401.301 396.183 407.387 401.946 398.648 405.336 403.123 394.194
437 441.000 343.152 350.175 337.992 337.562 349.034 352.377 348.578 350.051 345.746 343.290
438 309.000 320.061 317.672 315.316 318.913 316.409 315.427 320.559 319.070 315.449 322.938
439 518.000 521.567 519.560 514.551 526.345 504.021 521.080 492.702 517.031 515.745 520.764
440 416.000 412.489 414.564 417.666 414.408 414.507 415.768 415.136 416.113 415.978 421.042
441 412.000 413.761 411.203 411.338 405.856 414.215 406.486 409.648 408.767 410.083 410.160
442 385.000 430.471 429.632 428.602 424.598 425.885 389.641 434.995 438.017 416.467 410.011
443 325.000 326.235 327.030 326.411 324.889 329.900 320.554 321.502 321.934 325.357 333.076
444 325.000 319.107 328.431 323.293 323.991 327.434 329.934 320.216 329.066 326.308 320.505
445 328.000 325.913 335.893 343.877 338.011 323.210 326.323 344.125 338.978 330.176 338.921
446 397.000 408.064 419.312 402.013 391.698 413.188 409.825 412.422 413.230 410.624 406.025
447 407.000 407.758 414.762 414.474 414.671 416.692 421.506 417.279 420.313 415.487 418.958
448 491.000 452.276 440.126 438.688 406.566 454.205 438.657 434.496 435.795 371.475 438.318
449 328.000 328.177 322.921 326.875 328.102 326.471 324.964 315.720 327.810 327.545 329.162
450 430.000 430.735 443.735 446.129 435.356 451.587 451.150 446.713 449.919 457.096 456.501
451 413.000 407.654 416.908 397.590 403.116 407.496 374.917 410.549 402.974 397.485 382.852
452 364.000 377.289 366.655 396.611 366.185 366.488 374.529 400.607 395.165 367.274 365.515
453 404.000 397.294 400.402 396.563 396.330 401.939 401.819 399.754 391.909 393.908 399.637
454 431.000 435.881 415.754 419.019 440.024 437.428 397.921 453.996 416.551 406.434 434.708
455 461.000 449.659 441.989 437.364 447.956 430.140 462.681 443.580 446.614 432.757 437.535
456 346.000 358.952 366.062 352.318 350.882 357.197 362.161 364.323 357.986 361.553 355.510
457 461.000 437.563 431.308 440.082 434.855 437.148 434.051 441.267 435.773 445.376 434.393
458 446.000 440.768 439.302 439.122 439.940 438.213 439.921 439.872 448.104 442.519 435.823
459 334.000 331.321 330.338 332.706 326.213 332.701 328.493 332.341 330.960 329.277 331.000
460 368.000 373.097 361.341 357.033 361.111 365.256 366.170 362.041 360.022 363.010 364.843
461 421.000 387.504 388.478 377.276 390.092 385.113 379.023 381.032 388.589 394.753 383.836
462 536.000 524.112 528.015 536.112 543.736 528.989 528.685 521.256 527.295 531.690 543.750
463 399.000 425.792 419.078 410.910 419.247 412.639 420.570 421.240 420.083 420.721 418.469
464 584.000 592.379 584.544 581.863 590.127 595.164 593.316 596.736 580.580 593.001 588.285
465 592.000 580.247 583.249 577.176 579.498 586.904 586.956 582.298 583.187 600.980 586.779
466 450.000 429.789 429.001 436.170 432.998 421.607 426.429 421.995 418.883 426.720 438.111
467 359.000 372.513 375.812 357.708 376.247 374.770 375.645 372.935 354.030 370.917 362.341
468 325.000 327.839 322.266 323.459 329.573 329.900 328.527 331.515 325.512 326.052 328.934
469 315.000 323.283 321.333 312.828 316.057 314.746 317.776 318.190 319.707 321.514 315.769
470 411.000 367.198 393.107 393.698 395.642 392.388 408.316 399.513 393.506 402.299 385.993
471 548.000 533.794 577.536 525.583 530.344 570.971 518.141 558.025 523.826 531.258 560.109
472 450.000 459.855 452.635 463.892 446.225 457.882 440.289 458.260 444.744 436.243 436.700
473 310.000 403.778 385.308 387.034 384.343 403.759 392.273 350.776 385.064 383.240 390.164
474 362.000 375.729 376.831 375.830 371.063 381.853 368.738 350.780 375.038 373.601 380.022
475 322.000 328.083 327.862 330.540 330.574 357.038 321.862 323.200 327.401 333.344 337.809
476 396.000 396.970 414.903 407.624 401.289 403.379 405.111 403.354 398.809 407.156 403.327
477 408.000 429.242 433.525 426.080 423.841 428.299 430.804 431.022 420.637 429.610 423.278
478 540.000 474.161 490.035 503.272 472.066 453.244 475.616 479.785 479.841 506.621 484.338
479 399.000 397.465 401.986 398.217 402.949 396.386 402.183 400.945 407.685 401.356 395.609
480 448.000 438.200 445.597 435.923 447.379 446.081 440.086 443.721 448.437 444.418 442.110
481 460.000 420.184 413.416 403.202 405.485 401.534 416.627 411.079 408.889 411.609 403.747
482 331.000 329.199 333.157 332.707 333.032 332.904 333.779 331.041 334.942 334.509 329.076
483 448.000 450.059 434.081 441.735 442.927 434.405 444.960 436.474 444.359 448.813 441.360
484 444.000 451.299 457.511 466.702 457.867 458.212 458.276 455.864 458.459 449.249 448.146
485 336.000 329.311 335.265 330.473 330.806 329.391 328.907 333.165 328.824 331.111 328.275
486 502.000 391.248 397.620 396.167 395.278 399.979 390.716 392.427 395.617 398.222 390.043
487 409.000 420.184 413.416 411.898 417.581 414.520 415.705 413.861 416.451 414.889 419.022
488 405.000 406.494 408.105 406.931 401.072 403.273 414.814 395.978 411.325 397.359 411.652
489 555.000 576.174 570.349 581.876 591.036 582.719 587.235 585.763 565.363 573.391 580.433
490 427.000 418.358 433.225 431.960 421.574 433.694 429.333 428.748 424.790 425.777 429.726
491 452.000 431.902 405.417 424.868 436.197 417.339 437.631 423.236 421.726 433.869 432.606
492 329.000 322.559 315.741 326.501 317.161 324.493 318.224 320.367 320.035 319.961 317.272
493 491.000 501.775 501.938 497.487 507.495 448.099 499.193 519.324 492.282 496.626 501.693
494 440.000 432.606 437.472 431.427 429.137 438.043 430.508 432.734 424.495 434.588 429.319
495 363.000 353.973 354.767 346.849 338.927 349.095 337.114 345.649 382.744 356.314 352.417
496 432.000 426.078 422.428 427.425 426.663 428.148 432.652 425.614 423.722 420.843 429.697
497 514.000 480.658 480.451 488.545 480.124 473.070 483.471 472.262 481.744 485.161 487.800
498 536.000 574.019 574.981 569.915 539.820 572.691 555.379 576.381 563.744 571.389 561.247
499 462.000 446.213 454.517 448.876 451.639 442.870 442.678 448.414 449.370 448.973 442.379
500 510.000 526.158 520.767 527.874 530.428 532.691 533.770 516.348 524.909 535.586 527.032
501 357.000 337.932 436.650 365.609 422.672 332.338 422.533 379.771 342.467 395.294 336.207
502 418.000 427.255 415.367 423.760 420.011 419.917 425.826 419.765 419.210 422.010 418.684
503 406.000 437.568 421.840 434.529 442.205 425.096 436.415 427.355 423.972 436.092 438.371
504 464.000 457.213 453.861 460.172 419.959 429.877 448.639 455.379 469.090 452.951 424.427
505 400.000 400.632 400.093 398.528 399.440 401.740 397.426 398.867 399.554 401.053 398.770
506 400.000 422.396 417.495 416.607 405.485 414.030 415.491 418.144 419.332 423.384 412.652
507 333.000 333.042 331.558 330.264 335.366 332.111 333.278 334.419 325.870 332.635 328.944
508 452.000 480.660 454.091 449.880 441.939 447.276 413.924 470.488 451.608 433.811 442.649
509 586.000 538.874 567.975 556.492 580.884 573.222 549.317 562.646 551.886 558.762 541.087
510 461.000 450.693 453.547 446.801 457.867 455.434 457.148 449.625 455.043 449.249 458.002
511 606.000 583.352 583.521 589.364 589.629 591.563 594.092 588.550 598.735 590.688 592.117
512 338.000 361.331 357.224 348.676 356.909 351.170 351.523 355.276 374.244 349.667 363.650
513 368.000 348.768 369.850 356.087 346.853 339.836 354.499 345.440 360.644 342.302 342.029
514 442.000 427.425 428.754 407.690 404.492 419.994 421.494 410.435 416.038 421.376 406.297
515 417.000 410.626 414.762 413.958 408.574 415.016 409.908 407.868 417.680 411.679 403.247
516 328.000 316.746 317.672 315.623 316.437 316.997 317.776 318.255 315.041 315.449 316.616
517 477.000 435.232 440.461 452.448 446.335 458.822 441.587 431.616 447.042 433.063 457.442
518 350.000 349.521 348.243 343.868 338.035 339.827 343.134 340.342 347.010 342.445 338.795
519 421.000 451.028 428.750 420.490 437.765 435.254 427.912 439.291 454.597 429.259 431.265
520 592.000 527.172 532.323 524.264 520.708 523.617 530.596 522.548 535.546 530.937 526.047
521 422.000 445.284 452.528 441.181 443.630 438.987 450.109 440.649 439.508 444.020 445.676
522 473.000 514.592 507.063 497.559 467.745 497.720 457.032 475.222 484.616 470.657 484.241
523 567.000 528.499 527.791 545.419 508.356 581.610 545.128 546.398 551.738 541.547 555.766
524 425.000 397.070 408.458 393.222 396.920 391.425 383.407 416.165 402.397 391.104 379.973
525 429.000 443.305 449.871 451.048 447.956 441.351 462.681 443.580 440.425 440.052 451.759
526 351.000 354.531 356.225 358.889 351.263 358.769 355.092 362.098 355.176 353.484 354.845
527 416.000 420.372 410.756 410.417 418.035 417.647 410.665 415.206 403.574 417.535 419.713
528 354.000 362.229 362.854 366.073 350.237 354.214 355.092 354.630 357.533 358.294 349.898
529 524.000 518.782 508.630 521.291 515.978 514.282 497.057 520.709 513.682 511.573 510.831
530 334.000 355.035 359.631 353.715 357.794 366.785 357.531 354.632 355.359 363.010 361.291
531 462.000 447.715 460.223 460.778 447.464 456.051 458.559 451.290 446.079 447.907 451.281
532 477.000 471.217 462.825 483.776 469.702 451.586 467.621 458.746 466.990 468.364 476.390
533 528.000 465.017 479.647 422.888 435.313 444.501 495.744 465.146 434.339 482.587 421.901
534 335.000 330.202 336.704 342.323 329.872 334.578 338.254 332.969 336.877 333.934 329.321
535 323.000 328.531 334.171 323.471 340.373 344.829 361.548 344.544 337.587 323.940 333.886
536 412.000 409.098 412.959 409.810 420.658 408.708 421.636 407.868 410.051 417.535 419.713
537 551.000 520.363 526.705 525.591 521.361 529.210 529.246 546.709 539.026 513.596 525.066
538 406.000 405.865 405.971 407.230 415.706 397.240 412.740 405.909 409.530 407.848 410.827
539 502.000 533.794 522.515 525.616 524.092 524.806 518.465 516.253 517.633 511.573 524.231
540 415.000 409.455 409.466 408.119 404.119 400.165 385.315 400.609 409.234 403.464 402.876
541 336.000 327.581 331.026 327.844 328.946 330.066 329.362 329.296 332.511 331.641 336.376
542 312.000 317.015 315.478 318.028 315.438 315.172 312.158 318.255 317.462 313.953 317.240
543 330.000 329.487 333.173 333.302 336.902 332.785 330.055 332.179 333.509 335.016 330.947
544 508.000 418.104 520.441 436.480 463.003 439.628 408.438 438.634 410.732 416.097 422.591
545 588.000 579.193 602.702 600.709 607.158 608.953 612.430 592.791 596.304 607.072 610.707
546 410.000 446.404 449.473 456.990 437.446 427.882 432.681 448.243 432.464 422.534 406.297
547 540.000 515.157 509.678 526.615 515.952 527.694 528.690 518.126 528.310 520.000 523.340
548 362.000 377.717 382.265 370.916 368.403 376.712 370.082 381.443 380.909 374.264 377.029
549 404.000 398.711 406.045 404.783 403.121 407.794 405.429 407.352 407.169 399.648 407.694
550 370.000 358.169 363.547 360.566 359.300 368.072 364.726 355.700 364.594 363.010 364.057
551 482.000 370.780 375.138 377.276 383.082 370.801 377.007 375.901 371.788 381.056 386.857
552 398.000 397.294 399.530 401.147 401.434 392.079 397.608 396.542 395.198 396.174 396.354
553 466.000 462.631 453.678 452.982 459.503 461.908 446.760 441.416 470.391 472.011 465.379
554 405.000 406.575 401.546 406.298 411.330 406.192 406.486 412.593 406.050 400.854 408.614
555 576.000 532.639 580.244 530.620 524.239 542.541 569.384 571.544 597.188 568.568 550.038
556 457.000 424.501 410.714 426.080 414.658 424.527 421.413 417.078 414.889 425.961 418.721
557 478.000 434.273 446.934 429.121 441.143 432.309 428.864 426.153 438.208 425.293 430.868
558 431.000 470.772 414.757 433.624 491.024 488.466 418.526 434.999 400.539 448.726 449.701
559 411.000 371.698 372.823 369.689 370.225 385.423 371.022 367.071 367.699 376.820 363.665
560 409.000 404.339 408.392 404.631 408.707 396.969 402.601 403.513 408.096 405.743 404.128
561 375.000 346.399 336.851 353.012 329.019 354.940 354.181 351.752 362.524 364.334 341.296
562 400.000 396.687 415.179 401.093 412.803 396.549 425.450 418.331 396.005 406.463 402.504
563 331.000 330.190 330.277 327.476 331.434 329.921 328.578 329.398 328.824 330.742 326.491
564 412.000 414.561 411.771 417.245 408.707 413.645 417.345 413.783 402.989 415.674 418.765
565 485.000 565.487 516.404 537.706 536.728 523.678 548.854 552.123 541.129 516.774 521.278
566 407.000 424.010 412.162 423.032 418.694 417.418 421.547 415.352 422.130 418.739 423.869
567 405.000 411.689 388.165 409.486 407.780 395.532 415.856 384.235 408.221 410.865 424.620
568 406.000 401.886 400.185 397.106 395.908 399.722 401.361 399.015 410.030 404.312 402.166
569 342.000 357.107 348.243 343.035 345.375 344.491 347.524 338.524 351.033 342.445 348.025
570 321.000 347.049 337.195 330.689 323.432 335.244 334.919 333.869 325.393 334.289 336.745
571 361.000 386.094 381.796 366.209 403.955 374.389 418.193 408.000 379.741 404.807 360.864
572 387.000 360.892 364.120 360.804 360.014 361.531 355.740 359.130 370.278 360.469 362.380
573 323.000 320.061 315.851 312.828 315.438 313.226 313.979 310.856 316.661 314.768 319.235
574 390.000 365.660 371.890 352.221 344.242 362.807 352.539 377.723 369.711 362.107 351.692
575 440.000 463.082 473.187 455.771 395.147 525.128 464.439 432.112 472.276 432.126 451.154
576 332.000 349.632 358.733 359.308 350.237 361.831 358.104 354.932 360.502 350.997 361.040
577 456.000 464.058 480.407 466.846 473.003 471.738 478.789 476.932 435.884 455.928 475.009
578 488.000 446.203 440.783 423.782 438.358 431.989 422.142 440.934 448.913 439.264 427.294
579 332.000 376.233 378.249 371.146 371.940 339.815 364.086 370.931 359.137 340.564 360.156
580 316.000 318.825 322.382 334.853 320.054 325.237 328.687 324.961 319.939 321.994 323.426
581 459.000 443.526 456.459 461.670 429.130 415.253 425.960 435.818 432.245 431.309 450.170
582 335.000 326.672 324.117 324.240 330.319 326.107 322.909 320.216 329.320 330.432 324.827
583 332.000 347.718 343.644 350.425 350.140 346.648 324.802 338.880 338.848 348.882 333.078
584 459.000 482.552 481.421 472.615 472.904 472.227 495.862 513.043 497.229 488.514 479.563
585 396.000 408.728 412.666 410.189 410.569 404.658 407.852 404.865 401.051 414.318 406.313
586 489.000 475.323 492.176 485.509 487.354 480.539 483.088 482.929 474.250 484.779 479.110
587 417.000 418.018 412.084 423.691 402.154 408.969 394.104 394.824 410.125 433.369 405.533
588 404.000 409.969 404.942 395.461 414.250 399.381 400.625 398.881 399.854 401.888 398.359
589 400.000 423.414 421.545 412.060 416.452 420.822 416.018 414.651 414.157 416.451 413.082
590 357.000 359.759 353.956 353.630 363.323 351.106 346.443 356.157 345.236 343.980 353.002
591 437.000 433.113 450.329 433.473 432.207 431.989 457.742 431.859 456.087 467.817 447.448
592 542.000 557.252 568.934 535.381 541.936 537.458 536.076 545.161 544.358 540.322 532.644
593 419.000 435.856 428.750 431.684 427.461 425.759 427.918 420.009 454.597 437.220 434.420
594 350.000 341.318 335.376 326.701 325.492 324.311 336.840 330.845 311.749 321.405 327.682
595 424.000 439.962 438.344 438.679 445.376 442.627 448.336 446.774 440.574 444.665 442.683
596 443.000 421.494 438.027 423.612 426.430 432.103 430.179 428.187 443.538 437.443 429.745
597 439.000 439.973 428.569 427.326 434.860 429.598 424.173 433.702 430.676 433.217 432.205
598 324.000 316.746 314.942 316.989 314.802 317.645 317.544 317.222 315.041 318.802 315.342
599 311.000 332.095 327.969 323.794 330.518 329.064 331.151 330.263 327.749 323.444 326.968
600 331.000 336.213 338.480 333.302 336.970 331.460 333.552 331.344 338.266 330.669 330.947
601 428.000 438.753 408.507 409.440 426.801 439.491 428.567 424.302 434.968 417.064 429.958
602 400.000 414.702 405.917 406.991 407.785 419.715 415.522 402.829 408.889 411.609 413.479
603 309.000 326.235 327.030 332.086 325.580 330.952 328.527 327.994 324.433 326.052 328.934
604 375.000 337.391 338.996 340.942 348.073 351.895 359.365 359.320 353.824 347.957 351.814
605 450.000 428.289 426.867 425.762 423.838 416.237 426.665 430.818 422.223 423.839 419.072
606 388.000 382.825 379.395 383.433 372.104 367.641 387.574 364.114 376.785 386.064 399.922
607 323.000 367.277 352.402 363.937 370.406 361.529 364.920 348.921 372.902 361.685 364.388
608 448.000 451.130 449.031 457.285 455.703 463.334 456.409 436.080 451.091 447.839 444.947
609 372.000 367.922 367.166 382.394 373.134 373.689 367.504 364.571 365.083 371.398 377.104
610 328.000 331.747 338.097 325.287 339.512 331.856 329.160 337.774 325.198 331.984 331.097
611 460.000 483.323 489.822 450.764 453.051 455.640 448.563 449.175 460.711 459.094 453.862
612 504.000 511.543 485.797 483.286 491.443 483.704 472.072 474.260 489.431 494.286 495.056
613 433.000 458.841 442.202 447.602 444.428 454.173 439.529 445.549 444.956 450.348 456.668
614 564.000 591.793 601.811 584.125 585.138 586.204 584.635 586.918 588.647 598.911 600.168
615 439.000 343.692 359.839 343.620 371.063 362.363 354.210 365.304 361.105 342.490 355.769
616 440.000 441.838 434.257 428.130 429.017 430.926 433.936 440.524 433.594 421.751 434.420
617 484.000 497.819 497.971 498.092 504.569 528.982 511.266 498.821 525.477 519.177 510.502
618 396.000 382.430 402.048 402.842 400.140 396.972 396.677 401.124 407.685 398.289 399.286
619 435.000 407.406 424.231 418.572 418.456 417.728 402.532 428.202 422.650 411.690 423.278
620 397.000 347.276 389.020 340.296 338.890 341.872 337.399 360.025 340.432 350.270 343.394
621 420.000 421.428 414.552 418.474 419.474 411.605 412.023 415.206 420.907 420.414 414.587
622 408.000 375.145 420.829 431.122 426.923 424.848 419.906 437.072 436.155 456.750 404.099
623 437.000 442.172 425.092 445.483 455.187 419.874 410.250 427.395 453.813 409.323 419.638
624 406.000 441.295 409.002 411.163 416.772 419.304 397.764 423.917 414.953 415.437 423.197
625 393.000 377.439 379.345 383.967 377.640 372.978 405.855 380.167 369.855 380.230 374.489
626 452.000 421.458 442.772 434.956 451.907 421.077 431.905 431.031 434.484 428.745 425.129
627 466.000 439.204 440.021 436.444 432.307 444.015 431.365 435.241 431.641 436.784 430.530
628 410.000 399.423 413.660 413.379 407.887 412.421 408.707 392.427 409.599 410.330 420.614
629 447.000 435.318 436.798 436.025 445.376 438.312 433.620 429.318 435.893 440.230 438.301
630 487.000 492.360 486.531 482.944 476.398 497.314 485.573 479.454 493.861 493.274 482.084
631 420.000 432.064 425.700 434.120 424.455 429.423 429.486 427.929 423.722 425.154 430.657
632 565.000 571.652 573.384 576.827 589.792 564.059 554.274 580.318 587.468 581.751 582.566
633 309.000 327.660 326.997 332.086 327.508 329.900 328.314 321.502 326.067 330.291 327.802
634 437.000 434.503 440.820 429.087 430.773 436.721 435.275 440.766 434.664 420.795 436.937
635 481.000 482.974 484.551 490.536 474.244 472.817 501.381 484.798 482.016 485.782 487.883
636 390.000 402.473 417.149 408.979 394.615 395.860 402.322 412.448 399.360 411.907 402.580
637 329.000 332.337 337.195 332.269 326.284 335.244 332.323 334.980 334.294 328.645 335.357
638 349.000 350.017 362.854 366.073 349.325 361.831 355.092 358.879 357.533 353.484 361.920
639 336.000 332.016 327.445 324.899 326.213 328.312 328.664 330.203 328.542 331.867 326.514
640 550.000 442.524 494.879 527.688 529.864 526.760 520.226 522.706 534.252 506.402 507.823
641 315.000 316.196 312.724 312.828 317.274 317.747 311.765 310.856 319.841 316.808 319.235
642 420.000 416.859 414.308 418.039 391.901 415.745 415.497 422.778 424.869 418.077 410.113
643 466.000 483.044 476.065 488.545 487.884 480.571 491.141 494.827 490.700 494.664 489.651
644 315.000 330.440 327.368 338.024 328.201 327.704 323.297 331.329 327.960 330.577 336.697
645 345.000 339.584 345.076 362.226 349.272 361.116 337.114 355.871 342.510 364.124 352.417
646 451.000 440.017 435.318 429.087 430.773 437.636 434.996 434.891 429.567 420.795 430.631
647 337.000 402.890 404.578 396.747 393.642 390.162 402.418 393.820 394.200 402.164 415.757
648 439.000 414.585 412.162 413.603 414.130 402.455 419.257 410.756 413.366 417.704 411.234
649 330.000 313.822 313.702 316.558 317.211 315.545 315.106 315.405 320.981 317.232 319.865
650 538.000 516.931 507.430 529.807 515.515 499.221 526.801 521.256 514.911 513.374 508.823
651 326.000 332.478 357.636 375.398 333.892 348.953 374.219 379.399 361.970 365.952 358.018
652 392.000 358.573 384.335 360.521 366.119 379.525 371.601 415.837 363.253 390.078 389.341
653 366.000 340.465 332.216 354.465 344.764 339.836 338.353 350.873 344.791 346.679 339.979
654 318.000 344.413 334.309 342.144 332.655 323.405 330.272 337.587 339.221 329.075 334.188
655 561.000 392.695 396.738 436.211 395.606 398.763 417.459 389.771 400.627 366.900 385.660
656 436.000 470.267 480.971 461.817 472.864 467.043 469.094 465.527 471.905 441.118 465.710
657 463.000 442.152 444.221 441.609 448.212 447.099 439.694 440.191 443.136 443.671 449.556
658 348.000 386.473 377.031 377.812 371.542 381.381 378.558 377.535 384.339 372.242 383.530
659 313.000 321.912 330.651 333.383 333.662 324.360 331.842 322.869 338.391 331.553 326.596
660 451.000 431.951 445.729 447.230 438.583 438.200 431.165 443.498 435.795 443.818 432.008
661 384.000 407.089 384.286 393.766 409.168 386.952 389.008 411.904 391.498 391.303 398.486
662 459.000 434.787 439.291 449.132 444.061 442.201 426.493 453.967 416.551 418.108 433.959
663 421.000 346.197 347.015 350.642 355.620 353.081 338.955 356.139 340.088 355.098 348.626
664 481.000 491.120 483.452 478.979 496.620 498.393 492.777 491.485 480.161 482.642 481.132
665 320.000 347.049 328.518 339.874 331.783 334.673 334.043 335.182 334.294 337.749 335.357
666 310.000 349.276 347.770 365.044 367.133 369.997 351.762 343.212 348.888 350.950 364.646
667 402.000 406.701 404.399 406.897 400.623 403.846 401.138 405.578 406.078 409.460 404.959
668 530.000 436.466 439.775 427.241 436.483 420.831 422.142 433.835 433.777 432.276 430.917
669 583.000 557.042 556.876 548.018 539.820 556.442 526.951 550.667 558.218 566.612 545.912
670 421.000 418.426 423.647 419.568 426.932 420.809 425.826 423.130 424.301 422.931 423.662
671 415.000 418.578 427.491 415.549 415.004 429.953 410.665 416.105 418.492 420.414 420.327
672 387.000 394.659 398.944 408.478 400.460 405.897 409.953 421.623 407.011 407.212 400.451
673 584.000 529.625 544.167 524.922 504.764 517.381 526.401 529.569 543.951 530.320 528.069
674 307.000 336.093 334.929 333.175 334.443 330.066 334.756 335.469 332.511 331.641 336.376
675 424.000 422.396 409.424 412.593 416.290 411.942 410.931 412.354 419.332 414.071 404.109
676 449.000 462.307 467.013 462.913 456.612 446.097 449.607 456.471 455.051 463.358 456.494
677 610.000 505.033 502.604 490.784 506.191 498.596 497.694 502.604 503.393 503.457 501.758
678 505.000 527.585 509.678 519.141 529.315 530.448 530.994 528.003 528.310 534.899 525.904
679 408.000 387.490 400.804 395.461 407.455 410.140 396.152 398.881 408.683 398.330 406.313
680 377.000 411.537 382.466 367.045 387.316 349.942 378.269 361.895 373.745 349.925 370.146
681 502.000 362.272 359.618 349.678 367.018 346.684 351.398 355.500 358.980 351.142 355.502
682 319.000 332.590 350.959 341.937 377.274 317.807 325.477 325.769 324.820 333.075 341.146
683 394.000 395.479 382.752 393.185 391.647 399.959 397.384 393.882 394.193 383.523 393.222
684 290.000 330.169 331.707 322.008 326.353 326.040 337.553 320.376 342.260 325.936 320.548
685 407.000 416.437 433.525 426.551 424.353 428.533 418.885 417.078 419.639 426.564 420.430
686 444.000 441.505 439.922 459.426 443.594 437.148 447.698 449.625 444.477 456.660 454.066
687 322.000 342.092 353.279 336.653 345.399 326.354 332.935 337.200 345.518 329.451 340.488
688 331.000 311.720 322.419 341.546 329.239 338.033 327.292 330.023 321.831 319.413 321.386
689 402.000 426.189 429.163 432.415 398.066 414.650 418.252 407.602 425.701 419.256 404.866
690 320.000 337.837 338.097 327.835 328.836 330.664 337.289 332.070 336.473 331.564 335.926
691 386.000 361.892 358.557 358.422 357.574 352.230 354.236 354.186 365.101 363.246 357.168
692 364.000 479.472 444.698 430.918 442.192 435.559 456.889 429.870 424.155 472.246 429.137
693 328.000 325.435 321.251 331.824 319.134 320.575 329.453 320.744 325.787 321.233 313.515
694 312.000 326.752 336.600 325.980 327.658 336.832 325.680 328.874 324.566 333.544 328.491
695 378.000 368.984 374.251 366.265 367.023 364.807 374.334 376.150 385.867 361.927 366.265
696 331.000 323.541 344.316 330.713 333.863 333.534 334.612 328.762 325.240 340.124 319.623
697 330.000 378.851 376.190 366.108 367.837 374.930 370.677 372.570 360.355 369.054 371.217
698 451.000 479.438 456.553 458.937 445.240 440.793 453.927 460.152 451.150 463.358 451.293
699 313.000 404.953 398.883 393.819 415.022 415.953 410.553 414.805 400.492 406.420 383.650
700 408.000 413.917 399.329 416.949 411.760 412.591 404.786 410.224 411.158 412.144 418.877
701 440.000 441.160 437.421 433.023 440.791 437.020 439.237 438.602 436.710 440.052 432.859
702 375.000 377.717 369.840 374.952 375.468 376.712 373.503 378.947 379.840 374.509 374.933
703 462.000 483.323 450.383 448.341 450.159 447.028 455.435 447.999 440.851 447.082 452.883
704 450.000 438.891 439.605 433.133 434.901 432.636 437.335 440.548 436.291 434.264 436.307
705 417.000 409.830 420.345 418.529 417.680 423.421 423.266 417.413 405.822 419.075 412.620
706 452.000 464.420 462.528 460.391 467.069 447.854 457.342 458.936 465.005 458.251 456.807
707 526.000 511.131 509.478 520.805 521.042 503.389 498.719 516.320 515.326 500.568 525.361
708 460.000 444.006 436.894 446.109 439.223 436.991 448.326 438.760 434.843 442.832 443.715
709 428.000 430.255 427.729 428.708 434.308 425.947 423.553 449.419 427.889 431.167 425.118
710 310.000 320.356 319.273 320.819 320.815 315.858 318.001 318.190 317.462 318.957 317.734
711 412.000 414.387 413.251 406.664 415.591 416.377 418.043 410.085 407.501 410.418 408.999
712 320.000 335.454 349.056 334.382 346.844 344.799 333.808 345.962 342.670 352.271 339.986
713 468.000 522.922 474.237 465.453 470.702 480.930 494.380 481.021 475.391 466.464 490.459
714 316.000 335.716 337.521 351.098 327.914 332.336 341.499 337.870 330.263 325.565 333.118
715 602.000 593.938 596.065 589.711 588.623 593.973 591.795 602.728 592.814 597.905 593.053
716 328.000 387.504 420.718 386.552 411.461 362.336 384.488 406.828 380.869 411.652 429.632
717 579.000 508.861 547.699 540.971 554.819 555.461 555.379 548.501 547.249 547.760 552.862
718 354.000 377.717 382.265 377.695 380.930 376.781 370.072 377.057 381.377 376.820 372.577
