data_index Htime.observed Htime.predicted.repeat1 Htime.predicted.repeat2 Htime.predicted.repeat3 Htime.predicted.repeat4 Htime.predicted.repeat5 Htime.predicted.repeat6 Htime.predicted.repeat7 Htime.predicted.repeat8 Htime.predicted.repeat9 Htime.predicted.repeat10
1 4.857 4.789 4.776 4.808 4.793 4.722 4.774 4.796 4.794 4.776 4.767
2 2.679 2.971 3.197 2.865 2.868 3.252 3.053 2.971 3.218 3.115 3.181
3 4.721 3.927 3.808 3.924 3.861 3.971 3.800 4.044 3.668 3.846 4.108
4 4.999 5.823 5.986 6.046 5.730 5.620 5.836 5.636 5.540 5.948 5.901
5 2.954 5.008 5.094 5.089 4.985 5.139 5.035 5.113 5.100 5.083 5.079
6 4.732 4.575 4.702 4.593 4.587 4.602 4.382 4.598 4.663 4.573 4.706
7 2.542 3.220 3.304 3.051 3.156 3.252 3.209 3.005 3.072 3.090 3.312
8 4.437 5.303 4.720 5.168 5.383 5.162 5.241 5.187 5.643 4.872 5.604
9 4.511 5.282 5.325 5.368 5.419 5.327 5.342 5.430 5.346 5.270 5.257
10 4.561 4.637 4.633 4.600 4.483 4.701 4.687 4.648 4.699 4.609 4.591
11 4.515 1.947 2.755 3.052 1.879 1.877 1.866 1.897 1.729 2.168 2.831
12 6.033 5.056 4.895 5.017 5.120 5.018 5.078 5.082 4.969 5.006 5.196
13 4.401 4.717 4.632 4.855 4.721 4.693 4.640 4.774 4.720 4.777 4.712
14 4.565 4.675 4.688 4.862 4.775 4.818 4.856 4.617 4.737 4.850 4.793
15 4.500 3.176 3.174 3.216 3.029 3.144 3.110 3.177 3.003 3.351 3.078
16 4.459 4.575 4.702 4.650 4.765 4.725 4.802 4.598 4.663 4.706 4.728
17 4.782 4.907 4.859 4.678 4.704 4.674 4.629 4.832 4.718 4.901 4.896
18 6.644 4.243 4.045 4.146 4.377 4.352 4.285 4.362 4.253 4.200 4.167
19 4.008 3.836 3.645 3.859 3.732 3.683 3.835 3.889 3.676 3.682 4.185
20 5.749 4.852 4.938 4.930 4.951 4.832 5.199 4.991 5.034 5.002 4.991
21 2.954 3.908 3.797 3.902 3.882 3.936 3.850 3.927 3.925 3.889 3.736
22 4.724 4.787 4.768 4.797 4.616 4.772 4.777 4.760 4.789 4.760 4.756
23 4.861 3.580 3.409 3.475 3.279 3.420 3.164 3.430 3.639 3.366 3.742
24 9.159 6.502 6.644 6.612 6.638 6.467 6.607 6.773 6.622 6.769 6.413
25 2.824 3.728 3.883 3.609 4.193 4.104 4.073 4.165 3.870 3.983 3.893
26 2.235 4.155 4.030 4.099 3.980 4.114 4.110 4.155 3.867 4.120 4.312
27 3.787 3.753 3.576 3.774 3.587 3.611 3.887 3.694 3.848 3.587 3.541
28 -0.165 1.414 1.782 1.195 1.187 1.234 1.055 1.442 1.209 1.216 1.172
29 4.365 2.935 3.051 3.032 3.013 3.114 2.955 2.936 2.987 3.024 3.047
30 6.982 5.500 5.425 5.691 5.635 5.585 5.599 5.551 5.420 5.724 5.494
31 5.556 5.068 4.955 5.209 5.047 5.119 4.997 4.974 4.946 4.944 5.011
32 4.605 4.638 4.710 4.642 4.560 4.715 4.713 4.582 4.604 4.664 4.595
33 2.381 3.788 3.767 3.757 3.858 3.838 3.948 3.900 3.858 3.681 3.642
34 5.016 3.950 4.042 4.007 3.725 3.940 3.983 4.039 4.056 4.173 3.965
35 0.255 2.561 2.296 2.219 2.445 2.457 1.861 2.273 2.181 2.307 1.674
36 5.937 5.910 5.357 5.765 5.905 5.830 5.991 5.848 5.237 5.975 5.972
37 1.196 2.556 2.548 2.507 2.439 3.293 2.363 2.254 2.329 3.131 2.253
38 2.475 0.805 0.743 1.031 1.075 0.844 1.153 1.029 1.044 1.146 0.915
39 3.525 4.522 4.208 3.924 4.302 4.309 4.172 4.044 4.335 4.631 4.108
40 6.946 5.465 6.032 6.110 6.376 5.941 6.197 6.051 5.728 6.036 6.289
41 6.519 5.314 5.453 5.339 5.311 5.262 5.312 5.442 5.314 5.262 5.361
42 2.001 3.276 3.376 3.203 3.294 3.283 3.217 3.294 3.290 3.135 3.243
43 6.167 5.933 6.074 5.927 6.046 6.096 5.890 6.074 6.176 6.193 6.028
44 4.459 3.736 4.432 3.838 4.199 4.399 4.298 4.172 4.213 4.148 4.337
45 4.673 4.754 4.750 4.736 4.721 4.523 4.733 4.663 4.648 4.727 4.727
46 5.617 4.977 4.983 5.025 4.996 4.834 4.997 4.958 5.051 5.038 5.071
47 1.358 2.273 2.403 2.169 2.085 3.293 2.286 2.214 2.315 3.131 2.380
48 4.228 4.997 4.979 5.008 5.120 5.010 4.975 4.956 5.008 5.004 5.029
49 4.475 4.975 5.038 5.137 4.664 4.988 5.242 5.110 5.304 5.131 5.203
50 2.682 2.038 2.236 1.996 1.728 2.204 2.225 2.208 2.107 3.092 2.891
51 4.297 4.351 4.055 3.566 3.883 3.908 3.706 4.370 3.991 4.275 3.832
52 4.702 4.587 4.424 4.343 4.518 4.707 4.489 4.481 4.455 4.448 4.600
53 4.804 3.937 3.771 3.741 3.873 3.888 3.875 3.911 3.764 4.096 3.730
54 4.741 4.789 4.762 4.786 4.853 4.792 4.774 4.825 4.794 4.778 4.767
55 6.083 3.366 3.432 3.498 3.337 3.588 2.699 3.375 3.385 3.279 3.102
56 4.401 3.751 3.715 4.154 3.735 3.789 3.864 3.752 3.765 3.722 3.710
57 6.101 4.915 4.822 4.861 5.121 4.852 5.060 5.107 4.621 4.935 4.950
58 3.561 3.709 3.751 4.057 3.580 3.877 4.097 3.805 3.783 3.731 4.271
59 4.376 4.026 3.740 3.604 3.916 3.861 3.846 3.795 3.947 3.868 3.734
60 7.960 6.137 5.719 6.145 5.988 6.158 6.174 5.835 6.169 6.307 6.157
61 2.475 4.072 4.032 4.147 4.128 4.046 4.097 3.886 3.926 4.228 3.994
62 4.183 3.769 3.801 4.101 3.925 4.134 3.940 3.477 4.099 4.014 4.540
63 2.857 3.478 3.051 3.477 3.390 3.487 3.592 2.936 3.364 3.417 3.445
64 0.776 0.665 1.782 0.706 0.637 0.793 0.951 0.794 0.715 0.570 0.662
65 6.190 4.951 4.995 5.058 4.923 4.998 4.922 4.983 4.439 4.995 4.956
66 5.520 4.756 4.820 4.883 4.789 4.842 4.791 4.777 4.864 4.864 4.797
67 4.613 4.744 4.728 4.716 4.761 4.721 4.664 4.657 4.700 4.779 4.744
68 0.670 1.566 1.493 1.125 1.380 1.664 1.426 1.501 1.537 1.318 1.490
69 6.056 4.974 4.955 5.008 4.832 4.769 4.949 4.905 4.966 4.973 4.811
70 4.598 4.944 4.970 4.959 5.135 4.956 5.015 4.959 5.003 5.028 4.942
71 5.317 4.977 5.279 5.189 5.425 4.925 5.400 5.217 5.178 5.288 5.203
72 4.635 5.792 5.857 6.102 5.897 5.803 5.900 5.977 5.838 5.957 5.878
73 4.529 4.025 3.846 3.828 3.725 3.862 3.811 3.934 4.031 3.903 3.957
74 5.700 5.646 5.623 6.323 5.656 5.633 5.497 6.137 5.421 5.708 5.556
75 0.325 3.536 3.352 3.523 3.550 3.398 3.471 3.477 3.604 3.457 3.654
76 3.984 3.332 3.423 4.147 3.242 3.254 3.411 3.378 3.322 3.257 3.994
77 2.208 3.404 3.519 3.317 3.580 3.494 3.487 3.543 3.447 3.477 3.513
78 1.653 4.120 4.032 4.108 4.108 4.042 4.045 4.018 4.093 4.065 4.099
79 0.088 4.670 2.755 3.052 3.419 3.290 3.369 3.369 3.343 3.368 2.831
80 4.196 2.368 3.352 2.445 2.225 2.450 2.223 2.325 2.279 2.267 2.361
81 5.336 5.220 5.214 5.248 5.162 5.350 5.175 5.337 4.439 5.167 5.299
82 1.105 2.980 2.904 2.970 2.900 2.906 2.978 2.814 3.007 3.092 2.891
83 5.846 5.163 5.247 5.381 4.872 5.083 5.307 4.882 5.166 5.122 5.257
84 4.113 4.200 3.687 3.971 3.586 3.860 3.645 3.659 3.836 3.697 3.734
85 2.631 4.268 4.335 4.244 4.375 3.912 4.321 4.439 4.404 4.222 4.419
86 6.261 6.004 6.136 6.001 5.720 5.980 6.092 6.030 5.996 5.856 6.184
87 5.048 4.400 4.291 4.216 4.397 3.958 4.557 4.204 4.488 4.283 4.228
88 4.858 4.756 4.972 4.939 4.905 4.988 4.791 4.876 4.985 4.884 4.914
89 4.779 4.764 4.733 4.734 4.751 4.772 4.701 4.753 4.781 4.727 4.788
90 3.835 4.595 4.344 4.554 4.494 4.271 2.699 4.432 4.577 4.704 4.425
91 5.064 3.258 3.239 3.251 3.224 3.243 3.293 3.301 3.414 3.183 3.367
92 4.003 4.165 3.451 3.276 3.519 3.685 3.488 3.657 3.709 3.518 3.517
93 3.404 4.280 4.337 4.389 4.489 4.227 4.306 4.300 4.281 4.169 4.513
94 4.951 4.715 4.765 4.797 4.731 4.753 4.758 4.769 4.751 4.797 4.789
95 5.505 4.331 4.301 4.254 5.050 4.280 4.186 4.293 4.613 4.365 4.296
96 1.857 4.072 4.300 3.987 4.111 3.947 4.265 4.250 4.040 4.333 4.127
97 4.632 5.873 5.623 5.168 5.453 5.408 5.934 5.829 5.480 5.735 5.390
98 5.177 5.379 5.323 5.248 5.162 5.344 5.218 5.337 4.439 5.359 5.329
99 5.978 6.113 6.215 6.231 6.260 5.702 6.312 5.482 6.234 6.489 5.803
100 4.146 3.505 3.732 3.789 3.746 3.562 3.707 3.622 3.600 3.835 3.510
101 4.954 4.756 4.978 4.921 5.135 4.927 5.002 4.933 4.952 4.922 4.909
102 5.806 5.045 4.859 5.166 5.191 5.250 5.235 5.370 4.944 5.392 5.187
103 5.033 4.620 4.417 4.643 4.705 4.675 4.382 4.585 4.607 4.522 4.541
104 4.395 4.125 4.337 4.167 3.627 4.092 4.036 4.278 4.191 4.187 4.114
105 5.093 3.479 3.207 3.348 3.444 3.912 3.519 3.293 3.149 3.457 3.486
106 3.250 4.240 4.153 4.154 4.201 4.239 4.388 4.228 4.293 4.187 4.257
107 2.760 4.224 4.259 4.119 4.199 4.195 4.267 4.190 4.080 4.092 4.293
108 1.182 4.670 2.928 2.740 3.022 3.215 3.283 2.826 2.854 2.168 3.120
109 4.028 5.041 5.039 4.991 5.064 4.935 5.007 5.114 4.978 5.088 4.991
110 5.190 4.148 4.194 4.726 4.233 4.112 4.055 4.295 4.217 4.121 4.547
111 4.988 4.836 4.826 4.836 4.827 4.821 4.855 4.707 4.842 4.859 4.811
112 6.799 6.216 5.791 6.185 6.279 5.890 5.988 5.630 6.066 6.168 5.991
113 5.414 2.781 3.153 3.351 2.854 2.871 2.875 3.095 2.512 2.885 2.866
114 4.414 3.545 3.668 3.686 3.544 3.647 3.609 3.658 3.462 3.678 3.570
115 5.635 4.647 4.433 4.693 4.664 4.647 4.650 4.474 4.395 4.738 4.644
116 4.883 4.114 4.256 4.289 4.433 4.252 3.934 4.100 4.219 4.207 4.232
117 4.712 3.846 4.193 3.942 4.093 4.173 4.227 4.268 3.960 4.104 4.197
118 4.758 4.679 4.731 4.740 4.713 4.769 4.765 4.625 4.727 4.736 4.728
119 3.147 2.529 2.680 2.436 2.593 2.541 2.765 2.571 2.759 2.717 2.608
120 5.580 4.894 5.132 4.844 4.738 5.060 5.221 4.758 4.815 4.610 5.062
