data_index lambdaa.observed lambdaa.predicted.repeat1 lambdaa.predicted.repeat2 lambdaa.predicted.repeat3 lambdaa.predicted.repeat4 lambdaa.predicted.repeat5 lambdaa.predicted.repeat6 lambdaa.predicted.repeat7 lambdaa.predicted.repeat8 lambdaa.predicted.repeat9 lambdaa.predicted.repeat10
1 342.000 337.266 340.671 341.373 339.600 339.953 340.229 339.588 340.163 331.810 337.198
2 336.000 363.695 363.954 363.866 364.131 363.929 364.848 364.447 364.326 361.653 363.979
3 434.000 433.696 427.806 431.250 436.740 436.742 437.150 436.531 436.845 433.746 436.415
4 320.000 329.184 332.963 330.999 333.453 329.902 332.849 330.507 332.958 330.305 328.953
5 317.000 317.946 318.096 319.469 320.625 318.961 315.177 319.900 322.687 317.925 319.787
6 432.000 441.329 439.828 438.211 437.884 443.774 440.294 439.684 435.905 438.600 440.800
7 419.000 431.380 430.873 425.023 425.970 429.153 428.177 429.631 431.196 428.427 430.250
8 554.000 562.232 560.674 557.104 560.807 559.006 568.338 559.236 556.997 561.511 559.626
9 438.000 460.832 459.883 452.389 457.251 461.030 458.734 455.594 457.333 462.358 458.044
10 315.000 315.419 315.711 315.192 315.694 315.068 315.388 314.978 315.866 318.106 316.333
11 325.000 336.826 339.670 338.515 353.837 349.094 351.001 342.831 339.170 347.498 337.149
12 492.000 458.845 453.246 469.971 482.771 473.186 471.497 482.982 467.275 460.139 453.516
13 370.000 375.131 375.173 376.298 375.372 374.786 375.038 374.426 380.303 378.041 373.162
14 424.000 420.389 424.385 425.083 420.640 422.765 418.302 422.307 424.904 422.135 421.302
15 400.000 398.061 398.183 397.069 396.952 396.733 398.891 397.730 397.731 398.625 397.210
16 406.000 405.283 403.559 406.192 404.995 405.495 403.484 402.657 405.655 406.468 404.216
17 429.000 414.844 424.179 422.699 419.938 422.196 422.585 421.473 423.032 417.213 421.686
18 450.000 449.025 398.859 402.827 402.197 404.698 398.335 437.257 402.500 393.388 398.091
19 342.000 338.981 337.861 338.523 338.134 338.797 337.788 338.735 337.926 338.617 337.920
20 302.000 334.277 348.320 386.400 324.545 335.842 349.470 345.044 331.296 349.598 332.039
21 437.000 434.933 433.029 436.325 436.302 432.933 435.269 436.845 440.127 440.132 436.126
22 407.000 412.042 410.626 410.054 411.104 409.993 407.453 413.215 411.021 412.757 410.395
23 384.000 383.160 382.011 382.472 383.450 380.788 384.555 381.444 383.216 380.673 382.648
24 371.000 375.071 373.852 373.293 376.462 372.613 374.726 373.650 374.030 375.445 372.758
25 417.000 341.499 350.476 360.073 358.552 356.110 357.498 352.621 354.272 364.087 351.917
26 425.000 424.695 419.498 426.049 424.809 421.622 420.127 424.796 416.714 421.912 418.081
27 350.000 327.045 328.154 323.204 304.592 326.883 330.973 334.131 330.279 327.263 331.041
28 444.000 432.136 439.655 434.326 431.628 431.698 433.037 434.083 431.775 436.427 434.712
29 379.000 369.772 368.448 370.649 368.856 369.734 370.660 371.865 369.873 367.807 370.430
30 400.000 410.772 412.683 410.054 409.351 407.100 411.558 413.215 408.341 412.757 408.173
31 378.000 393.613 393.657 392.461 393.470 386.881 391.353 398.238 392.077 394.414 394.630
32 364.000 364.439 366.874 366.535 365.508 362.234 365.939 368.956 367.118 366.787 367.531
33 360.000 354.034 354.498 355.782 353.656 354.399 356.979 356.193 355.477 355.030 354.810
34 382.000 389.658 387.388 393.587 391.161 390.656 393.801 392.032 391.211 392.304 387.620
35 527.000 499.134 498.714 497.291 500.424 499.303 497.076 497.579 494.812 496.709 498.518
36 408.000 405.082 407.882 404.788 405.332 403.798 404.708 406.005 405.022 407.418 403.939
37 421.000 383.208 401.974 372.545 365.293 398.359 393.263 395.457 396.211 389.674 380.520
38 346.000 348.440 348.207 341.683 346.204 339.587 344.431 336.774 343.027 342.145 344.383
39 478.000 562.881 566.799 562.924 553.534 566.705 561.509 564.723 562.870 565.084 565.948
40 420.000 443.641 441.068 437.951 441.342 440.165 439.538 442.133 443.584 440.937 442.965
41 430.000 459.500 461.169 459.199 457.991 457.872 461.901 457.847 450.547 459.943 459.876
42 623.000 603.511 600.227 600.271 590.566 597.949 601.927 599.318 602.488 601.377 604.336
43 457.000 457.876 461.692 461.020 464.842 457.704 454.949 462.575 454.426 459.946 455.166
44 424.000 428.521 429.224 429.589 424.600 426.271 436.605 432.725 433.795 433.650 431.458
45 456.000 463.671 449.064 447.385 463.614 458.140 439.446 453.299 446.414 459.832 461.852
46 411.000 402.345 402.062 403.562 403.575 401.644 405.804 408.512 402.002 402.624 404.440
47 413.000 433.070 428.860 433.398 434.331 434.835 431.363 431.808 433.383 432.227 430.876
48 332.000 326.896 321.967 324.683 325.899 320.020 324.415 318.938 324.299 328.246 324.733
49 489.000 488.899 488.900 488.899 488.445 489.385 488.487 488.899 485.160 488.900 488.899
50 425.000 425.910 432.705 422.550 429.896 433.377 440.615 431.784 437.132 437.199 434.937
51 359.000 364.593 363.181 365.313 361.515 365.507 366.826 364.500 370.013 362.348 369.467
52 418.000 417.453 416.169 415.784 419.135 419.361 414.547 417.529 416.357 418.737 417.973
53 325.000 322.232 321.074 322.558 320.280 320.438 320.760 320.062 321.336 321.911 320.743
54 447.000 454.391 456.125 454.253 456.011 456.882 455.853 452.219 455.340 458.165 452.376
55 464.000 452.888 449.219 463.146 458.439 456.178 446.441 452.071 447.760 456.377 454.802
56 431.000 431.190 429.566 431.173 435.321 431.729 432.509 425.450 431.809 431.885 432.382
57 332.000 332.166 330.810 331.530 325.200 331.283 331.911 331.476 330.175 331.725 327.924
58 329.000 359.514 346.722 360.868 360.737 355.305 358.531 358.955 359.024 364.167 363.342
59 315.000 323.778 323.997 325.120 328.452 324.730 322.094 319.383 323.166 325.399 322.519
60 396.000 387.000 385.730 388.916 387.190 397.942 386.879 387.289 386.650 388.062 392.106
61 390.000 387.267 388.418 385.870 387.882 384.921 384.717 386.518 388.192 389.242 386.034
62 423.000 433.485 433.605 430.681 429.829 425.673 426.539 434.694 432.270 431.755 429.166
63 430.000 452.595 461.384 455.285 458.338 450.854 452.410 447.153 453.984 458.917 451.989
64 429.000 429.509 428.105 427.696 430.093 427.920 431.933 428.599 428.827 428.133 428.365
65 467.000 460.907 461.757 439.214 450.097 461.387 462.178 461.353 450.892 460.947 461.071
66 602.000 564.083 557.728 566.355 561.260 565.361 564.590 561.162 568.342 561.910 564.089
67 461.000 466.021 464.283 470.669 456.037 466.005 464.791 465.103 452.845 463.018 463.441
68 342.000 344.393 344.395 354.919 345.975 352.734 344.913 345.055 346.144 349.829 346.270
69 545.000 476.911 476.169 474.737 476.735 476.468 494.568 377.481 478.370 480.110 470.808
70 415.000 409.676 412.122 412.463 411.642 416.763 410.372 410.410 415.710 412.285 410.693
71 365.000 370.112 385.143 370.883 372.214 370.993 370.969 371.261 371.528 369.568 368.659
72 429.000 420.265 425.670 430.295 427.708 430.996 433.766 430.841 425.941 430.595 427.963
73 336.000 338.956 340.315 337.683 340.621 339.455 338.028 340.416 340.012 338.985 339.684
74 302.000 308.279 311.934 311.587 309.168 311.109 311.596 308.578 312.790 309.368 304.744
75 426.000 430.463 432.857 432.305 433.329 433.107 427.550 433.166 431.505 432.908 433.366
76 364.000 378.203 375.659 375.405 375.804 375.284 376.468 375.231 374.584 376.971 374.794
77 451.000 439.554 442.082 439.856 443.621 440.424 441.579 439.366 443.996 440.599 445.598
78 573.000 561.428 564.428 560.828 563.645 563.561 559.983 561.377 561.817 559.363 560.144
79 447.000 440.365 440.465 440.307 435.024 442.102 432.383 436.526 437.528 436.740 436.431
80 322.000 341.871 343.462 342.395 343.015 342.753 337.683 340.160 341.366 348.948 341.525
81 586.000 573.166 569.801 560.907 566.847 570.093 567.600 568.646 577.896 568.562 573.137
82 459.000 460.442 459.666 458.141 449.204 459.724 472.980 459.687 461.139 471.335 460.625
83 405.000 430.935 406.868 406.158 430.326 405.564 404.615 408.515 428.885 409.156 406.074
84 434.000 431.095 429.901 431.556 430.215 431.468 428.491 432.465 432.613 432.482 430.345
85 441.000 432.444 432.821 430.980 433.322 433.638 436.034 432.916 433.199 431.339 432.943
86 403.000 394.841 397.835 395.715 396.678 397.600 398.033 398.396 398.289 399.766 395.157
87 450.000 446.717 444.468 446.492 446.033 444.613 446.609 447.824 447.249 451.087 447.793
88 372.000 370.230 371.063 369.983 369.284 369.147 370.805 368.730 370.182 369.573 369.248
89 400.000 403.284 413.792 400.534 405.824 400.961 405.819 410.734 407.183 397.451 409.922
90 545.000 561.012 555.268 557.976 561.094 566.512 557.476 569.902 558.457 560.516 565.770
91 411.000 410.429 409.811 411.277 398.156 411.334 409.826 411.335 412.719 411.127 409.514
92 344.000 343.736 343.138 344.844 346.022 344.885 346.861 343.860 344.165 344.379 342.960
93 502.000 515.317 524.767 523.087 522.302 513.712 520.699 516.631 526.297 528.451 519.878
94 401.000 409.274 409.492 411.027 408.822 408.895 411.710 410.480 411.122 417.465 414.167
95 407.000 400.645 405.697 404.086 402.586 401.539 405.552 405.496 404.040 404.375 402.862
96 444.000 437.561 437.034 440.889 437.401 435.234 436.956 436.938 440.947 436.802 441.522
97 321.000 318.922 319.752 320.710 320.044 319.027 320.328 320.175 320.155 318.328 319.079
98 584.000 585.222 583.647 585.846 582.789 586.632 586.344 583.086 588.523 593.724 589.960
99 480.000 471.055 476.220 470.298 467.349 471.084 477.997 473.403 471.056 476.920 480.515
100 510.000 496.853 475.342 485.580 497.073 503.158 517.409 487.707 478.300 489.645 501.359
101 408.000 406.903 407.615 408.439 406.985 406.877 407.312 407.228 406.312 409.421 407.035
102 323.000 325.952 323.224 323.971 324.467 323.362 320.303 323.360 323.982 323.330 324.413
103 438.000 463.844 452.317 461.678 459.278 461.018 461.089 462.398 461.669 455.338 459.593
104 417.000 413.017 411.798 413.514 412.369 417.494 411.493 412.196 412.427 413.217 412.366
105 429.000 414.358 415.583 410.786 413.762 410.039 412.993 416.880 411.159 413.723 414.769
106 434.000 434.418 432.787 434.655 434.037 433.829 431.884 434.485 430.424 436.911 440.202
107 442.000 437.261 444.222 439.262 438.556 440.253 438.552 441.336 440.547 439.209 438.302
108 410.000 415.094 415.061 414.193 414.361 414.477 412.971 413.296 414.733 413.407 411.893
109 335.000 392.579 387.139 390.167 385.570 387.539 394.589 398.076 386.234 384.442 385.202
110 515.000 516.884 534.531 525.483 513.917 511.983 526.986 529.567 520.418 509.172 518.313
111 400.000 395.520 394.720 396.235 397.456 395.307 396.907 395.866 396.005 396.532 396.538
112 429.000 431.112 432.134 433.401 433.158 428.989 433.942 435.342 431.803 430.393 432.770
113 432.000 462.384 458.694 461.488 454.371 466.123 468.265 461.465 461.487 464.620 463.414
114 335.000 333.134 331.670 333.320 331.356 331.897 331.965 331.489 331.580 331.887 333.105
115 395.000 383.438 387.840 384.125 381.919 384.321 387.995 386.022 387.888 384.759 379.939
116 341.000 328.932 328.523 326.163 329.531 329.255 328.308 329.438 331.409 328.828 328.398
117 425.000 426.340 427.303 427.122 426.343 427.553 427.859 426.556 426.807 425.800 426.752
118 351.000 352.848 355.037 357.939 355.481 354.925 354.655 354.430 356.954 356.142 355.355
119 315.000 318.516 318.120 318.111 317.132 318.148 317.918 317.898 318.144 318.236 314.457
120 320.000 335.942 333.925 330.430 338.833 329.466 330.960 328.705 332.456 329.940 341.045
121 588.000 570.066 552.190 561.781 554.467 570.758 574.242 569.066 575.615 577.060 567.085
122 469.000 478.052 479.294 478.343 475.882 485.155 473.536 476.732 477.019 486.488 479.920
123 321.000 346.925 346.291 344.995 346.688 344.859 348.985 345.036 343.917 344.784 344.731
124 310.000 358.142 380.337 353.168 369.659 361.440 360.276 368.857 339.693 362.204 348.666
125 362.000 408.021 408.562 409.695 415.172 412.077 406.682 416.217 404.001 407.168 406.160
126 332.000 356.480 355.465 356.267 364.101 356.401 366.945 364.082 361.806 363.506 357.898
127 307.000 362.695 363.763 355.828 360.649 366.269 354.157 362.542 370.423 365.216 350.978
128 400.000 396.860 395.840 398.270 397.997 398.484 396.978 399.548 398.423 397.586 396.581
129 490.000 499.762 501.397 498.509 495.076 492.003 495.447 496.156 494.275 496.299 498.664
130 354.000 357.650 357.954 358.020 357.248 357.641 356.389 357.558 357.453 358.939 357.839
131 326.000 334.690 338.364 338.081 333.684 338.765 335.313 334.516 337.909 336.307 336.016
132 326.000 327.089 326.323 323.625 327.164 324.435 326.049 324.979 326.309 325.753 324.956
133 409.000 404.994 405.218 405.372 407.228 409.875 406.019 407.734 405.378 405.625 408.161
134 562.000 501.146 496.070 490.410 498.478 493.809 497.272 496.973 500.631 492.579 485.976
135 332.000 343.278 344.821 344.698 345.561 346.974 346.635 345.907 346.490 345.621 345.226
136 472.000 452.572 453.658 449.024 457.712 450.246 456.016 453.751 458.879 449.779 452.391
137 405.000 407.274 410.386 408.901 411.840 410.092 408.912 412.056 409.993 410.023 409.584
138 394.000 398.606 399.853 396.704 398.912 399.132 396.892 397.072 399.540 398.414 399.871
139 324.000 326.122 325.329 328.959 327.008 324.771 325.696 326.146 325.913 324.957 327.419
140 555.000 558.434 559.367 560.661 559.579 556.849 560.647 558.534 558.784 558.716 559.901
141 324.000 324.983 324.744 326.072 324.941 322.664 322.546 324.218 327.535 323.840 324.741
142 422.000 441.776 441.427 439.460 439.311 438.466 439.085 436.666 440.425 439.061 438.371
143 429.000 422.580 424.625 423.998 422.630 425.969 424.386 427.387 424.039 426.684 426.217
144 314.000 303.317 308.468 299.839 325.118 307.367 305.188 304.528 304.165 306.784 327.415
145 445.000 456.143 456.452 429.369 456.478 454.672 456.115 456.339 455.277 455.742 454.978
146 420.000 438.169 437.829 438.599 440.489 438.440 438.107 431.368 437.489 438.528 438.149
147 350.000 349.782 347.338 350.043 347.841 349.987 349.454 349.697 347.122 349.296 350.177
148 381.000 394.988 385.725 391.779 388.433 390.364 390.661 392.645 389.675 355.023 386.618
149 340.000 338.603 345.305 338.553 338.432 338.784 337.525 338.391 339.698 336.612 343.074
150 462.000 463.752 461.664 461.374 457.299 468.419 465.771 463.932 461.158 463.048 465.981
151 545.000 546.683 541.427 546.350 542.027 541.683 539.344 542.864 536.766 538.376 546.357
152 401.000 402.586 400.404 398.930 402.469 405.199 403.538 401.700 404.984 403.435 404.505
153 450.000 458.171 460.006 470.212 461.667 462.204 463.589 461.561 460.638 457.137 432.675
154 495.000 516.082 514.789 526.293 505.958 513.673 513.644 513.237 514.108 512.954 512.612
155 415.000 408.093 394.166 390.995 403.632 387.577 414.215 391.372 393.832 387.081 397.358
156 580.000 584.408 581.891 584.964 587.199 584.252 595.288 585.916 569.376 586.234 584.701
157 412.000 411.736 413.668 413.473 413.324 413.477 410.736 413.577 412.350 413.128 411.946
158 446.000 462.042 459.112 464.937 462.058 457.648 466.008 463.724 461.339 465.357 464.675
159 330.000 317.065 316.641 319.832 319.653 316.559 319.592 315.276 324.961 312.557 321.065
160 325.000 326.694 325.765 327.182 329.500 329.210 323.881 325.601 325.612 323.738 327.053
161 316.000 310.296 313.019 312.555 312.490 312.694 316.501 311.534 311.176 312.489 311.276
162 408.000 408.267 407.671 406.401 409.695 408.052 407.098 406.394 407.757 407.133 406.466
163 428.000 427.889 422.142 425.575 423.774 427.293 424.806 423.038 426.258 425.366 424.938
164 396.000 440.839 442.934 438.893 441.786 439.016 441.050 438.212 440.455 438.494 438.344
165 385.000 352.619 354.605 350.707 352.006 351.838 350.547 350.193 352.443 353.832 341.598
166 335.000 337.445 338.609 337.174 338.587 338.219 339.484 337.561 337.505 338.447 337.952
167 339.000 337.296 339.490 339.017 339.042 339.983 340.090 339.887 338.094 338.743 340.391
168 419.000 415.252 415.713 416.609 413.184 417.416 415.961 415.976 416.615 417.306 419.120
169 321.000 316.994 317.146 316.193 311.817 317.811 315.775 316.612 315.673 316.699 318.221
170 419.000 419.206 419.254 420.207 421.551 415.154 421.951 419.383 418.166 419.651 419.517
171 423.000 422.994 423.712 422.840 423.153 421.108 420.019 423.992 422.132 422.871 419.257
172 416.000 417.329 411.860 414.798 413.564 415.856 416.786 415.677 416.394 415.645 414.569
173 434.000 423.117 413.664 422.467 419.299 418.935 412.873 416.503 424.359 419.242 426.963
174 329.000 341.623 330.502 329.720 330.007 330.218 330.523 330.889 333.447 344.568 332.389
175 450.000 409.002 417.449 417.580 418.126 415.968 419.666 433.874 417.522 416.028 422.320
176 333.000 325.266 324.731 326.461 325.241 325.050 324.578 323.913 324.380 325.950 323.635
177 420.000 410.568 412.174 412.812 410.530 410.538 410.137 407.655 408.679 409.979 410.872
178 315.000 310.499 319.959 315.473 318.168 315.315 316.350 315.822 313.799 314.365 312.878
179 349.000 342.925 343.424 342.044 343.371 342.387 342.352 343.695 342.838 342.410 343.842
180 431.000 422.209 418.658 393.131 420.932 423.609 422.012 422.627 421.991 412.804 419.977
181 407.000 395.584 393.315 394.394 394.133 394.884 394.924 394.981 395.650 393.559 394.947
182 424.000 423.668 421.690 420.735 420.742 417.905 421.786 421.969 420.902 420.623 421.901
183 425.000 423.707 424.181 422.955 424.633 422.318 424.696 425.092 423.426 423.933 424.003
184 588.000 595.263 592.203 592.651 590.497 596.248 592.346 590.935 584.515 597.547 593.119
185 332.000 318.419 321.511 319.935 317.048 326.249 315.750 302.139 317.327 315.543 316.795
186 379.000 356.105 363.684 359.814 360.269 364.992 363.549 356.661 359.356 359.884 364.716
187 586.000 600.880 594.756 593.672 591.163 598.317 591.615 600.182 591.084 602.404 596.871
188 528.000 578.557 557.781 574.883 550.349 579.722 552.420 556.606 577.569 547.836 557.287
189 425.000 420.113 423.226 425.472 423.870 422.478 421.086 420.109 430.543 425.454 428.975
190 398.000 406.213 406.007 408.734 398.152 414.649 405.267 406.483 412.796 406.488 405.824
191 492.000 493.484 496.183 497.208 498.007 496.819 490.552 494.339 497.759 494.611 499.385
192 395.000 404.611 404.377 405.394 404.967 404.656 404.857 405.193 405.413 405.574 404.844
193 503.000 459.251 456.044 458.170 454.224 458.602 457.580 461.489 458.306 460.486 455.823
194 402.000 399.711 400.456 400.550 400.868 400.805 401.811 402.987 401.055 400.565 400.462
195 316.000 323.071 320.260 323.629 329.022 322.814 322.517 321.962 325.785 325.882 323.057
196 537.000 550.584 552.186 544.214 544.035 541.872 546.967 541.334 543.407 468.910 547.543
197 426.000 426.982 426.775 428.854 427.710 427.635 427.450 426.262 427.135 427.578 428.458
198 414.000 434.746 433.897 433.359 435.193 439.660 433.475 434.117 434.265 434.530 434.556
199 460.000 483.584 484.161 501.849 485.101 485.259 484.927 486.295 487.135 485.941 499.588
200 438.000 435.094 436.153 434.634 435.420 433.778 434.827 435.279 434.058 435.370 435.542
201 418.000 417.626 415.885 415.831 417.875 415.632 416.526 417.244 414.923 417.099 417.835
202 432.000 405.493 406.082 404.730 408.508 409.370 407.080 406.732 408.091 406.631 406.220
203 422.000 420.137 424.681 425.317 425.231 425.022 424.699 424.726 424.856 425.140 428.969
204 450.000 444.444 447.681 446.476 450.090 449.117 446.459 443.128 463.386 441.709 453.090
205 362.000 361.968 358.663 358.416 360.453 358.928 358.649 361.087 362.950 360.583 360.089
206 500.000 477.816 484.799 484.458 483.266 466.339 493.109 485.477 482.591 464.811 483.281
207 361.000 357.457 358.699 357.669 355.465 358.393 353.217 357.969 351.941 353.825 350.975
208 439.000 449.111 454.407 451.484 451.379 454.890 446.180 455.415 457.779 451.339 453.029
209 382.000 408.838 402.802 395.691 406.711 403.697 415.886 401.078 412.918 411.165 403.762
210 446.000 438.431 450.537 451.302 451.711 451.449 450.229 441.635 450.540 442.217 450.934
211 420.000 428.603 428.700 429.027 428.212 428.746 428.344 428.305 428.604 427.040 430.199
212 420.000 418.370 419.854 418.209 419.698 415.919 418.607 421.784 419.560 418.780 418.268
213 488.000 428.345 423.832 422.908 424.562 425.621 414.578 424.845 432.873 420.715 421.151
214 395.000 397.840 397.326 397.883 397.523 395.687 394.657 396.581 400.950 395.036 393.529
215 399.000 397.917 394.816 395.315 396.930 397.068 398.634 397.490 395.646 396.768 396.836
216 356.000 351.981 354.852 351.827 352.664 355.130 353.705 354.337 356.398 353.616 353.438
217 440.000 443.536 443.754 441.939 446.634 446.122 441.239 444.100 442.631 443.672 444.320
218 342.000 346.474 342.636 351.453 353.259 350.092 351.591 349.894 405.308 342.542 342.327
219 535.000 553.093 552.791 545.143 550.205 547.845 553.207 543.570 550.477 546.299 551.480
220 525.000 507.487 524.584 512.043 512.647 515.451 507.911 517.748 514.776 508.966 514.638
221 526.000 523.026 520.822 520.358 520.896 522.255 519.641 522.832 521.878 520.417 519.612
222 318.000 320.712 323.685 321.188 323.393 322.692 319.621 320.910 320.247 321.822 321.560
223 518.000 497.629 493.654 499.340 494.152 498.211 500.813 499.309 489.120 499.829 502.127
224 366.000 373.228 388.264 387.196 389.536 392.961 393.649 387.298 388.290 388.436 386.770
225 349.000 353.487 354.559 353.334 351.000 355.321 353.605 359.486 352.149 353.171 352.610
226 396.000 396.914 397.311 397.008 398.105 397.461 396.099 397.950 397.308 397.819 396.657
227 380.000 379.715 380.884 380.489 381.828 380.858 382.370 382.093 382.378 384.806 379.995
228 375.000 383.299 382.434 382.850 382.613 381.899 381.852 379.130 381.425 381.860 381.566
229 455.000 451.625 453.458 450.216 450.240 451.065 450.413 448.576 450.529 454.157 450.996
230 428.000 442.409 437.275 440.981 441.452 438.974 433.265 440.409 438.277 435.506 442.936
231 334.000 336.844 337.492 336.487 337.422 335.508 336.547 337.898 336.503 337.376 337.220
232 337.000 324.865 326.601 326.361 322.979 324.408 322.469 327.083 324.520 323.864 325.146
233 418.000 414.237 412.360 415.836 413.520 415.077 415.807 409.592 418.578 416.082 415.137
234 310.000 391.349 397.829 392.030 393.561 397.831 388.485 392.560 393.585 391.766 392.587
235 395.000 400.875 400.801 400.563 400.928 398.248 401.556 400.856 400.204 399.985 400.444
236 450.000 427.015 426.665 430.230 431.886 429.181 433.936 430.485 430.799 430.170 441.849
237 368.000 375.491 378.735 377.535 378.603 378.139 378.702 378.245 378.393 378.775 376.253
238 468.000 455.004 467.787 470.647 468.093 464.033 462.673 460.525 467.681 468.129 469.226
239 305.000 309.775 310.165 309.833 302.855 309.469 303.500 301.506 303.716 303.760 301.108
240 303.000 329.858 330.028 338.119 340.586 330.771 332.392 327.367 332.533 330.315 331.650
241 316.000 317.357 315.621 315.937 320.223 318.233 317.399 312.395 315.251 315.086 318.494
242 360.000 363.143 362.806 356.190 355.489 357.814 357.442 357.522 356.110 356.440 355.966
243 466.000 454.479 454.465 454.669 455.324 454.751 457.173 452.407 454.010 455.928 450.080
244 422.000 432.497 434.958 431.910 436.041 429.989 434.615 436.724 433.674 432.398 434.597
245 418.000 411.463 411.584 415.249 412.702 411.529 412.737 414.415 413.761 416.009 409.757
246 409.000 415.433 415.768 417.242 415.851 416.411 419.571 415.514 415.844 417.289 416.341
247 326.000 344.092 343.754 341.724 344.889 343.569 345.767 343.989 344.362 343.496 347.466
248 328.000 352.634 346.503 337.259 347.249 384.159 343.815 347.067 342.161 338.749 356.335
249 369.000 369.513 369.775 367.676 368.675 366.484 368.499 372.952 371.043 370.312 368.931
250 346.000 341.348 343.550 343.154 355.448 341.565 347.824 344.752 344.334 337.509 346.014
251 407.000 407.360 406.006 406.485 402.421 404.939 404.302 405.888 403.665 403.717 405.233
252 414.000 407.898 408.751 411.472 407.729 408.485 408.691 413.989 410.133 412.532 409.098
253 501.000 474.019 464.049 471.460 473.962 469.468 473.359 470.246 474.713 469.805 475.099
254 421.000 417.526 420.156 417.842 419.509 419.360 417.948 417.938 417.656 417.847 419.526
255 316.000 311.351 314.171 313.473 302.824 317.029 314.419 312.098 313.257 313.226 320.044
256 328.000 328.057 325.964 325.653 324.974 325.747 325.109 325.931 327.887 326.947 326.222
257 445.000 502.786 507.206 507.930 511.477 504.512 527.084 514.674 518.102 459.134 504.636
258 371.000 357.232 362.330 360.499 364.357 361.851 359.132 360.119 356.890 362.591 355.973
259 484.000 459.099 473.166 476.256 477.172 477.948 471.331 482.451 477.241 477.773 472.751
260 418.000 420.711 420.096 421.404 418.072 423.027 420.863 419.140 419.545 421.152 420.937
261 371.000 368.817 369.711 368.459 367.483 368.205 367.570 367.730 368.409 367.954 367.462
262 331.000 322.772 319.762 323.399 320.453 321.302 320.375 324.010 317.383 321.164 316.991
263 586.000 552.512 534.720 541.493 549.769 552.817 546.846 545.587 538.367 544.246 550.977
264 434.000 444.292 442.118 444.415 443.623 448.559 444.982 443.203 457.935 451.057 449.421
265 412.000 434.891 435.799 438.948 439.768 435.704 435.756 434.536 440.091 436.390 441.717
266 483.000 466.274 463.586 465.358 463.832 463.690 461.633 460.856 464.240 461.845 461.318
267 393.000 372.545 372.452 373.247 375.189 375.004 375.454 373.154 374.768 372.944 374.901
268 386.000 392.756 390.049 392.219 391.689 394.564 392.528 396.149 393.694 391.838 394.031
269 344.000 357.809 356.392 359.901 357.049 370.082 368.104 370.067 365.020 373.338 357.063
270 392.000 393.905 391.849 356.744 352.488 395.261 389.999 393.071 390.139 391.584 396.180
271 460.000 428.209 436.063 433.722 429.822 430.914 431.499 429.229 433.709 434.249 434.276
272 321.000 323.925 323.510 324.747 327.326 324.189 326.286 325.922 324.575 326.540 322.834
273 311.000 322.847 301.438 309.457 308.740 311.269 309.186 313.860 308.577 309.150 309.211
274 391.000 379.432 383.193 381.760 380.910 383.561 387.481 376.583 387.443 386.764 382.348
275 431.000 432.314 432.721 432.243 429.504 432.846 431.845 431.768 431.630 431.758 432.691
276 357.000 355.802 356.305 357.331 359.904 359.138 360.520 365.260 361.004 356.276 355.882
277 414.000 414.770 417.224 416.473 412.225 416.020 421.348 411.433 418.902 414.528 418.436
278 452.000 429.387 432.104 424.949 430.987 425.069 431.066 430.664 432.891 429.030 432.498
279 437.000 401.798 422.850 429.776 429.720 425.866 423.881 424.189 427.859 422.644 427.027
280 315.000 308.530 306.299 306.974 302.686 305.395 307.355 307.279 305.783 307.482 309.147
281 435.000 442.942 445.574 443.520 442.011 445.717 445.723 442.702 437.715 439.334 438.539
282 448.000 450.079 431.388 426.882 453.748 450.160 451.734 448.069 417.456 452.835 449.161
283 416.000 423.127 423.396 424.835 422.313 425.980 423.326 423.136 422.807 422.649 426.930
284 328.000 334.365 330.605 336.657 334.391 334.863 334.973 334.008 337.527 335.762 333.852
285 390.000 398.027 398.204 398.229 398.964 397.912 398.134 398.472 398.604 397.333 399.358
286 310.000 305.876 312.888 304.787 314.691 313.404 309.640 314.614 314.893 313.303 312.739
287 365.000 369.397 368.318 370.304 370.518 370.097 368.505 368.407 368.082 369.346 365.724
288 402.000 387.509 381.861 379.433 378.863 384.336 381.100 382.079 383.804 379.028 382.976
289 372.000 375.086 371.349 376.599 375.760 376.359 371.810 375.747 372.637 365.840 377.068
290 428.000 445.290 445.610 446.702 451.711 444.858 446.331 442.772 449.622 449.636 443.734
291 267.000 458.343 481.803 448.301 456.383 441.936 445.952 448.349 476.930 454.204 453.174
292 330.000 332.445 329.812 331.881 330.474 330.996 334.081 329.061 333.343 328.408 331.225
293 598.000 599.999 587.779 596.812 596.789 595.271 596.896 599.539 598.147 599.619 592.570
294 392.000 317.611 322.674 316.551 330.782 332.812 331.555 322.059 318.727 328.595 317.635
295 430.000 455.475 444.960 442.984 439.155 460.062 476.027 452.700 444.064 449.802 457.604
296 340.000 350.759 348.145 351.574 346.235 349.772 348.431 346.706 349.425 349.284 349.066
297 312.000 312.427 310.237 320.096 319.549 314.103 318.142 325.238 313.549 312.935 320.836
298 327.000 321.854 317.305 321.118 316.534 320.478 320.569 322.227 318.907 318.174 320.246
299 342.000 352.774 351.180 353.827 354.928 351.146 353.498 350.242 357.810 356.464 355.817
300 417.000 418.532 420.101 420.380 418.568 420.463 417.403 419.344 420.143 420.273 417.252
301 318.000 317.982 318.486 318.293 315.391 318.235 315.517 317.697 316.167 318.149 317.584
302 329.000 327.362 330.881 329.876 320.227 328.438 326.932 326.022 327.459 327.657 328.990
303 339.000 341.357 339.947 339.588 341.511 341.772 341.470 340.106 340.778 338.932 338.230
304 334.000 330.981 330.282 330.399 330.398 332.723 333.628 329.658 330.242 329.865 331.557
305 346.000 357.728 340.394 357.749 340.759 333.842 334.858 340.790 338.596 339.557 340.504
306 420.000 425.277 424.143 423.876 423.933 423.633 423.226 423.394 422.158 424.976 425.261
307 371.000 382.428 381.975 381.310 385.506 386.499 384.404 383.740 383.253 382.309 385.439
308 560.000 565.941 573.635 573.331 560.483 581.702 570.868 573.593 571.782 579.826 576.273
309 512.000 508.089 507.566 507.713 506.555 506.212 506.131 505.776 505.351 506.838 506.971
310 410.000 402.423 403.723 403.115 404.353 402.336 402.244 403.604 401.851 403.548 401.150
311 473.000 464.887 465.512 468.036 465.217 461.671 467.883 464.151 464.142 461.662 466.561
312 427.000 424.389 425.579 424.183 426.192 425.580 425.548 424.456 422.942 422.867 423.287
313 326.000 322.903 329.167 314.476 341.075 354.995 314.100 323.146 350.845 328.699 346.990
314 405.000 394.160 403.482 401.883 402.152 402.843 399.578 398.975 404.263 401.577 402.628
315 442.000 428.917 429.410 425.959 433.258 428.045 425.236 432.389 428.607 428.855 425.881
316 330.000 331.060 335.314 340.973 333.013 339.394 335.188 332.212 335.605 336.389 331.636
317 328.000 342.194 330.938 332.111 329.945 331.209 332.994 330.980 331.926 331.075 331.642
318 436.000 434.740 435.042 437.173 434.153 439.576 436.191 434.017 436.815 433.800 436.231
319 410.000 414.357 415.086 414.194 414.607 414.685 414.225 414.810 415.018 415.378 415.275
320 462.000 458.439 458.996 455.493 446.799 456.868 458.624 455.928 458.095 455.212 456.018
321 471.000 473.260 473.076 475.770 471.826 472.851 482.784 471.957 472.572 473.503 471.352
322 427.000 426.899 427.100 426.900 429.095 427.005 426.899 427.100 427.099 427.099 427.099
323 464.000 464.174 461.352 464.080 460.916 464.687 460.616 462.865 461.580 460.899 461.901
324 446.000 431.621 430.081 444.516 427.637 432.676 457.630 428.205 413.733 429.341 433.890
325 583.000 585.840 583.281 584.560 581.436 583.961 585.932 587.335 586.596 579.324 585.458
326 562.000 502.626 524.298 516.134 547.734 516.520 516.017 523.984 523.050 517.936 560.137
327 313.000 316.775 322.936 319.211 319.728 320.083 320.292 321.578 317.313 324.052 320.634
328 422.000 425.856 430.689 426.152 425.415 426.721 426.881 425.086 425.202 427.094 426.580
329 382.000 436.646 433.379 448.948 435.167 433.778 434.606 443.464 479.903 442.884 438.805
330 398.000 400.317 402.501 403.037 397.228 398.270 400.798 399.900 400.201 405.154 399.708
331 371.000 375.901 376.872 374.820 376.830 375.479 375.660 373.722 376.370 376.673 373.344
332 414.000 411.399 412.200 412.907 414.613 414.901 413.522 411.827 412.281 412.566 411.759
333 440.000 441.382 442.077 442.177 428.694 441.764 444.140 441.589 442.676 443.017 441.570
334 599.000 582.715 584.065 581.541 580.215 584.940 584.227 580.872 585.444 581.884 586.377
335 353.000 349.698 352.402 351.397 349.590 351.878 351.685 351.395 353.422 352.181 351.581
336 404.000 481.835 481.260 482.642 482.474 467.955 492.394 483.121 479.472 486.763 479.528
337 406.000 407.194 403.499 402.555 405.415 407.980 405.703 408.915 407.679 400.576 403.948
338 324.000 333.427 338.026 341.617 333.408 333.559 335.313 334.523 334.004 335.359 333.202
339 337.000 341.480 340.912 340.289 341.593 340.841 340.999 341.522 340.328 338.148 340.723
340 395.000 405.514 404.937 404.807 404.709 404.398 404.241 405.463 405.215 404.838 404.884
341 407.000 410.014 412.416 412.162 411.748 412.538 413.205 411.304 413.679 411.394 412.125
342 330.000 339.621 340.023 339.853 341.921 340.119 337.483 343.387 339.366 342.785 337.523
343 417.000 434.752 432.651 434.269 432.413 434.712 434.189 431.727 433.502 433.097 434.570
344 395.000 401.309 400.780 400.395 400.858 400.781 402.010 401.113 399.447 399.999 401.011
345 503.000 399.829 399.732 398.979 401.028 403.755 402.744 401.148 400.739 400.667 399.327
346 448.000 454.584 446.860 449.878 451.139 452.110 445.936 457.919 449.975 448.415 454.838
347 363.000 357.998 358.283 353.888 357.714 356.622 353.173 357.563 358.353 356.992 354.348
348 386.000 384.482 385.504 384.398 385.826 386.498 384.663 385.136 388.015 389.600 385.685
349 330.000 333.338 331.595 333.045 333.702 331.989 332.434 333.289 333.427 331.564 333.570
350 488.000 362.525 364.878 361.582 363.711 357.833 362.326 364.082 372.475 361.544 358.795
351 479.000 465.861 463.718 461.883 468.236 465.152 467.641 469.531 478.798 467.310 465.886
352 338.000 361.396 427.223 363.339 339.954 363.042 360.964 358.456 384.036 349.695 371.388
353 456.000 455.936 449.471 452.253 451.608 461.985 452.712 444.313 451.479 458.808 440.295
354 418.000 421.855 428.583 423.425 428.480 423.071 424.314 422.266 425.641 421.879 425.896
355 322.000 321.339 320.954 322.450 321.297 319.117 321.228 317.736 321.180 320.236 320.703
356 321.000 319.287 319.736 317.173 318.797 318.779 316.701 316.693 317.378 317.350 318.482
357 335.000 335.049 331.954 331.240 333.064 335.477 336.562 352.550 334.397 334.167 362.123
358 394.000 392.983 395.882 390.320 392.104 394.715 393.483 392.416 393.743 394.711 392.279
359 398.000 392.790 388.319 390.233 390.001 390.360 389.752 391.536 389.864 391.076 391.648
360 421.000 408.774 406.428 415.956 403.164 414.027 412.863 408.212 403.634 413.119 411.238
361 364.000 366.458 367.982 365.632 366.384 367.798 365.057 368.013 366.239 366.821 367.167
362 322.000 321.075 317.742 331.329 331.256 331.792 331.528 331.466 330.897 330.534 331.895
363 446.000 434.607 437.124 441.981 442.230 441.726 440.685 439.627 439.735 441.708 438.163
364 340.000 332.032 331.820 330.197 327.312 330.324 325.724 327.880 331.635 330.529 328.916
365 340.000 347.114 347.863 342.134 350.977 342.236 356.362 341.844 349.406 359.394 372.198
366 452.000 441.826 437.898 417.993 435.155 447.609 440.746 440.150 448.894 438.032 458.288
367 367.000 363.465 367.102 368.816 366.854 364.408 368.721 367.452 370.319 366.200 366.489
368 425.000 424.290 426.381 425.317 425.615 425.812 426.710 426.077 426.013 429.533 426.774
369 399.000 358.462 366.355 366.827 366.216 365.384 363.631 367.829 363.663 359.412 366.139
370 420.000 418.989 418.626 420.336 419.978 420.600 419.669 418.375 419.032 417.945 418.861
371 526.000 548.035 546.445 546.178 546.995 543.618 542.444 552.212 543.376 551.176 544.993
372 343.000 343.526 341.486 337.933 341.987 342.682 341.150 343.000 342.490 341.693 341.319
373 420.000 429.452 440.735 424.817 430.004 426.234 427.307 424.762 426.684 428.985 430.978
374 403.000 408.340 408.867 410.225 409.684 417.261 409.178 413.671 409.160 408.601 409.475
375 495.000 510.494 507.967 514.658 514.743 515.791 506.762 510.463 512.021 516.029 511.237
376 564.000 548.437 549.674 548.749 551.344 538.110 547.429 552.005 547.447 537.310 547.377
377 420.000 503.428 502.627 502.820 510.342 515.470 519.680 521.099 523.624 508.882 502.679
378 414.000 416.258 411.559 410.100 412.189 412.150 414.480 413.847 410.467 408.062 412.047
379 328.000 328.164 326.243 327.605 328.487 325.187 327.641 327.049 318.904 326.511 319.544
380 546.000 459.982 456.431 453.949 459.053 451.870 454.660 452.002 454.493 451.843 439.749
381 323.000 318.206 318.543 316.865 318.652 316.834 316.871 317.358 316.339 318.665 316.227
382 413.000 406.295 406.185 407.816 406.068 408.007 408.192 406.084 405.672 408.356 407.642
383 360.000 382.010 370.237 358.697 363.501 376.211 370.299 369.034 362.129 360.404 357.593
384 411.000 411.242 410.530 408.904 412.459 410.335 413.273 411.702 410.640 412.808 410.605
385 346.000 339.792 340.294 340.002 344.057 336.971 339.294 337.569 340.163 340.228 337.558
386 449.000 439.801 447.447 444.669 445.014 457.961 448.649 440.934 449.255 440.370 446.933
387 389.000 363.768 377.382 380.201 376.777 382.649 367.550 378.317 377.144 375.435 371.077
388 340.000 361.709 361.156 343.959 360.448 392.551 361.831 358.500 357.675 363.182 360.192
389 343.000 336.217 339.310 338.914 340.256 338.027 337.634 335.226 337.286 338.300 337.740
390 404.000 403.723 405.975 407.073 407.030 402.908 404.275 404.957 406.844 405.992 405.260
391 451.000 456.885 457.329 455.788 458.287 456.179 452.698 456.953 456.662 456.045 457.934
392 359.000 364.946 368.227 365.612 364.955 369.586 364.057 365.907 365.403 366.682 364.236
393 410.000 408.206 407.365 408.094 408.647 411.494 412.613 408.591 407.232 408.230 407.659
394 340.000 338.673 338.122 340.549 338.689 339.429 340.565 338.775 337.797 338.867 339.454
395 504.000 512.150 508.571 505.249 513.596 504.392 512.980 514.685 512.835 509.775 507.576
396 546.000 553.536 556.162 555.518 554.624 562.563 553.460 582.974 555.984 504.432 555.803
397 392.000 390.407 390.658 393.060 393.560 388.379 390.726 391.493 392.321 391.196 391.249
398 413.000 410.902 415.079 409.655 411.804 412.995 412.601 413.686 413.377 412.315 413.170
399 325.000 354.625 345.727 347.408 347.419 349.749 349.120 343.739 351.589 348.969 359.556
400 297.000 293.751 297.605 294.295 296.283 303.409 300.433 297.226 295.580 299.679 302.452
401 397.000 393.640 391.145 389.250 395.092 392.566 392.617 390.117 391.574 393.118 390.762
402 428.000 422.079 415.943 421.335 423.908 419.627 423.392 422.253 423.981 424.332 422.505
403 440.000 445.333 443.924 440.849 441.801 442.647 444.099 437.110 438.478 438.247 441.313
404 604.000 609.796 609.400 609.148 611.690 608.222 606.606 609.430 612.043 599.928 611.175
405 442.000 448.675 443.196 444.620 447.471 449.495 446.695 446.867 447.155 447.992 443.087
406 462.000 454.745 447.421 456.549 464.602 457.931 446.687 462.698 462.325 465.737 461.622
407 491.000 479.113 479.182 476.245 478.105 478.953 477.533 477.439 478.052 477.148 477.769
408 495.000 506.959 509.076 521.261 510.035 511.668 514.638 506.363 501.455 507.969 516.540
409 394.000 364.538 366.834 361.478 365.263 364.285 365.884 364.216 363.169 364.360 360.281
410 320.000 329.929 334.369 327.516 331.108 329.785 330.274 337.336 328.424 327.108 330.095
411 445.000 438.418 438.997 438.487 438.181 438.605 440.572 435.681 439.254 437.033 438.816
412 350.000 341.612 342.032 343.294 342.059 344.683 344.335 345.273 344.527 342.064 341.737
413 332.000 325.928 326.189 328.750 325.942 328.333 326.706 328.228 328.671 328.731 326.580
414 411.000 409.125 408.444 410.012 414.113 409.729 417.768 404.003 409.763 410.816 408.906
415 341.000 369.049 366.954 375.557 364.071 375.110 367.041 362.314 374.640 363.795 363.797
416 452.000 462.570 460.566 461.680 461.456 465.060 463.800 462.778 460.907 462.541 463.427
417 398.000 397.452 394.718 403.406 394.282 392.758 402.954 381.405 392.648 395.198 391.938
418 357.000 348.278 350.303 350.311 350.505 349.930 351.400 349.708 349.630 350.325 350.084
419 410.000 449.516 450.544 448.397 449.235 443.638 446.513 447.087 446.993 444.941 447.815
420 411.000 391.059 434.956 419.405 433.407 412.484 430.959 430.076 428.931 423.195 414.665
421 316.000 309.948 308.467 306.209 309.506 308.346 315.897 310.081 310.846 314.172 307.167
422 454.000 433.479 433.010 435.842 434.146 432.856 429.160 431.114 431.755 434.137 434.995
423 492.000 495.023 494.388 511.397 496.076 492.548 494.857 492.175 495.561 495.596 495.402
424 405.000 412.030 413.651 410.121 410.911 412.429 413.205 411.715 413.547 411.669 411.903
425 357.000 358.309 360.234 361.312 355.891 360.930 358.116 360.905 356.013 359.333 358.730
426 424.000 433.892 429.764 427.185 428.962 428.674 431.376 428.243 432.039 428.163 429.932
427 335.000 340.514 343.677 341.643 338.598 345.066 330.218 342.298 338.153 334.594 355.868
428 438.000 440.651 442.666 441.918 443.404 442.922 445.101 446.498 440.108 440.045 445.309
429 525.000 416.658 426.058 424.928 413.645 416.473 415.775 422.705 424.350 414.912 437.392
430 331.000 347.080 352.821 350.261 345.761 380.859 352.125 353.225 375.262 350.674 363.332
431 431.000 409.279 413.540 410.282 411.625 408.701 410.594 412.519 412.631 411.663 417.327
432 591.000 600.533 586.992 585.698 588.838 600.006 586.897 600.815 586.929 586.789 584.354
433 414.000 416.086 417.446 416.085 414.714 417.840 416.546 414.886 418.475 415.558 414.490
434 388.000 397.389 399.235 392.559 397.000 396.627 396.069 406.134 396.851 400.609 397.191
435 585.000 592.885 592.528 586.391 587.133 591.524 578.795 593.746 579.414 581.214 580.922
436 398.000 401.557 400.622 399.922 401.587 400.608 402.024 401.321 402.679 401.711 402.647
437 441.000 428.714 432.701 428.394 427.192 424.624 413.066 426.055 426.564 424.265 433.461
438 309.000 307.055 308.289 310.191 304.296 308.127 307.275 311.205 306.526 311.956 308.548
439 518.000 520.985 519.567 521.634 521.687 518.970 519.852 523.141 518.797 521.797 525.071
440 416.000 416.600 419.131 416.467 417.825 416.533 415.489 417.332 415.943 416.396 417.701
441 412.000 416.834 413.660 414.600 417.932 415.425 417.238 415.939 415.635 414.754 413.570
442 385.000 380.489 380.802 377.230 384.240 389.962 387.223 397.841 390.924 379.143 384.067
443 325.000 324.984 323.498 322.748 321.995 322.662 323.222 317.282 323.243 321.074 323.849
444 325.000 335.059 342.182 335.095 334.041 332.004 333.420 340.613 334.168 332.803 335.002
445 328.000 336.692 335.290 334.931 334.898 336.278 337.052 337.324 336.803 336.646 335.424
446 397.000 388.230 388.968 388.898 390.209 388.687 393.030 391.254 388.072 390.009 388.671
447 407.000 412.151 415.533 410.641 412.898 413.915 412.272 414.822 413.302 413.163 413.799
448 491.000 467.384 454.568 463.210 459.529 460.874 452.987 465.840 466.365 466.261 462.617
449 328.000 323.054 315.861 316.007 307.786 316.432 315.218 317.138 309.210 319.883 311.148
450 430.000 425.761 426.090 426.814 409.998 428.807 424.121 426.332 425.191 425.652 426.596
451 413.000 410.238 410.816 409.518 409.465 407.898 410.348 410.917 411.926 411.459 409.553
452 364.000 369.028 370.023 367.176 369.173 372.009 364.507 369.480 369.988 370.300 369.714
453 404.000 401.299 401.182 400.962 400.618 400.562 400.638 400.665 399.134 401.364 400.326
454 431.000 431.904 432.337 434.758 444.310 433.574 433.382 433.072 434.969 436.079 433.076
455 461.000 456.620 449.210 453.399 451.294 451.614 453.237 451.857 452.169 452.071 452.609
456 346.000 344.759 348.898 343.597 343.799 349.568 342.685 342.754 349.062 347.075 350.591
457 461.000 464.872 463.423 462.515 463.731 462.192 461.671 462.827 465.067 462.639 462.541
458 446.000 450.599 451.073 449.711 448.548 453.142 452.248 450.347 448.144 446.873 449.475
459 334.000 332.146 332.977 332.047 331.958 332.121 333.013 332.672 332.361 332.994 332.254
460 368.000 364.640 360.802 363.056 362.511 362.340 359.534 365.907 363.326 363.944 357.566
461 421.000 344.614 345.865 342.300 346.473 342.525 338.398 344.017 343.359 341.449 343.271
462 536.000 544.656 545.894 548.670 545.242 536.036 546.239 542.010 542.013 549.751 546.534
463 399.000 412.801 411.521 414.836 412.716 412.663 414.797 417.282 441.550 412.698 412.148
464 584.000 584.393 582.129 565.011 585.258 584.546 586.920 581.476 581.476 587.531 565.340
465 592.000 593.736 595.055 592.587 594.877 593.417 593.735 594.187 593.009 594.281 593.020
466 450.000 440.632 441.904 441.499 441.782 441.499 442.188 442.357 443.130 440.795 442.143
467 359.000 351.357 352.356 352.143 350.230 352.158 352.336 354.314 351.514 351.740 352.673
468 325.000 329.191 326.684 326.989 327.120 327.379 325.363 328.385 327.490 326.481 329.508
469 315.000 350.653 351.911 349.933 352.261 351.775 348.011 354.615 352.706 356.343 351.877
470 411.000 417.570 420.761 413.579 419.534 417.172 412.329 414.366 418.658 417.442 417.572
471 548.000 542.080 543.427 541.938 549.240 557.880 544.994 557.910 554.823 553.915 547.388
472 450.000 446.519 447.428 446.480 447.714 447.428 444.021 448.274 448.151 445.780 447.899
473 310.000 348.722 345.363 352.388 347.226 349.836 349.249 348.424 344.605 348.413 346.822
474 362.000 350.681 350.078 349.887 349.802 350.246 350.277 350.641 349.766 350.287 351.060
475 322.000 323.316 325.814 330.078 330.270 327.344 330.855 336.384 323.057 325.446 330.677
476 396.000 391.867 394.696 389.165 389.613 390.408 389.391 390.604 390.841 389.149 391.415
477 408.000 408.858 409.952 408.315 409.576 410.037 410.373 409.584 408.956 411.597 410.818
478 540.000 536.510 542.674 537.546 536.863 537.195 547.541 542.386 541.485 541.995 540.077
479 399.000 416.545 415.910 415.747 413.619 416.020 415.681 418.212 414.984 413.490 413.263
480 448.000 451.301 448.609 451.854 448.981 447.828 453.163 447.663 453.959 452.288 454.533
481 460.000 401.326 400.791 401.934 402.012 401.480 401.825 402.600 400.217 402.155 400.401
482 331.000 327.274 327.460 325.526 327.666 328.204 329.268 330.834 329.193 325.588 327.587
483 448.000 442.616 443.196 443.062 436.500 445.825 442.472 441.081 445.657 442.624 440.044
484 444.000 424.541 418.835 414.139 409.592 417.286 427.058 422.940 418.091 415.709 412.487
485 336.000 332.721 334.276 340.686 336.724 332.534 336.154 326.983 326.649 340.802 330.179
486 502.000 508.074 459.697 506.546 458.708 459.596 459.000 459.106 459.522 452.771 469.000
487 409.000 437.089 440.440 439.082 439.751 443.046 444.688 437.783 440.116 440.215 440.242
488 405.000 405.088 404.238 404.863 405.670 403.724 402.964 403.838 405.962 404.483 404.946
489 555.000 549.830 551.776 550.965 550.477 550.153 550.659 550.405 551.873 548.770 549.819
490 427.000 427.097 426.929 427.099 429.095 427.100 427.098 427.100 426.930 427.100 426.899
491 452.000 440.099 442.113 438.106 440.469 440.931 445.521 442.500 440.627 435.369 441.567
492 329.000 354.492 351.085 351.772 348.677 349.037 351.973 352.553 352.186 350.947 350.927
493 491.000 541.328 536.788 541.923 541.348 528.227 536.197 539.820 537.053 534.983 526.406
494 440.000 465.942 439.666 452.410 449.076 455.379 421.592 446.707 435.708 441.490 434.073
495 363.000 357.830 371.335 358.911 357.638 356.932 359.924 358.641 360.853 359.680 358.332
496 432.000 428.772 428.816 426.113 428.881 427.882 428.351 428.807 428.917 428.212 428.194
497 514.000 506.018 504.198 509.173 500.161 502.836 509.641 505.789 505.292 505.536 497.766
498 536.000 569.816 555.195 567.963 544.040 567.047 566.651 554.621 568.890 559.251 560.758
499 462.000 454.581 459.595 458.563 459.771 456.574 461.408 460.009 459.217 459.460 461.795
500 510.000 518.146 519.442 525.911 515.039 518.366 527.913 515.938 516.693 515.294 518.418
501 357.000 353.480 356.361 351.887 356.274 357.179 360.260 361.006 354.576 352.695 355.100
502 418.000 422.965 421.108 420.544 421.911 417.622 417.996 421.389 423.835 421.891 419.054
503 406.000 421.086 424.180 429.658 419.523 428.426 425.515 424.507 427.682 428.541 427.151
504 464.000 469.605 501.328 505.919 470.186 498.116 470.119 471.675 465.082 470.726 458.574
505 400.000 399.352 396.757 396.937 398.100 399.411 398.880 397.662 397.929 397.869 394.006
506 400.000 384.311 380.816 380.066 375.965 376.270 386.800 385.676 383.900 388.005 374.415
507 333.000 326.511 328.127 324.446 328.062 331.171 326.433 301.279 327.306 331.077 324.661
508 452.000 482.844 466.203 479.919 481.513 465.343 484.389 482.268 466.883 483.711 464.533
509 586.000 569.697 548.102 572.962 554.137 571.903 565.380 570.466 557.544 578.417 575.701
510 461.000 450.122 447.921 450.728 446.616 448.331 447.796 448.395 451.650 449.223 444.845
511 606.000 592.394 588.865 587.818 588.800 582.950 585.387 587.780 592.834 587.248 586.097
512 338.000 356.358 382.122 348.314 352.582 355.348 350.000 360.845 356.018 352.188 355.654
513 368.000 371.387 372.936 371.945 369.089 368.996 370.294 369.173 371.561 370.242 370.036
514 442.000 414.803 416.132 415.722 419.871 414.699 416.463 416.357 414.846 419.374 415.891
515 417.000 415.452 416.958 414.798 415.686 417.186 415.047 416.735 410.269 416.324 413.819
516 328.000 324.313 323.827 324.317 324.334 324.456 322.197 324.286 324.916 323.833 324.546
517 477.000 473.872 481.915 482.307 480.135 480.412 475.333 493.176 485.458 487.031 483.677
518 350.000 325.852 327.205 325.751 323.625 325.411 325.764 323.121 326.447 325.952 329.529
519 421.000 420.106 419.707 419.319 419.834 419.191 420.130 420.495 418.602 420.189 418.718
520 592.000 576.069 591.974 588.583 576.667 590.184 591.758 591.651 582.965 593.757 587.124
521 422.000 434.688 435.185 433.090 433.489 429.804 431.912 433.479 431.881 434.534 434.371
522 473.000 488.618 480.119 479.390 480.230 470.774 483.229 472.334 487.777 481.830 464.698
523 567.000 549.667 561.588 548.649 551.842 549.438 555.080 555.598 547.223 551.497 554.111
524 425.000 479.750 474.352 482.351 458.475 459.470 456.431 479.389 476.473 472.868 474.760
525 429.000 434.602 432.796 432.436 438.019 436.223 440.489 429.907 437.164 434.324 434.291
526 351.000 348.930 349.604 354.240 343.069 351.555 342.931 349.901 344.529 346.849 338.533
527 416.000 415.100 414.900 415.101 415.101 415.100 415.644 415.101 415.101 416.806 415.100
528 354.000 347.143 344.789 346.107 343.161 344.458 347.514 345.352 346.437 349.043 342.451
529 524.000 531.868 528.058 524.451 524.657 517.653 519.233 536.039 522.829 524.809 522.939
530 334.000 340.837 343.164 342.073 338.077 340.941 339.358 342.219 342.502 338.721 343.841
531 462.000 460.031 457.480 456.748 459.397 461.900 457.704 457.854 458.993 461.901 460.186
532 477.000 456.951 447.831 441.442 453.454 463.936 453.480 454.435 436.003 450.773 450.578
533 528.000 501.534 503.830 509.040 505.047 503.331 503.914 503.950 500.300 466.796 500.884
534 335.000 339.085 332.838 335.648 333.805 335.522 338.805 336.315 338.298 333.859 336.299
535 323.000 311.506 302.945 300.712 305.064 305.169 305.739 304.700 306.331 307.432 304.453
536 412.000 434.078 448.587 434.853 440.698 449.890 452.304 448.404 444.279 444.842 437.377
537 551.000 549.534 552.793 553.156 551.162 548.978 546.869 548.184 549.490 554.748 549.207
538 406.000 407.696 407.400 406.897 405.985 406.188 406.486 406.986 408.126 405.265 405.142
539 502.000 496.525 494.894 506.441 497.141 494.747 493.682 494.351 505.919 490.177 494.564
540 415.000 409.122 408.777 406.846 408.346 408.566 410.811 406.882 406.495 409.017 407.105
541 336.000 333.414 332.454 332.891 333.862 330.602 332.178 332.784 333.539 334.457 334.228
542 312.000 316.751 320.388 322.500 317.377 319.031 320.370 320.251 318.672 319.201 319.707
543 330.000 331.871 330.412 328.698 329.567 328.325 328.699 331.871 329.968 331.611 331.242
544 508.000 426.841 433.285 421.717 428.744 431.735 418.215 434.468 434.129 435.719 429.554
545 588.000 581.497 575.499 577.989 572.204 583.515 575.197 581.934 579.393 585.727 582.036
546 410.000 423.904 423.775 426.389 423.381 425.054 425.193 426.331 424.375 425.932 423.480
547 540.000 539.671 538.071 537.954 542.235 540.931 532.637 538.209 532.437 536.464 538.597
548 362.000 367.843 367.516 366.871 367.982 363.298 367.512 364.363 367.404 367.057 368.212
549 404.000 406.204 409.220 405.575 407.079 407.320 407.342 407.169 407.057 407.576 407.034
550 370.000 359.506 358.420 358.183 362.202 358.765 364.086 359.429 359.072 362.709 360.048
551 482.000 418.385 415.273 429.105 417.120 412.494 416.616 417.747 415.288 416.338 421.277
552 398.000 397.112 397.429 396.752 398.712 397.042 398.106 398.497 398.119 398.038 398.455
553 466.000 450.944 451.514 450.807 450.647 455.340 453.526 452.436 459.184 449.467 455.569
554 405.000 401.013 402.525 399.525 401.003 402.510 402.311 401.347 401.251 401.542 401.235
555 576.000 568.215 562.383 561.736 561.081 569.312 576.662 565.772 559.071 574.396 561.390
556 457.000 451.998 455.710 442.951 449.136 445.558 445.623 441.822 456.385 448.325 442.762
557 478.000 465.526 465.849 463.975 461.420 461.671 461.585 463.979 466.257 466.321 463.373
558 431.000 423.676 431.092 427.278 428.559 429.240 430.072 432.876 433.349 435.021 430.168
559 411.000 346.741 336.121 343.096 344.275 343.183 337.123 344.105 342.751 336.618 343.646
560 409.000 405.355 403.951 405.959 405.493 403.631 401.659 405.674 406.039 404.304 404.173
561 375.000 368.379 368.469 371.037 374.221 369.129 362.875 360.644 358.076 363.033 362.720
562 400.000 395.647 390.654 400.503 394.985 392.942 397.987 405.284 403.205 401.822 392.511
563 331.000 327.919 326.672 328.847 327.346 327.483 324.581 329.143 328.596 327.953 328.110
564 412.000 411.268 419.143 413.790 417.131 409.168 414.446 413.548 407.136 411.171 411.954
565 485.000 510.805 512.010 509.060 506.460 504.993 509.006 508.417 507.678 507.359 510.572
566 407.000 410.732 411.100 410.776 411.154 410.182 410.948 411.306 410.787 411.594 410.195
567 405.000 398.776 394.944 396.224 399.269 399.613 399.738 396.541 401.177 399.746 399.356
568 406.000 408.078 408.701 409.059 409.863 408.995 408.811 410.547 407.392 410.313 410.803
569 342.000 340.604 339.477 339.901 335.644 338.485 339.151 337.372 338.963 336.958 338.901
570 321.000 321.406 323.054 322.561 322.902 324.962 323.009 322.885 325.003 323.001 322.744
571 361.000 355.880 358.989 357.954 358.927 358.724 361.108 357.080 360.756 361.449 362.257
572 387.000 390.424 387.157 387.751 390.300 387.576 390.526 388.434 389.808 393.321 390.021
573 323.000 319.159 320.321 320.068 319.604 318.927 317.562 319.918 318.562 320.616 320.860
574 390.000 396.915 394.678 396.659 393.113 396.495 390.894 391.572 392.740 394.155 393.469
575 440.000 470.694 487.561 457.446 456.592 457.427 461.765 472.760 457.708 459.881 457.897
576 332.000 350.435 348.251 348.596 352.387 350.172 352.225 349.269 351.625 347.584 349.840
577 456.000 450.847 453.622 449.235 442.993 451.578 455.004 452.077 450.236 453.357 452.353
578 488.000 490.553 489.474 455.185 472.334 486.133 508.528 503.960 491.873 480.625 498.426
579 332.000 326.687 332.382 335.515 320.187 321.497 329.490 392.357 329.109 326.744 322.096
580 316.000 315.755 321.941 321.086 320.879 323.596 321.398 321.399 321.987 321.585 318.976
581 459.000 413.699 423.701 417.259 416.793 424.066 416.239 416.101 426.170 417.874 420.863
582 335.000 330.671 331.396 329.525 323.226 333.854 328.459 331.345 334.142 327.923 330.231
583 332.000 335.422 335.013 335.447 336.370 335.959 336.175 335.805 335.896 335.027 332.996
584 459.000 467.283 466.012 467.888 471.031 470.657 469.801 467.413 471.196 469.362 466.572
585 396.000 402.801 403.599 405.451 406.080 401.290 404.073 400.409 407.017 405.078 401.436
586 489.000 488.899 488.899 488.394 488.445 489.385 488.900 488.900 485.160 488.900 488.899
587 417.000 408.708 417.088 419.066 416.758 421.315 421.384 418.150 411.262 416.970 416.049
588 404.000 405.963 408.196 406.258 407.401 406.145 406.049 406.043 406.349 404.786 404.441
589 400.000 396.048 397.300 395.542 397.487 394.182 395.659 398.463 440.881 399.794 397.342
590 357.000 356.992 352.642 351.432 354.353 358.279 354.119 353.971 352.610 352.745 353.312
591 437.000 481.974 489.180 491.383 500.316 488.392 492.659 491.783 507.518 485.169 497.154
592 542.000 539.502 540.094 539.964 537.947 543.878 543.324 540.341 536.242 541.194 539.079
593 419.000 421.283 418.270 418.596 418.466 419.128 419.063 418.967 418.490 420.463 419.406
594 350.000 346.408 349.429 349.842 348.757 350.392 342.378 348.304 347.755 340.197 350.078
595 424.000 427.318 427.992 415.517 430.067 426.134 424.507 427.710 433.045 428.513 429.627
596 443.000 447.004 438.638 448.745 442.807 450.429 451.549 443.087 451.844 449.179 444.892
597 439.000 437.528 439.019 437.475 443.173 441.572 439.192 440.153 437.592 446.439 439.384
598 324.000 322.839 322.950 323.929 322.266 325.832 319.085 322.121 324.123 323.779 322.953
599 311.000 309.562 313.734 310.539 313.024 319.197 311.469 311.683 328.467 319.090 310.927
600 331.000 329.762 329.349 328.993 327.679 328.133 331.411 333.847 329.058 328.870 326.762
601 428.000 429.173 429.566 427.069 427.960 429.588 428.906 428.364 429.905 430.976 427.821
602 400.000 401.013 402.581 405.898 404.647 404.049 407.159 403.528 404.151 400.082 401.338
603 309.000 301.187 308.539 301.708 300.480 300.512 300.873 305.742 298.043 306.328 294.552
604 375.000 373.206 371.402 374.098 374.062 370.756 374.531 371.990 371.755 371.797 371.741
605 450.000 430.929 430.017 429.301 430.980 429.204 442.454 428.241 430.716 428.129 430.353
606 388.000 389.754 388.235 383.692 391.591 389.974 388.279 376.192 385.026 389.875 387.249
607 323.000 334.213 321.368 332.842 336.813 326.443 326.342 332.149 318.697 327.915 326.504
608 448.000 437.748 438.532 439.133 438.034 442.405 443.314 440.261 439.519 443.751 437.338
609 372.000 373.271 371.715 370.492 373.825 374.675 372.468 371.316 370.113 372.337 372.106
610 328.000 321.179 328.445 322.101 321.650 325.633 321.326 323.121 320.554 324.148 324.465
611 460.000 463.996 466.357 465.111 464.379 460.167 458.290 462.987 464.234 464.673 465.200
612 504.000 543.953 544.899 548.127 544.087 547.194 545.478 547.610 543.475 547.251 545.642
613 433.000 444.019 442.565 443.729 444.605 444.323 439.510 440.132 441.361 444.612 443.543
614 564.000 578.180 576.624 574.971 579.565 585.952 574.794 579.451 579.260 583.655 582.208
615 439.000 376.310 421.304 427.168 425.344 428.490 426.602 426.425 424.480 427.969 427.071
616 440.000 434.620 430.901 432.865 431.206 432.003 430.975 433.219 431.038 427.820 430.876
617 484.000 490.069 501.533 494.529 488.825 493.673 493.457 491.778 497.252 493.654 496.913
618 396.000 424.249 400.303 400.870 422.752 399.187 401.964 401.133 422.412 399.460 400.645
619 435.000 423.770 422.601 421.296 419.856 424.537 422.707 423.264 422.186 424.485 420.740
620 397.000 381.704 381.446 380.532 382.648 381.983 384.606 386.441 386.735 377.259 382.396
621 420.000 452.696 449.960 451.773 453.129 454.141 458.558 451.490 449.468 449.322 453.516
622 408.000 423.467 437.921 432.882 416.778 420.390 424.449 432.306 417.233 428.922 426.367
623 437.000 440.738 438.944 436.036 437.004 438.225 440.438 439.395 438.156 440.283 438.850
624 406.000 414.532 442.631 411.521 414.278 419.611 403.039 425.016 419.212 418.441 413.359
625 393.000 394.912 394.942 391.727 394.330 393.359 396.218 394.356 394.397 395.377 394.585
626 452.000 457.416 459.679 460.106 453.877 459.786 460.811 456.840 462.435 461.106 459.389
627 466.000 446.409 449.602 447.763 470.373 447.880 443.073 450.819 443.512 451.764 450.772
628 410.000 461.347 458.367 462.199 458.491 460.278 447.355 456.382 451.276 459.373 451.227
629 447.000 437.536 437.034 438.440 437.433 433.644 432.383 436.526 436.957 438.297 440.286
630 487.000 461.452 460.335 459.285 460.264 459.979 463.352 461.377 459.475 460.261 457.933
631 420.000 425.087 424.068 424.803 424.888 424.507 427.544 424.139 424.544 424.185 424.619
632 565.000 578.336 570.084 574.127 570.046 576.944 576.946 573.896 575.621 575.738 575.534
633 309.000 311.135 310.191 312.138 308.408 311.100 308.635 308.788 307.005 309.752 308.819
634 437.000 440.000 439.759 438.231 438.885 438.962 438.950 439.765 440.031 438.971 440.515
635 481.000 485.595 484.881 484.840 483.893 485.086 483.837 484.633 481.218 484.922 480.620
636 390.000 392.050 390.905 392.792 392.776 392.710 392.807 391.939 393.355 390.780 392.466
637 329.000 325.851 326.097 325.144 324.935 325.031 325.837 324.492 324.618 325.741 325.745
638 349.000 346.561 347.988 348.334 343.666 347.735 347.615 347.283 347.376 346.444 343.270
639 336.000 335.677 336.877 336.694 338.143 336.996 336.408 337.011 336.503 336.764 336.416
640 550.000 567.251 572.147 577.520 570.606 570.649 562.858 433.464 569.315 572.454 573.807
641 315.000 315.519 314.528 316.777 314.114 313.734 311.284 314.739 316.228 316.965 316.058
642 420.000 414.115 420.786 419.599 415.343 415.254 418.126 418.275 414.687 419.631 411.028
643 466.000 460.011 457.570 462.297 459.139 453.849 457.429 457.856 459.083 452.010 450.080
644 315.000 327.231 315.846 314.959 316.217 315.379 316.072 315.782 318.758 331.274 315.882
645 345.000 365.137 370.531 365.804 365.389 364.292 363.733 365.189 365.159 365.087 364.506
646 451.000 447.334 447.837 445.528 446.884 446.427 445.564 444.449 448.087 446.161 445.249
647 337.000 370.447 364.070 369.813 365.340 366.644 368.210 366.019 365.333 368.369 367.694
648 439.000 392.629 395.495 391.383 389.397 396.605 397.602 405.611 396.498 401.498 393.904
649 330.000 333.976 332.471 334.267 335.648 333.667 336.314 335.240 335.325 331.930 333.674
650 538.000 534.404 530.190 539.164 533.990 544.468 539.526 547.948 526.320 526.578 534.270
651 326.000 368.711 367.441 366.702 366.282 368.690 363.070 409.642 367.498 368.027 366.843
652 392.000 414.163 414.186 412.200 416.657 413.891 413.407 415.796 400.786 418.445 417.249
653 366.000 409.073 408.402 414.314 424.221 409.015 420.056 428.100 415.875 419.843 416.858
654 318.000 308.538 306.332 306.660 306.165 309.291 306.238 309.294 308.538 308.632 318.057
655 561.000 501.073 492.896 496.995 496.523 496.342 506.223 499.111 491.434 496.059 495.179
656 436.000 415.500 418.606 417.983 443.559 415.807 425.493 418.343 420.217 421.339 422.536
657 463.000 462.833 466.186 465.754 463.141 462.104 465.671 465.759 467.133 463.718 465.933
658 348.000 349.413 347.445 348.364 346.894 348.366 348.924 348.406 347.140 347.906 348.562
659 313.000 344.784 346.641 343.266 342.561 343.499 336.963 342.385 339.543 343.146 339.486
660 451.000 446.431 445.047 448.911 446.060 445.064 446.130 446.114 447.538 445.447 443.109
661 384.000 389.279 389.023 389.914 389.754 385.682 386.419 390.128 388.699 385.444 389.687
662 459.000 463.668 462.449 435.021 461.786 462.667 463.300 462.556 446.165 462.348 462.159
663 421.000 367.664 371.108 371.296 374.233 367.445 367.296 368.419 376.091 363.860 366.095
664 481.000 474.210 473.428 473.611 468.404 474.053 473.639 472.298 474.392 473.217 472.656
665 320.000 317.897 328.172 330.973 320.299 326.259 320.686 320.386 325.581 321.179 321.472
666 310.000 337.266 323.729 327.812 333.513 336.589 341.116 328.838 339.302 334.351 328.039
667 402.000 404.325 403.684 402.009 404.159 403.271 404.469 404.892 405.503 403.398 402.687
668 530.000 435.767 427.479 408.639 437.391 443.682 440.319 442.110 440.364 440.483 438.967
669 583.000 576.045 569.470 563.827 568.493 559.847 572.058 588.082 578.451 568.223 569.011
670 421.000 422.130 417.145 419.746 417.019 417.709 419.862 419.260 418.416 419.876 418.575
671 415.000 415.993 416.101 415.902 415.899 415.901 415.900 416.101 415.900 416.806 415.901
672 387.000 388.440 388.200 386.607 387.315 389.319 388.538 387.030 388.090 387.295 388.844
673 584.000 557.552 560.133 560.276 561.785 555.453 561.067 551.860 554.767 557.002 558.556
674 307.000 319.551 320.273 320.887 320.143 322.085 321.298 320.672 324.103 320.306 322.046
675 424.000 420.606 421.700 422.348 421.384 422.343 422.389 422.107 421.044 422.680 420.933
676 449.000 440.191 437.463 439.829 438.933 436.374 439.462 436.817 436.579 436.855 440.485
677 610.000 519.009 498.811 517.738 526.938 522.873 504.857 522.120 511.747 479.479 518.807
678 505.000 499.098 499.292 496.133 499.070 496.462 498.108 498.812 497.339 498.569 495.089
679 408.000 403.864 404.239 405.560 404.122 404.068 404.558 404.240 403.806 404.495 403.867
680 377.000 374.987 396.028 380.228 379.520 384.282 381.033 380.404 381.349 383.711 380.056
681 502.000 447.399 450.550 451.780 447.410 439.293 451.333 447.717 452.262 452.729 448.039
682 319.000 332.881 317.177 320.365 315.354 322.099 317.992 316.695 322.468 318.933 318.858
683 394.000 394.702 391.936 394.876 395.535 394.242 396.385 394.700 395.297 396.936 395.373
684 290.000 293.887 296.181 291.713 295.993 297.454 287.851 298.592 297.359 296.264 297.949
685 407.000 408.100 410.166 411.731 410.761 409.826 408.744 408.849 410.419 408.546 410.915
686 444.000 424.723 430.552 447.033 436.209 433.435 429.548 429.451 436.401 435.450 439.317
687 322.000 319.529 304.922 314.574 321.464 323.019 318.429 321.181 306.742 323.164 319.736
688 331.000 324.009 324.601 324.415 324.094 322.332 326.771 329.257 324.699 330.698 326.667
689 402.000 415.245 446.854 445.587 414.112 444.175 412.402 412.919 413.483 414.768 415.277
690 320.000 327.872 322.472 329.112 327.472 326.005 325.398 328.084 327.337 324.785 326.907
691 386.000 392.562 387.182 389.277 390.197 387.998 388.930 386.707 387.188 390.111 385.713
692 364.000 435.360 439.839 439.971 432.732 445.057 437.542 437.435 444.470 435.763 434.026
693 328.000 323.363 318.864 320.052 320.792 321.027 322.403 321.258 319.140 322.253 323.708
694 312.000 315.471 316.267 314.693 312.551 311.949 315.795 315.753 320.727 314.167 315.712
695 378.000 382.674 383.575 382.762 380.914 388.075 381.521 381.485 381.596 381.663 381.162
696 331.000 334.067 330.640 332.211 329.084 331.393 331.137 330.376 330.103 332.533 329.181
697 330.000 321.368 322.300 326.385 316.986 317.639 324.152 321.710 319.377 322.818 325.049
698 451.000 437.522 437.645 438.539 437.106 436.901 438.348 436.962 440.397 437.769 436.228
699 313.000 359.129 377.330 376.347 381.883 380.342 384.884 375.704 377.020 379.635 367.298
700 408.000 412.511 407.654 408.576 410.287 406.471 407.113 410.152 410.407 409.727 408.055
701 440.000 408.469 453.049 429.982 450.513 432.127 432.879 434.244 432.630 443.722 434.272
702 375.000 368.742 367.025 366.607 366.113 366.342 368.165 365.151 367.621 367.241 367.327
703 462.000 453.748 455.056 455.201 455.223 454.957 457.840 458.146 457.125 456.744 459.370
704 450.000 419.942 419.717 419.923 419.702 423.220 424.984 420.474 439.411 418.038 419.191
705 417.000 415.343 414.893 416.294 415.508 413.645 415.092 415.162 415.951 415.949 413.263
706 452.000 443.193 437.390 442.878 446.473 441.243 443.215 441.912 440.074 442.673 444.055
707 526.000 527.825 529.517 527.847 533.811 529.200 526.671 528.919 532.553 540.162 529.736
708 460.000 447.612 463.863 464.098 462.799 464.543 475.220 462.801 463.205 459.988 462.654
709 428.000 431.067 432.371 433.235 432.682 432.091 435.712 432.400 430.752 430.353 431.313
710 310.000 363.519 377.670 361.549 372.606 380.401 372.838 371.026 366.506 366.536 366.896
711 412.000 407.284 407.973 407.950 408.127 409.547 408.800 408.321 407.354 408.114 407.536
712 320.000 315.053 316.818 324.639 316.895 315.130 316.025 313.704 318.430 318.054 317.064
713 468.000 475.906 475.425 478.626 481.287 480.694 466.664 470.966 469.247 472.145 470.532
714 316.000 322.163 322.653 321.802 322.471 321.685 318.094 320.410 329.143 324.829 323.791
715 602.000 593.532 591.320 595.313 592.323 592.906 595.038 591.605 592.130 596.315 598.013
716 328.000 347.946 341.394 348.727 343.396 336.239 342.323 340.760 335.814 349.388 336.837
717 579.000 527.801 522.822 528.017 556.389 529.187 491.129 528.673 520.880 516.115 492.521
718 354.000 346.140 344.288 343.212 339.631 346.352 344.951 352.599 348.177 349.223 343.650
