data_index Htime.observed Htime.predicted.repeat1 Htime.predicted.repeat2 Htime.predicted.repeat3 Htime.predicted.repeat4 Htime.predicted.repeat5 Htime.predicted.repeat6 Htime.predicted.repeat7 Htime.predicted.repeat8 Htime.predicted.repeat9 Htime.predicted.repeat10
1 4.857 4.949 5.030 4.802 4.474 4.789 4.885 2.883 4.858 3.917 4.796
2 2.679 1.812 2.985 2.863 2.939 3.054 2.906 2.910 3.296 3.001 2.592
3 4.721 4.349 4.349 4.312 4.250 4.418 4.391 3.996 4.393 4.384 4.429
4 4.999 6.590 6.193 6.412 6.219 6.206 6.199 6.308 6.646 6.125 6.236
5 2.954 5.508 5.507 5.620 5.157 5.524 5.593 5.506 5.590 5.710 5.604
6 4.732 4.872 4.891 4.990 4.705 4.957 4.973 4.765 4.950 5.011 4.950
7 2.542 2.727 2.264 2.665 2.508 2.502 2.468 2.747 2.598 2.083 2.464
8 4.437 4.479 4.453 4.356 4.217 4.376 4.527 4.346 3.887 4.416 4.255
9 4.511 4.652 4.705 5.081 4.882 4.444 4.723 4.709 4.383 4.751 4.848
10 4.561 5.237 5.214 5.194 5.459 5.238 5.258 5.257 5.283 5.205 5.213
11 4.515 4.488 4.472 4.368 4.030 4.814 4.564 4.493 4.474 4.514 4.546
12 6.033 5.694 5.795 5.564 5.456 5.535 5.503 5.760 5.501 5.666 5.508
13 4.401 4.340 3.929 4.353 4.227 4.349 4.346 3.913 4.382 4.269 4.372
14 4.565 4.864 4.918 4.952 4.920 4.984 4.988 4.950 4.987 5.040 4.839
15 4.500 4.323 4.655 4.668 4.511 3.697 4.890 4.545 4.701 3.619 4.497
16 4.459 3.522 3.131 3.466 3.574 3.478 3.637 3.110 3.630 3.614 3.626
17 4.782 4.896 4.839 4.948 4.955 4.775 4.791 4.635 4.939 4.820 4.682
18 6.644 4.171 3.957 4.054 4.028 4.553 3.779 3.821 4.030 4.045 3.834
19 4.008 3.003 2.985 2.928 3.214 2.899 3.130 3.988 2.930 3.929 3.191
20 5.749 5.117 4.907 5.053 5.127 5.051 5.108 5.060 5.071 5.045 5.050
21 2.954 3.809 3.802 3.803 3.860 3.904 3.915 3.881 3.939 3.672 4.005
22 4.724 4.548 4.521 4.701 4.627 4.573 4.572 4.722 4.627 4.649 4.628
23 4.861 4.493 3.989 4.018 4.046 3.389 3.394 4.091 3.618 3.621 4.007
24 9.159 7.052 8.481 8.479 8.344 8.465 8.259 7.939 8.301 8.213 8.611
25 2.824 4.695 4.175 3.954 4.014 4.058 3.775 4.096 3.722 3.746 4.028
26 2.235 2.777 3.204 2.837 2.818 2.458 2.793 3.043 3.408 2.783 2.891
27 3.787 3.191 2.987 3.228 3.002 2.986 3.111 3.406 2.975 3.250 3.113
28 -0.165 0.612 0.579 0.970 0.544 0.528 0.889 0.583 0.597 0.509 0.572
29 4.365 2.490 3.582 2.809 2.971 3.112 2.884 2.935 3.903 3.593 2.955
30 6.982 5.398 5.274 5.749 5.494 5.434 5.800 5.566 5.501 5.044 5.494
31 5.556 4.733 5.127 5.018 4.673 4.791 5.133 5.133 4.879 4.965 5.082
32 4.605 5.063 5.074 5.082 5.077 5.074 5.017 4.878 4.881 5.111 5.055
33 2.381 3.150 3.263 3.271 3.238 3.226 3.159 3.112 3.146 3.292 3.138
34 5.016 3.824 3.786 3.742 3.666 3.417 2.689 3.501 3.929 3.708 3.756
35 0.255 3.508 3.748 4.075 3.720 3.711 3.674 3.724 3.802 3.698 3.847
36 5.937 6.298 5.410 6.031 5.824 5.831 5.925 6.049 6.093 5.952 5.834
37 1.196 3.319 3.660 3.475 3.804 3.704 4.255 3.646 3.749 3.514 3.386
38 2.475 2.592 2.697 3.819 2.689 2.653 2.635 2.737 2.445 2.707 2.612
39 3.525 4.858 4.243 5.200 4.949 4.044 4.963 4.152 4.892 5.227 5.367
40 6.946 7.202 7.339 7.253 7.407 7.039 7.447 7.228 7.429 7.151 7.205
41 6.519 5.869 5.732 5.740 5.846 5.690 5.829 5.840 5.844 5.958 5.878
42 2.001 1.293 1.316 1.222 1.205 1.488 1.251 1.340 1.234 1.071 1.279
43 6.167 5.197 5.878 6.092 6.054 6.217 5.900 6.022 6.191 6.485 6.620
44 4.459 4.292 3.825 2.872 4.223 3.932 3.869 2.600 3.839 3.749 3.974
45 4.673 4.829 4.712 4.860 4.942 4.852 4.674 4.789 4.819 4.896 4.705
46 5.617 5.885 5.911 5.984 5.930 5.875 5.984 6.164 5.595 6.324 5.887
47 1.358 1.019 0.842 0.680 1.188 1.018 1.413 0.412 0.520 0.765 0.865
48 4.228 4.316 4.465 4.197 4.432 4.229 4.314 4.135 4.350 4.334 4.160
49 4.475 4.814 4.918 4.828 4.607 4.770 4.235 5.228 4.832 4.375 4.699
50 2.682 2.391 2.271 1.887 2.016 1.943 1.835 2.192 2.058 1.856 1.484
51 4.297 4.450 4.635 4.544 4.583 4.555 4.596 4.574 4.784 4.307 4.661
52 4.702 4.611 4.553 4.547 5.236 4.614 4.553 4.541 4.608 4.547 4.521
53 4.804 3.634 3.417 3.543 3.520 3.649 3.201 3.460 3.478 3.588 3.588
54 4.741 5.164 4.909 5.277 5.121 5.203 5.207 5.213 4.659 5.255 5.227
55 6.083 3.657 3.618 3.650 4.551 4.103 3.727 3.775 3.430 3.677 3.464
56 4.401 3.707 3.718 4.162 4.150 3.713 3.719 3.805 3.733 3.721 3.657
57 6.101 5.514 5.517 5.492 5.445 5.570 5.422 5.563 5.619 5.512 5.444
58 3.561 5.060 4.956 4.838 4.863 4.825 4.422 4.759 5.249 5.060 4.986
59 4.376 3.627 3.797 3.738 3.672 3.779 3.915 3.790 3.712 3.994 3.639
60 7.960 6.279 7.208 7.520 7.346 7.503 7.217 7.548 7.635 7.549 7.515
61 2.475 3.397 2.761 2.801 2.910 2.731 3.183 2.952 2.694 2.850 2.796
62 4.183 2.980 2.692 3.256 3.237 2.843 2.893 3.329 2.987 3.204 2.828
63 2.857 3.184 2.865 2.930 2.857 2.986 3.186 3.030 2.972 2.920 3.571
64 0.776 1.347 1.379 1.850 1.341 1.529 1.705 1.349 1.369 1.290 1.350
65 6.190 5.787 5.829 5.496 5.796 5.543 5.443 5.809 5.868 5.741 5.817
66 5.520 5.147 5.280 5.105 5.336 5.137 5.430 5.254 5.276 5.293 5.306
67 4.613 4.363 4.260 4.302 4.506 4.411 4.273 4.405 4.544 4.339 4.431
68 0.670 1.646 1.392 1.346 1.305 1.582 1.201 1.691 1.625 1.613 1.789
69 6.056 5.799 5.772 5.750 5.136 5.910 5.910 5.627 5.829 5.885 5.851
70 4.598 5.061 5.497 5.031 5.037 5.066 5.457 5.035 5.040 5.041 5.032
71 5.317 5.963 5.847 5.965 5.487 5.992 5.832 5.977 5.910 6.034 5.986
72 4.635 5.655 5.735 5.753 5.829 6.067 5.516 5.754 5.478 5.742 5.695
73 4.529 3.893 3.812 3.853 3.953 4.044 3.888 3.864 3.631 3.902 3.954
74 5.700 5.213 5.142 5.031 5.224 4.981 4.794 5.085 5.027 5.086 5.251
75 0.325 2.796 3.002 2.851 2.788 3.385 3.356 2.833 3.024 2.756 3.502
76 3.984 3.746 3.705 3.789 3.890 3.911 4.021 3.841 3.847 3.796 3.895
77 2.208 3.229 3.272 3.158 3.251 3.324 3.061 3.012 3.322 3.161 3.683
78 1.653 3.839 3.769 3.709 3.807 3.702 3.703 3.614 3.784 3.548 3.650
79 0.088 1.227 1.242 3.584 1.577 1.686 1.388 1.440 0.963 1.312 1.425
80 4.196 3.227 3.315 2.997 3.587 3.475 3.362 3.714 3.277 3.082 3.224
81 5.336 5.839 5.806 5.846 5.767 5.503 5.745 5.708 5.706 5.620 5.481
82 1.105 3.246 2.819 2.904 2.835 2.634 2.813 2.792 2.626 2.872 2.433
83 5.846 4.873 4.703 4.885 4.939 4.810 4.854 4.649 4.856 4.776 5.049
84 4.113 3.855 3.871 3.836 3.961 3.917 3.886 3.973 3.918 3.856 3.833
85 2.631 4.399 3.987 4.535 4.543 4.519 4.332 4.621 4.658 4.318 4.487
86 6.261 5.795 5.457 5.771 5.664 5.549 5.582 5.601 5.578 5.501 5.495
87 5.048 5.045 4.712 5.115 4.648 4.422 4.605 4.654 5.036 4.833 4.625
88 4.858 5.280 5.254 5.167 4.974 5.346 5.297 5.210 5.544 5.044 5.247
89 4.779 4.805 4.630 4.783 4.632 4.769 4.757 4.692 4.650 4.835 4.808
90 3.835 4.632 4.540 4.031 4.586 4.400 4.655 4.214 3.363 4.646 4.538
91 5.064 3.950 4.057 4.291 4.075 4.153 3.504 4.068 3.513 3.681 3.967
92 4.003 3.866 3.680 3.858 3.884 3.858 3.646 3.871 3.855 3.915 3.812
93 3.404 4.390 4.470 4.378 4.372 4.488 4.510 4.461 4.437 4.374 4.200
94 4.951 3.973 3.665 3.840 3.742 4.003 3.622 2.412 4.345 3.301 3.732
95 5.505 4.026 3.585 3.350 3.627 3.977 3.922 3.424 3.589 3.618 3.434
96 1.857 3.271 3.094 3.375 3.112 3.198 3.162 3.308 2.993 3.305 3.172
97 4.632 5.740 5.600 5.569 5.557 5.464 5.232 4.791 5.642 5.334 6.023
98 5.177 5.240 5.244 5.260 5.333 5.239 5.168 5.446 5.247 5.246 5.211
99 5.978 6.200 6.338 6.461 6.378 6.780 6.354 6.338 6.338 6.367 6.344
100 4.146 3.135 3.022 3.046 3.018 3.079 2.985 3.063 2.964 2.515 2.755
101 4.954 4.765 5.501 4.740 4.752 4.732 5.462 4.755 4.755 4.771 4.748
102 5.806 5.686 5.685 5.543 5.683 5.718 5.808 5.852 5.648 5.817 5.828
103 5.033 5.296 5.173 5.290 5.147 5.158 5.180 5.153 5.132 5.179 5.200
104 4.395 3.769 3.611 3.627 3.570 3.470 2.675 3.520 3.537 3.433 3.459
105 5.093 3.591 3.949 3.584 3.678 3.758 3.695 3.508 3.421 3.564 3.710
106 3.250 4.068 4.097 3.886 3.871 3.970 4.014 4.032 3.996 4.079 3.902
107 2.760 4.114 4.270 4.075 4.139 4.216 4.315 4.121 4.180 4.152 4.241
108 1.182 3.905 3.742 4.645 3.808 3.893 4.289 3.818 3.896 2.948 3.731
109 4.028 5.792 5.569 5.695 5.235 5.637 5.572 5.714 5.633 5.701 5.737
110 5.190 3.960 3.622 4.530 4.066 3.962 4.063 4.118 3.961 3.843 3.465
111 4.988 4.920 4.773 5.028 4.841 4.664 4.923 4.906 4.882 4.923 4.815
112 6.799 6.133 6.138 6.120 6.016 6.151 6.028 6.073 6.101 6.131 6.113
113 5.414 2.980 2.991 2.957 2.999 3.047 2.866 2.937 2.999 4.011 2.980
114 4.414 4.228 4.189 3.915 3.951 4.189 4.347 4.110 4.174 3.965 4.604
115 5.635 4.693 4.297 4.193 4.482 4.410 4.324 4.621 4.672 4.281 4.639
116 4.883 2.716 2.353 2.429 2.437 2.662 2.370 2.356 2.334 2.265 2.407
117 4.712 4.866 4.601 3.183 4.724 4.684 4.822 3.279 4.682 4.731 4.709
118 4.758 4.934 4.936 4.887 4.763 4.976 4.851 4.890 4.883 4.825 4.934
119 3.147 4.011 4.190 3.747 3.643 4.313 4.462 3.708 3.934 4.071 4.044
120 5.580 5.667 5.683 5.730 5.712 5.699 5.584 5.703 5.647 5.664 5.321
