data_index logt12.observed logt12.predicted.repeat1 logt12.predicted.repeat2 logt12.predicted.repeat3 logt12.predicted.repeat4 logt12.predicted.repeat5 logt12.predicted.repeat6 logt12.predicted.repeat7 logt12.predicted.repeat8 logt12.predicted.repeat9 logt12.predicted.repeat10
1 4.702 4.953 4.897 5.025 4.859 4.795 4.901 4.860 4.947 4.882 5.053
2 4.724 4.284 4.534 4.511 4.709 4.617 4.608 4.675 4.471 4.262 4.566
3 3.525 3.460 3.861 3.460 3.726 3.514 3.908 3.542 3.582 3.495 3.606
4 5.414 3.773 3.936 3.877 4.447 3.602 3.940 4.180 4.047 4.916 3.148
5 4.632 5.072 5.337 5.470 5.113 5.187 5.517 5.225 5.276 4.894 5.019
6 4.475 4.370 4.442 4.351 4.408 4.539 4.488 4.570 4.342 4.408 4.026
7 0.088 3.833 3.719 3.851 3.924 3.547 2.371 3.239 3.970 3.767 2.189
8 2.475 2.701 3.057 2.923 3.088 2.889 2.888 3.210 2.889 2.960 3.019
9 4.763 5.004 5.500 5.563 5.501 5.678 5.473 5.513 5.384 5.505 5.548
10 4.721 4.587 4.547 4.573 4.397 4.424 4.453 4.213 4.363 4.684 4.585
11 5.635 5.049 5.134 5.554 5.046 5.112 5.327 5.354 5.440 5.557 5.069
12 0.776 1.299 1.755 1.536 1.102 1.421 1.618 2.156 2.287 0.611 1.503
13 3.984 3.375 3.536 3.571 3.538 3.313 3.572 3.571 3.571 3.571 3.571
14 0.255 3.518 3.817 3.573 3.662 3.513 3.268 3.788 3.834 3.514 3.305
15 5.016 4.302 4.172 4.230 4.208 4.154 4.159 4.163 4.268 4.113 3.896
16 5.083 5.680 5.654 5.675 5.680 5.702 5.742 5.707 5.754 5.730 4.704
17 4.758 4.496 4.607 4.497 4.534 4.423 4.484 4.487 4.561 4.467 4.573
18 4.565 4.914 4.936 4.865 4.776 4.796 4.832 4.604 4.747 4.700 4.824
19 5.846 4.928 5.068 4.661 5.070 4.638 4.423 4.882 4.722 5.165 4.660
20 5.048 5.593 5.493 5.547 5.424 5.429 4.980 5.569 5.649 5.373 5.455
21 5.336 4.526 5.001 4.571 4.508 4.414 4.387 4.624 4.474 4.583 4.442
22 4.782 4.138 4.227 4.199 4.119 3.680 4.176 4.076 4.210 4.113 4.117
23 6.101 4.103 4.448 4.493 4.471 3.893 4.498 4.459 4.346 4.393 4.459
24 4.999 6.434 6.278 6.435 6.623 6.417 6.415 6.590 6.148 6.509 6.544
25 0.325 2.608 2.838 2.449 2.588 2.881 2.855 2.491 2.787 3.283 2.304
26 5.580 4.873 4.881 5.299 4.847 5.179 4.683 5.203 4.972 4.738 5.040
27 4.196 3.754 3.874 3.837 3.773 3.853 4.013 3.948 3.892 3.863 3.612
28 3.147 3.758 3.570 3.958 3.924 3.844 3.814 3.692 3.706 3.768 3.922
29 4.459 3.932 4.365 4.716 4.457 4.079 3.366 3.621 4.568 4.373 4.352
30 4.712 4.071 3.712 4.077 4.125 4.023 4.015 3.828 3.824 4.118 4.111
31 4.228 5.038 4.914 4.939 4.715 5.001 4.747 4.644 4.916 4.863 4.547
32 4.459 4.581 4.465 4.567 4.493 4.456 4.423 4.713 4.240 4.546 4.646
33 5.033 5.384 5.496 4.757 5.173 5.371 5.487 5.448 5.298 5.366 5.370
34 5.520 5.525 5.519 5.578 5.759 5.655 5.747 5.789 5.828 5.531 5.434
35 5.093 3.462 3.716 3.397 3.472 3.482 3.460 3.635 3.460 3.451 3.522
36 1.105 3.577 3.622 3.391 3.233 3.376 3.551 3.203 3.572 3.510 3.663
37 2.824 3.207 3.154 3.106 2.820 2.760 2.524 3.335 3.034 2.768 2.521
38 4.673 5.211 5.391 5.304 5.080 5.137 4.976 5.063 5.229 5.348 5.080
39 1.358 1.634 1.807 1.598 1.519 1.742 1.632 1.657 1.391 1.698 1.829
40 4.635 2.674 2.701 2.820 2.690 2.933 2.675 2.669 2.814 2.692 2.620
41 1.857 4.783 3.817 3.745 3.693 3.698 3.868 3.912 3.833 3.842 3.763
42 4.779 4.367 4.463 4.398 4.434 4.400 4.397 4.338 4.360 4.438 4.418
43 4.605 4.718 4.816 4.788 4.713 4.735 4.779 4.673 4.548 4.791 4.951
44 3.598 4.420 4.637 4.608 4.562 4.861 4.770 4.873 4.562 4.818 4.796
45 6.092 5.169 5.544 5.881 5.605 4.909 5.513 5.670 5.515 5.799 5.851
46 5.806 5.536 5.526 5.669 5.476 5.524 5.654 5.384 5.621 5.340 5.574
47 6.190 5.678 5.828 5.902 6.007 5.416 5.668 5.518 5.737 6.189 4.865
48 4.878 4.722 4.482 4.355 4.605 4.326 4.272 4.352 4.364 4.439 4.563
49 9.159 7.996 7.963 8.146 7.934 7.864 8.082 7.696 7.984 7.931 7.897
50 2.542 2.952 2.976 2.872 2.785 3.034 3.091 3.072 3.071 3.204 2.737
51 4.146 3.300 3.290 3.439 3.352 3.508 3.837 3.410 3.592 3.485 3.467
52 2.857 4.102 3.537 3.894 3.694 3.663 3.873 3.983 3.847 3.889 3.774
53 4.598 5.323 5.376 5.202 5.397 5.522 5.314 5.166 5.253 5.215 5.122
54 4.732 4.461 4.544 4.146 4.356 4.249 4.348 4.391 4.051 4.377 4.385
55 3.835 4.250 4.179 4.277 3.960 3.805 4.814 4.191 4.209 3.719 4.821
56 6.946 6.023 5.774 5.746 5.756 5.912 5.778 5.722 6.297 5.928 5.929
57 2.208 2.972 3.344 2.639 2.861 2.819 2.977 2.611 3.312 3.030 3.079
58 4.741 4.750 4.440 4.528 4.364 4.456 4.579 4.581 4.376 4.410 4.380
59 4.951 4.775 4.917 4.753 4.718 4.834 4.770 4.540 4.710 4.759 4.781
60 2.235 3.138 3.283 3.055 2.711 2.613 3.537 3.006 3.269 3.728 3.415
61 4.858 5.275 5.299 5.711 5.406 5.546 5.534 5.643 5.781 5.456 5.548
62 4.857 5.544 5.510 5.164 5.064 5.467 5.285 5.425 5.557 5.205 5.613
63 6.982 6.411 7.203 7.058 6.257 6.584 6.172 6.361 6.188 6.886 6.677
64 6.083 4.365 4.367 4.648 4.763 4.377 4.476 4.138 4.212 4.543 4.784
65 4.561 4.673 4.339 4.656 4.731 4.793 4.532 4.614 4.589 4.576 4.588
66 3.561 4.151 3.842 3.910 4.024 3.911 3.962 3.837 4.018 3.806 3.835
67 4.635 5.611 5.727 5.948 5.628 5.752 5.656 5.662 5.691 5.548 5.767
68 2.954 5.679 5.522 5.731 5.584 5.853 5.615 5.951 5.701 5.677 5.653
69 5.617 5.934 5.135 5.523 5.840 5.915 5.593 5.514 5.775 5.808 5.774
70 5.505 5.114 5.188 5.109 5.070 4.997 5.127 4.932 4.907 4.780 5.560
71 7.960 7.266 7.379 7.451 7.494 7.351 7.468 7.436 7.320 7.435 7.390
72 4.028 4.474 4.714 4.513 4.564 4.600 4.609 4.615 4.650 4.718 4.652
73 4.511 4.797 4.966 4.872 4.796 4.850 4.920 4.870 4.901 4.853 4.813
74 6.519 5.440 5.169 5.253 5.204 5.154 5.293 5.090 5.033 5.148 5.189
75 6.261 5.606 5.668 5.699 5.922 5.738 5.775 5.173 5.637 5.810 5.741
76 4.365 2.982 3.215 2.660 2.832 2.966 2.968 2.827 2.939 2.784 2.947
77 2.760 4.529 4.110 4.025 4.018 4.390 4.397 4.207 4.139 4.092 4.221
78 4.104 3.455 3.722 3.607 3.791 3.429 3.212 2.650 3.613 3.773 3.477
79 4.359 4.890 3.701 4.363 4.386 4.458 4.698 4.372 4.481 4.456 4.067
80 2.679 3.204 2.749 2.921 3.043 2.980 2.659 2.781 3.068 3.115 3.096
81 2.631 3.860 3.406 3.995 3.578 3.746 4.033 3.481 3.762 3.706 3.515
82 1.182 3.419 3.383 0.598 3.419 0.268 3.572 3.337 3.677 3.389 3.401
83 5.177 5.552 5.369 5.535 5.862 5.637 5.456 5.312 5.371 5.657 5.430
84 4.515 2.026 2.042 1.594 2.078 1.264 2.329 2.078 2.077 2.077 2.146
85 1.196 2.026 2.158 2.050 2.111 1.961 2.113 2.237 2.298 2.233 2.157
86 5.064 2.999 3.172 2.987 3.200 3.330 3.097 3.203 3.092 2.909 3.151
87 4.861 3.067 2.581 2.515 3.124 3.161 2.533 2.624 2.290 2.821 2.784
88 5.190 3.328 3.001 3.127 2.929 3.098 2.994 2.930 3.194 3.132 2.987
89 3.787 2.877 2.730 3.183 2.361 3.969 3.686 2.419 2.855 3.020 3.066
90 0.255 3.111 3.201 3.387 3.408 3.299 3.324 3.383 3.519 3.174 4.126
91 2.954 4.300 4.165 3.993 3.526 3.881 4.234 4.192 3.967 4.067 5.483
92 2.682 2.014 1.961 2.000 2.118 2.079 2.194 2.104 2.172 2.214 2.180
93 1.033 3.846 2.884 3.013 2.965 2.494 3.069 3.287 2.547 2.805 3.002
94 6.167 5.646 5.405 5.709 5.653 5.861 5.671 5.731 5.002 5.325 5.898
95 3.250 4.257 4.717 4.428 5.049 4.917 4.957 5.045 4.704 4.694 5.855
96 4.804 3.906 3.473 3.244 3.776 3.575 3.868 3.687 3.870 3.573 3.915
97 4.183 2.749 2.850 2.793 2.998 2.827 3.013 3.028 2.770 2.881 2.874
98 2.001 2.527 2.768 2.614 2.326 2.583 2.678 2.660 2.859 2.505 2.375
99 4.529 4.304 3.239 3.343 4.010 3.621 3.790 3.616 3.682 3.779 3.463
100 6.056 5.863 5.597 5.170 5.564 5.463 5.682 5.745 5.652 5.038 5.587
101 5.700 5.971 6.088 6.072 5.955 6.054 6.007 5.691 5.937 5.928 6.110
102 5.937 5.707 5.406 5.652 5.784 6.131 5.828 5.459 5.591 5.816 5.685
103 4.954 6.695 6.571 6.505 6.643 6.922 6.787 6.914 6.479 6.480 6.398
104 4.008 2.836 2.779 2.865 2.851 2.849 3.085 2.914 2.650 2.929 2.856
105 6.799 5.704 5.505 5.485 5.692 5.469 5.698 5.726 5.817 5.609 5.548
106 5.317 6.049 5.754 5.935 5.808 5.872 6.101 5.743 6.061 5.892 5.701
107 5.556 5.082 4.647 5.180 5.165 5.213 5.144 5.166 5.222 5.166 5.253
108 7.898 6.074 5.730 5.983 6.264 5.996 6.219 5.937 6.169 6.122 6.002
109 5.749 5.520 5.664 5.476 5.320 5.534 5.444 5.518 5.522 5.487 5.578
110 5.978 5.315 5.299 5.217 5.270 5.389 5.205 5.276 5.162 5.273 5.360
111 4.883 4.812 4.759 4.583 4.313 4.351 4.264 4.505 4.441 4.809 4.442
112 3.404 4.195 4.674 4.459 4.907 4.607 4.431 4.284 4.216 4.235 3.988
113 4.405 4.249 4.416 4.145 3.851 4.530 4.052 4.847 4.648 4.101 4.719
114 4.401 5.084 5.128 4.738 5.212 5.078 4.759 5.272 5.087 5.072 5.077
115 4.414 3.396 3.471 3.029 3.455 3.102 2.861 3.669 3.626 3.169 3.371
116 4.297 5.028 4.353 4.329 4.688 5.044 4.587 4.601 4.945 4.329 4.640
117 4.113 3.590 3.319 3.367 3.392 2.748 3.215 3.488 3.299 3.495 3.407
118 4.376 3.265 3.305 3.020 3.919 3.582 2.777 3.285 3.553 3.348 3.378
119 1.653 3.332 3.273 3.259 3.186 3.650 3.271 3.184 3.178 3.007 3.509
