data_index lambdaa.observed lambdaa.predicted.repeat1 lambdaa.predicted.repeat2 lambdaa.predicted.repeat3 lambdaa.predicted.repeat4 lambdaa.predicted.repeat5 lambdaa.predicted.repeat6 lambdaa.predicted.repeat7 lambdaa.predicted.repeat8 lambdaa.predicted.repeat9 lambdaa.predicted.repeat10
1 342.000 342.241 355.983 358.639 353.053 352.937 356.872 350.492 361.600 360.207 346.594
2 336.000 336.541 305.780 321.328 317.832 313.545 317.199 323.753 318.425 323.088 315.412
3 434.000 450.212 423.759 431.691 428.341 438.813 427.973 436.910 447.304 442.900 448.017
4 320.000 329.888 345.122 329.697 335.622 329.916 333.233 331.881 326.117 338.279 340.470
5 317.000 334.354 346.115 332.740 338.195 318.037 323.864 343.578 347.345 347.006 342.889
6 432.000 457.149 454.500 448.528 450.078 452.196 450.265 460.957 456.808 457.076 458.424
7 419.000 423.651 425.673 422.528 425.579 428.306 425.782 419.607 424.310 427.280 430.469
8 554.000 521.934 548.627 512.902 540.682 549.623 539.691 526.714 535.038 516.468 539.080
9 438.000 446.401 448.064 441.636 449.337 441.817 432.971 456.636 444.764 434.347 440.397
10 315.000 305.835 309.002 310.407 309.379 308.220 308.916 304.393 312.339 308.634 307.292
11 325.000 308.116 303.679 301.996 300.000 320.431 327.860 309.683 324.101 315.090 312.616
12 492.000 374.212 366.123 378.712 407.425 406.603 400.761 400.176 394.499 404.090 382.184
13 370.000 375.317 365.707 362.238 389.868 379.110 373.728 370.427 380.526 368.353 379.103
14 424.000 426.917 442.634 426.953 418.874 418.166 420.339 418.615 422.328 419.884 420.181
15 400.000 401.610 398.171 397.524 401.988 404.712 397.456 400.746 400.676 400.904 404.736
16 406.000 395.921 398.855 399.020 397.683 400.292 399.907 395.626 400.804 405.446 397.036
17 429.000 452.971 445.736 436.985 430.110 416.274 434.298 449.532 451.419 450.080 448.628
18 450.000 387.936 398.349 396.002 402.284 412.575 405.212 394.974 397.232 387.173 368.725
19 342.000 332.874 335.080 332.991 338.540 332.161 327.603 333.807 334.727 329.349 331.144
20 302.000 412.240 391.825 399.134 440.893 392.648 397.134 437.512 401.659 434.102 414.144
21 437.000 433.480 428.303 439.320 449.065 443.436 453.906 430.706 435.970 434.207 424.425
22 407.000 421.454 416.173 418.966 416.948 407.842 414.615 418.480 419.076 421.735 419.403
23 384.000 397.843 394.607 395.013 396.672 400.457 391.593 395.798 392.233 393.012 393.504
24 371.000 396.863 397.882 408.728 424.823 395.801 409.931 409.270 392.421 371.721 385.302
25 417.000 351.868 344.490 357.157 367.963 349.946 359.246 349.142 359.974 355.709 331.801
26 425.000 424.848 433.810 397.722 404.925 437.069 412.614 421.413 392.798 396.383 420.526
27 350.000 307.770 313.001 302.048 300.354 307.692 315.308 309.678 305.960 312.261 312.386
28 444.000 408.872 419.109 407.844 415.970 400.696 413.068 408.367 402.259 415.700 410.295
29 379.000 386.983 385.430 390.017 383.884 389.936 361.029 373.830 381.056 362.938 361.998
30 400.000 418.508 421.932 419.442 418.157 420.423 423.075 417.008 419.858 418.733 418.604
31 378.000 374.480 369.719 374.072 382.461 364.447 363.331 381.834 365.392 393.989 373.566
32 364.000 389.054 377.679 376.185 381.099 385.083 377.028 361.979 393.238 383.659 381.376
33 360.000 351.295 352.440 355.800 348.759 354.531 364.898 351.684 356.347 346.565 350.597
34 382.000 378.208 395.247 376.092 361.850 390.191 385.370 389.756 385.420 408.119 377.731
35 527.000 557.213 516.725 559.093 559.187 530.249 565.971 492.375 535.618 529.702 499.399
36 408.000 401.799 400.254 401.955 402.192 400.501 401.876 402.571 406.014 402.408 408.221
37 421.000 361.701 360.670 356.379 359.915 363.376 372.057 361.370 361.797 356.712 364.064
38 346.000 333.968 344.773 347.339 351.556 334.731 350.334 339.154 344.110 347.377 338.335
39 478.000 543.450 543.776 531.132 543.856 539.482 534.135 529.138 553.913 551.166 542.101
40 420.000 446.636 445.603 414.555 407.089 428.333 409.483 415.445 427.426 429.579 438.042
41 430.000 448.813 448.066 457.549 452.978 455.677 448.181 451.589 446.554 449.799 452.927
42 623.000 581.478 582.387 574.242 579.877 568.417 574.013 571.256 570.648 567.781 571.641
43 457.000 434.797 432.755 438.994 446.867 429.397 430.987 426.725 440.574 441.510 443.502
44 424.000 465.413 417.587 424.882 435.829 428.477 419.621 427.419 418.902 431.090 435.128
45 456.000 449.556 430.136 438.626 414.162 433.674 446.504 453.792 437.334 434.701 450.574
46 411.000 403.904 400.268 397.437 400.638 397.612 400.586 401.103 398.066 396.751 401.992
47 413.000 443.106 430.621 445.054 439.231 451.078 452.840 425.588 435.368 436.117 439.484
48 332.000 333.717 327.198 338.669 322.094 327.215 326.690 321.352 328.572 334.017 328.092
49 489.000 490.436 483.127 476.441 470.010 476.260 473.008 486.362 499.735 481.604 490.156
50 425.000 385.129 420.536 396.324 387.595 418.811 415.193 424.434 425.185 416.837 415.052
51 359.000 349.299 355.256 365.028 366.555 356.571 352.272 359.510 369.045 367.080 352.583
52 418.000 415.565 415.809 415.378 421.588 414.311 419.574 420.436 417.107 415.705 416.979
53 325.000 329.570 331.646 329.309 328.968 325.999 327.654 334.222 332.958 332.606 334.083
54 447.000 434.664 443.257 429.470 447.162 435.830 443.126 461.064 429.712 441.710 434.483
55 464.000 478.610 491.081 469.234 459.119 467.465 463.155 479.549 466.351 474.563 465.897
56 431.000 426.278 428.819 415.921 420.677 427.687 413.848 420.802 419.203 425.570 413.747
57 332.000 363.979 360.298 383.838 369.518 378.749 373.371 347.365 374.435 363.216 385.383
58 329.000 428.231 398.661 399.728 408.698 408.130 399.876 406.376 396.273 404.708 410.513
59 315.000 312.676 318.181 313.002 324.392 319.885 315.192 306.020 313.031 316.210 317.640
60 396.000 408.882 402.770 407.640 402.289 403.028 406.171 402.605 405.157 405.907 401.500
61 390.000 392.516 392.783 384.805 387.514 388.310 391.061 391.657 379.021 390.526 391.989
62 423.000 436.752 446.777 427.621 461.488 440.850 453.344 451.507 442.475 438.724 421.574
63 430.000 445.486 451.055 443.665 444.497 436.664 444.925 432.721 435.116 435.705 422.547
64 429.000 429.392 432.736 420.982 436.704 426.977 421.067 425.664 424.679 424.232 424.099
65 467.000 437.322 440.704 432.179 438.721 442.234 429.948 447.827 462.004 435.990 441.432
66 602.000 529.119 544.905 520.077 519.135 555.308 534.760 499.811 508.542 537.721 536.269
67 461.000 450.749 450.707 443.758 450.379 452.581 453.444 465.288 442.891 446.024 441.837
68 342.000 334.172 340.917 337.726 341.780 338.192 339.544 337.540 344.516 337.918 341.224
69 545.000 472.580 504.847 483.816 485.480 484.635 474.735 505.976 488.489 481.074 494.817
70 415.000 411.182 418.849 410.882 413.609 415.594 413.880 420.597 418.837 415.353 414.595
71 365.000 351.532 362.004 355.194 364.981 351.621 350.077 366.039 371.683 353.537 340.026
72 429.000 438.423 413.666 417.619 430.121 437.845 439.681 454.396 419.917 435.449 440.885
73 336.000 335.362 335.528 335.925 334.221 335.608 333.916 327.843 336.651 331.001 337.333
74 302.000 320.151 312.752 326.591 328.445 319.327 315.308 333.142 320.275 336.103 312.138
75 426.000 440.070 438.925 439.716 438.799 436.202 439.733 440.924 440.804 448.011 440.721
76 364.000 354.878 348.514 346.706 359.684 369.165 358.525 356.654 352.567 370.241 380.032
77 451.000 431.682 428.820 427.957 435.583 424.139 427.683 426.808 428.054 429.434 425.110
78 573.000 593.000 599.137 579.834 589.218 584.320 590.505 586.979 570.603 567.141 571.641
79 447.000 439.406 437.627 440.136 441.913 439.810 438.628 439.023 438.287 438.264 439.263
80 322.000 331.314 331.716 327.976 329.919 326.364 324.862 323.528 330.718 325.668 338.434
81 586.000 585.251 584.053 588.284 591.291 599.024 596.491 582.994 584.436 587.571 590.716
82 459.000 443.709 439.158 433.578 429.043 449.934 444.755 441.677 429.788 414.592 444.075
83 405.000 409.541 401.472 411.435 407.313 404.800 405.655 413.688 408.080 404.311 411.103
84 434.000 427.499 429.441 428.164 425.859 430.097 432.092 431.242 424.657 423.303 428.053
85 441.000 422.911 438.407 438.415 440.144 444.139 448.820 434.847 434.627 436.588 429.502
86 403.000 410.286 408.305 409.333 409.359 410.447 409.259 410.516 409.095 407.740 408.016
87 450.000 423.934 434.241 428.765 429.691 427.645 431.965 432.806 436.169 432.100 439.864
88 372.000 347.935 362.642 345.786 351.692 360.247 367.203 372.842 356.093 356.244 362.881
89 400.000 430.845 376.027 450.727 444.866 420.392 456.723 433.127 414.002 453.126 400.267
90 545.000 549.705 529.132 517.566 515.335 532.919 534.195 541.904 521.192 552.494 538.876
91 411.000 388.341 370.521 402.083 387.023 382.487 411.283 399.793 401.457 394.865 388.086
92 344.000 350.193 349.493 340.804 346.062 346.790 344.427 346.750 353.744 342.317 356.283
93 502.000 539.760 516.221 516.410 503.415 517.251 543.120 518.476 518.600 486.396 523.130
94 401.000 384.277 441.254 437.698 435.242 432.596 440.060 393.826 437.701 434.473 439.566
95 407.000 404.120 395.700 403.605 402.526 406.226 404.979 399.034 399.954 389.642 404.610
96 444.000 449.449 436.666 435.855 434.514 440.974 443.448 441.974 443.477 435.426 439.997
97 321.000 325.765 318.675 327.614 320.172 325.841 314.837 318.199 316.097 317.818 320.640
98 584.000 597.083 578.885 605.045 588.015 589.712 590.746 585.808 589.521 579.448 588.220
99 480.000 547.752 540.233 547.474 534.481 535.457 531.604 513.176 536.980 543.082 561.782
100 510.000 451.663 460.488 496.553 472.774 475.749 459.049 444.031 459.145 451.625 471.228
101 408.000 406.323 379.454 377.582 399.270 410.607 381.408 398.685 392.665 398.266 383.190
102 323.000 321.063 326.443 319.452 323.856 323.129 323.506 310.541 322.441 318.851 325.582
103 438.000 457.855 461.080 440.706 462.594 451.925 455.442 454.315 439.384 461.552 436.122
104 417.000 419.182 422.076 420.216 425.421 426.650 423.007 425.227 421.521 421.278 420.071
105 429.000 425.542 436.541 432.513 423.139 421.335 424.532 428.588 418.326 431.283 435.024
106 434.000 435.306 434.101 436.349 438.128 436.639 440.769 439.600 437.713 431.706 438.831
107 442.000 427.254 427.941 423.682 436.847 427.611 435.532 434.491 437.236 433.860 439.437
108 410.000 413.576 408.414 410.522 411.741 411.480 410.458 410.068 410.989 409.635 411.118
109 335.000 404.145 403.810 394.726 397.237 397.802 399.185 389.570 395.607 384.788 410.074
110 515.000 525.262 520.455 528.073 515.599 508.639 533.662 534.878 529.143 530.697 539.740
111 400.000 400.506 392.973 390.352 399.065 392.591 400.063 400.542 402.101 402.420 401.534
112 429.000 425.130 439.892 430.446 431.412 436.901 424.985 430.530 435.438 434.525 433.788
113 432.000 433.336 433.914 454.519 463.139 445.124 464.563 444.461 460.019 435.211 472.773
114 335.000 324.900 328.895 325.383 330.437 328.647 335.120 327.736 329.033 330.060 328.977
115 395.000 386.874 389.835 393.310 389.664 386.676 395.867 390.813 381.222 387.564 388.379
116 341.000 369.131 378.449 348.803 359.520 368.672 377.796 354.729 363.788 361.649 368.893
117 425.000 423.043 423.428 424.924 421.445 421.921 424.727 420.468 420.246 419.084 422.359
118 351.000 362.543 348.418 343.139 357.110 343.936 365.245 358.633 355.776 362.803 371.534
119 315.000 315.439 306.747 315.530 312.285 307.792 316.687 317.367 308.394 308.940 309.208
120 320.000 329.562 331.930 324.068 335.603 347.544 335.846 333.483 333.554 335.450 341.369
121 588.000 570.015 557.825 577.783 569.568 578.781 581.356 573.505 575.813 556.450 552.992
122 469.000 462.953 478.850 472.358 472.885 471.934 459.047 482.352 467.519 458.375 465.220
123 321.000 350.066 348.185 363.195 349.661 349.901 339.474 341.468 347.381 342.789 350.051
124 310.000 366.925 376.333 342.639 342.871 347.421 338.841 362.099 349.460 373.870 353.796
125 362.000 321.147 314.202 312.606 308.808 315.111 313.405 322.815 311.417 314.491 314.023
126 332.000 378.168 374.808 359.914 366.918 382.302 376.135 372.601 368.798 380.667 370.097
127 307.000 354.663 340.010 360.919 333.087 341.730 358.740 347.351 337.925 348.793 330.496
128 400.000 400.924 398.712 395.840 400.704 401.374 396.634 399.275 401.244 400.249 397.839
129 490.000 431.075 449.758 444.348 439.532 461.942 441.846 428.476 439.690 442.497 463.162
130 354.000 362.529 345.600 362.987 362.517 361.290 349.023 344.707 348.213 355.055 344.445
131 326.000 330.751 333.819 331.101 341.174 336.097 335.272 330.714 325.897 334.046 338.073
132 326.000 341.794 340.491 349.743 338.999 333.694 338.871 336.713 337.455 332.427 339.547
133 409.000 413.842 414.051 411.985 411.816 416.516 411.663 409.697 414.697 412.260 409.283
134 562.000 449.936 467.212 460.430 457.640 470.168 447.478 463.651 445.847 453.999 461.161
135 332.000 374.876 372.155 380.967 378.020 365.046 372.614 377.617 362.359 350.931 371.167
136 472.000 437.500 450.640 436.944 443.866 450.139 458.513 420.735 447.132 433.458 420.202
137 405.000 414.461 421.922 416.947 411.040 417.824 413.726 418.704 419.934 414.370 412.279
138 394.000 400.601 399.565 403.535 394.447 400.433 409.171 406.198 404.700 404.976 406.753
139 324.000 329.099 336.898 333.112 329.137 328.340 329.653 331.402 326.842 330.970 329.930
140 555.000 555.345 567.070 548.186 554.039 556.880 525.144 551.935 542.845 554.867 557.687
141 324.000 316.738 326.086 324.998 322.380 321.495 327.598 316.907 324.036 315.419 318.425
142 422.000 424.144 426.922 436.217 423.100 427.253 423.824 427.701 431.584 426.338 425.752
143 429.000 402.222 401.522 408.273 414.597 412.844 407.055 402.792 403.574 408.469 400.402
144 314.000 315.217 303.081 316.041 320.167 327.764 315.477 319.036 317.545 334.657 313.294
145 445.000 441.048 448.842 425.007 434.844 418.372 444.283 433.843 437.465 432.815 456.202
146 420.000 416.227 433.197 425.256 427.432 431.921 433.728 429.589 435.998 422.606 430.519
147 350.000 345.163 348.287 346.891 343.246 337.283 333.027 331.981 346.325 344.365 340.490
148 381.000 385.726 381.157 381.097 382.689 386.693 379.719 374.035 357.930 387.265 360.591
149 340.000 345.545 375.682 372.942 364.267 372.949 375.060 352.261 376.999 352.176 363.616
150 462.000 493.378 487.405 507.452 495.595 489.706 506.720 497.408 463.973 485.101 466.159
151 545.000 546.205 535.960 549.473 542.715 534.744 542.842 540.283 536.924 526.565 532.740
152 401.000 396.137 384.539 371.543 396.932 390.711 399.508 400.578 388.390 400.959 361.665
153 450.000 463.011 462.169 457.997 453.684 465.992 450.813 460.102 455.958 453.818 463.051
154 495.000 552.336 549.414 546.256 561.036 540.464 555.912 550.272 547.878 553.177 557.988
155 415.000 443.403 430.013 436.628 434.705 445.060 445.222 450.002 448.695 442.608 440.013
156 580.000 568.673 586.019 580.453 564.528 577.653 581.918 578.945 564.861 585.390 595.030
157 412.000 390.379 402.538 402.574 395.834 395.344 396.495 395.930 396.252 398.510 400.308
158 446.000 492.738 475.554 484.981 467.918 470.168 491.018 488.535 488.670 486.716 502.387
159 330.000 321.728 330.908 333.148 324.568 332.219 337.029 318.339 329.150 318.235 317.376
160 325.000 324.065 331.465 325.891 305.704 334.253 325.851 328.835 340.292 301.768 322.738
161 316.000 335.226 334.858 322.623 333.564 335.725 347.943 333.767 339.863 330.098 330.564
162 408.000 406.553 395.230 397.974 405.449 396.617 402.111 404.393 400.063 403.016 401.149
163 428.000 405.968 409.154 401.088 395.121 399.178 402.733 398.815 397.500 410.547 402.146
164 396.000 461.895 437.096 429.099 425.335 446.807 435.239 420.196 450.106 446.551 426.837
165 385.000 337.940 350.656 340.901 353.870 347.149 349.216 346.352 342.757 351.347 340.556
166 335.000 332.657 331.156 328.986 333.385 329.820 335.063 335.237 333.043 332.035 333.030
167 339.000 331.879 330.013 333.753 329.472 330.858 338.573 338.680 334.126 337.509 327.964
168 419.000 418.162 427.620 413.623 399.665 442.475 420.916 424.734 409.866 417.367 416.921
169 321.000 304.624 296.768 299.184 308.117 306.626 306.479 306.159 306.576 317.219 307.392
170 419.000 421.021 414.949 420.441 421.788 412.257 413.407 413.783 419.625 419.672 419.934
171 423.000 417.303 414.923 420.436 423.326 422.256 421.370 423.221 422.805 421.439 426.166
172 416.000 419.582 424.455 413.854 416.761 415.407 414.323 420.946 408.347 418.018 414.641
173 434.000 410.501 420.096 414.393 417.789 414.356 410.623 414.187 416.630 410.284 406.499
174 329.000 350.943 335.259 355.858 345.308 351.257 328.147 354.305 351.719 333.690 350.037
175 450.000 431.847 436.505 438.666 428.855 435.746 448.181 441.710 436.706 439.333 437.695
176 333.000 327.778 326.662 329.555 326.378 325.664 330.796 326.954 331.014 325.433 323.529
177 420.000 436.702 416.335 398.430 379.362 382.515 386.178 375.537 413.424 400.750 402.445
178 315.000 326.266 328.856 328.585 327.197 326.539 335.492 323.604 333.432 327.670 326.552
179 349.000 351.192 349.788 359.503 343.218 355.198 352.930 354.284 353.043 350.669 341.908
180 431.000 397.929 389.553 407.262 394.527 368.242 403.893 377.788 394.666 398.393 409.526
181 407.000 412.881 411.658 412.083 411.618 414.583 415.894 415.460 416.346 408.041 412.221
182 424.000 415.261 416.258 419.403 413.016 419.733 420.842 422.584 422.592 419.629 415.619
183 425.000 418.787 422.469 426.225 419.388 417.416 418.121 425.801 422.013 427.972 425.269
184 588.000 570.154 585.758 585.428 595.753 604.207 594.087 587.137 591.412 586.928 576.095
185 332.000 327.509 315.896 310.372 322.524 321.171 327.073 318.299 328.242 327.912 328.474
186 379.000 407.333 406.427 400.198 386.128 409.752 405.336 422.324 419.029 404.346 369.673
187 586.000 580.986 582.507 583.226 581.992 596.269 592.487 592.168 577.205 588.259 585.702
188 528.000 544.708 520.443 556.708 566.664 540.188 532.687 547.073 567.220 534.545 536.465
189 425.000 450.370 443.068 453.785 452.800 459.003 438.122 447.921 443.291 440.949 442.024
190 398.000 397.046 385.901 388.762 397.935 396.201 407.386 404.909 382.963 393.060 392.314
191 492.000 500.121 490.647 509.935 487.704 486.169 483.932 500.606 486.333 516.456 479.826
192 395.000 401.546 402.916 399.539 402.839 403.777 401.430 408.495 404.296 411.149 401.201
193 503.000 458.447 451.738 445.001 439.061 455.568 441.702 437.923 459.888 447.967 445.666
194 402.000 417.456 417.220 419.416 414.247 419.042 415.135 422.061 418.169 418.279 418.257
195 316.000 329.225 316.651 313.216 313.878 320.218 316.205 317.239 314.760 328.530 313.712
196 537.000 412.416 420.165 391.056 430.251 428.383 416.266 412.488 383.699 411.717 401.155
197 426.000 417.777 415.996 423.950 420.568 418.603 417.540 415.615 419.037 425.508 429.108
198 414.000 448.220 436.666 444.701 443.717 441.902 443.448 441.633 437.751 443.409 443.958
199 460.000 549.013 550.627 544.964 528.477 538.227 520.293 528.310 575.570 517.111 550.215
200 438.000 453.659 448.330 452.092 434.309 447.792 442.125 446.778 439.538 444.833 445.222
201 418.000 421.486 425.603 435.021 418.290 422.685 426.524 412.475 425.398 421.171 427.613
202 432.000 362.247 409.012 383.232 375.020 380.003 387.093 383.870 354.993 365.771 394.017
203 422.000 431.686 440.696 431.636 425.510 443.656 438.879 429.621 435.599 436.897 431.190
204 450.000 430.435 437.544 418.068 416.907 450.506 434.685 427.452 453.939 430.206 438.870
205 362.000 364.606 355.180 355.211 354.491 368.157 357.971 369.101 356.350 350.177 340.026
206 500.000 456.418 466.759 441.376 474.580 479.375 509.682 462.349 500.146 472.991 446.455
207 361.000 360.615 374.061 362.929 373.395 358.229 362.190 369.977 388.332 368.618 358.384
208 439.000 436.732 438.545 442.078 419.429 432.348 440.489 421.337 426.450 433.693 415.198
209 382.000 368.923 388.723 376.627 380.934 373.504 345.897 398.299 370.827 395.908 361.608
210 446.000 419.616 441.862 435.554 431.907 434.651 438.122 435.964 435.999 431.651 420.892
211 420.000 437.790 428.820 442.198 435.583 435.912 433.859 432.671 433.803 433.367 425.110
212 420.000 418.537 412.416 416.971 423.307 418.519 419.405 415.230 417.577 421.230 427.824
213 488.000 384.081 375.521 393.274 373.686 406.026 406.311 414.225 397.041 366.830 405.562
214 395.000 403.360 400.326 395.244 403.774 399.764 401.836 404.992 395.756 402.295 396.033
215 399.000 390.570 398.412 394.733 388.669 397.735 400.389 395.082 387.509 392.625 399.539
216 356.000 342.977 338.630 338.756 342.559 336.598 335.933 335.612 342.051 338.736 338.476
217 440.000 430.229 423.702 419.947 421.077 431.029 430.736 426.955 429.683 432.770 430.010
218 342.000 334.621 344.084 350.131 328.881 348.107 339.687 339.097 350.335 324.856 342.685
219 535.000 564.757 559.289 566.022 564.567 544.538 550.118 600.778 532.937 527.626 559.718
220 525.000 495.489 507.028 486.487 510.071 499.429 496.755 494.130 503.618 486.643 475.982
221 526.000 517.458 523.617 512.739 523.874 532.981 514.578 524.145 518.000 520.579 514.496
222 318.000 321.658 322.938 321.171 325.667 319.411 326.557 315.088 324.311 320.143 319.588
223 518.000 509.295 491.302 495.249 523.169 510.316 515.944 530.235 508.494 511.715 511.767
224 366.000 360.761 356.334 363.089 354.873 363.969 364.147 362.672 357.274 368.896 364.138
225 349.000 357.133 352.089 349.989 343.076 347.561 345.815 359.944 354.083 356.081 344.317
226 396.000 402.408 403.528 401.836 405.647 403.435 405.195 404.436 403.723 405.192 410.504
227 380.000 368.585 359.463 355.950 377.705 379.643 360.180 361.568 372.485 362.410 356.572
228 375.000 367.707 372.465 375.972 375.530 361.405 382.115 367.880 365.125 361.141 369.847
229 455.000 471.129 456.530 467.748 472.601 476.704 438.232 463.398 447.179 460.775 454.579
230 428.000 451.482 447.704 461.883 458.491 463.671 451.747 487.606 459.620 464.004 461.408
231 334.000 326.180 330.073 323.431 336.709 326.112 328.847 323.233 330.336 332.176 322.278
232 337.000 344.714 327.539 328.802 337.787 342.523 340.098 338.051 340.014 335.647 327.482
233 418.000 421.638 417.130 410.163 411.071 418.742 424.072 416.912 418.870 421.727 419.257
234 310.000 322.618 336.826 323.838 339.421 329.073 335.395 324.692 357.450 320.467 318.370
235 395.000 402.554 404.269 401.786 400.099 402.617 400.586 402.885 401.706 402.331 400.331
236 450.000 431.817 418.733 432.141 453.203 415.116 425.356 402.836 449.766 392.290 423.953
237 368.000 366.068 367.780 371.971 363.158 364.058 368.682 361.451 364.590 365.998 362.901
238 468.000 449.298 463.481 449.072 450.218 439.973 431.306 438.124 453.683 447.259 446.969
239 305.000 311.418 314.163 309.861 333.596 317.840 322.435 322.663 307.087 329.681 330.452
240 303.000 320.613 330.831 337.653 337.727 327.271 323.431 335.631 361.708 347.657 331.672
241 316.000 311.216 306.802 307.345 308.995 309.074 308.140 309.030 310.676 303.105 310.957
242 360.000 345.587 363.091 369.958 360.906 339.252 393.263 383.885 364.654 351.069 379.665
243 466.000 462.301 450.695 446.479 469.312 447.563 447.940 443.485 445.737 463.947 444.805
244 422.000 471.956 462.731 482.165 445.428 459.237 469.753 478.626 472.409 477.592 453.933
245 418.000 406.560 400.528 421.727 418.301 401.546 401.759 394.160 403.689 403.859 400.358
246 409.000 421.021 422.754 415.075 417.933 417.332 420.824 415.373 422.821 416.804 419.849
247 326.000 329.340 334.435 330.126 324.499 328.852 323.905 322.586 337.214 329.096 335.093
248 328.000 320.144 337.502 341.539 342.584 334.475 334.392 329.362 328.442 329.603 336.100
249 369.000 378.051 400.563 403.537 411.852 412.793 414.647 401.105 403.991 406.924 401.217
250 346.000 329.088 335.129 335.661 332.244 331.327 331.801 335.989 340.936 331.401 335.952
251 407.000 410.548 409.687 410.796 409.224 415.226 408.213 417.002 415.412 410.051 414.387
252 414.000 439.822 442.864 436.383 455.604 446.315 452.146 450.815 425.472 427.360 440.208
253 501.000 494.675 497.064 495.392 492.960 495.956 516.078 494.244 506.894 516.421 466.791
254 421.000 422.455 413.352 420.215 418.897 424.238 417.955 420.774 418.857 416.804 419.911
255 316.000 323.568 320.767 319.754 323.602 330.607 320.084 329.944 317.898 319.047 312.243
256 328.000 320.028 320.626 313.595 316.100 311.468 311.805 318.655 316.907 313.752 315.928
257 445.000 492.537 409.137 486.407 429.833 481.343 504.968 494.981 494.745 492.034 502.246
258 371.000 386.151 401.729 387.730 400.509 388.133 404.174 373.266 361.074 382.527 389.762
259 484.000 447.770 437.903 429.870 454.135 443.600 425.770 437.402 438.368 434.044 450.796
260 418.000 415.704 421.659 416.276 413.832 427.841 423.565 420.492 419.973 418.891 421.813
261 371.000 381.563 364.867 372.924 380.616 366.312 371.899 378.896 369.043 368.868 371.745
262 331.000 323.745 326.972 328.313 326.755 325.854 325.122 322.881 325.565 327.903 326.250
263 586.000 529.876 527.917 515.639 535.595 533.769 550.803 526.717 531.494 551.646 528.918
264 434.000 440.101 430.794 454.545 436.564 455.408 432.307 430.704 444.754 431.406 435.497
265 412.000 434.124 430.936 431.354 435.700 434.097 428.255 439.985 438.540 429.320 430.539
266 483.000 443.298 409.156 444.493 420.991 440.785 440.430 433.486 405.277 430.730 422.255
267 393.000 396.126 395.201 387.914 394.935 399.044 411.736 391.754 382.718 384.500 405.663
268 386.000 393.466 387.393 400.962 393.238 392.520 396.996 384.529 391.920 395.313 396.874
269 344.000 440.034 371.875 402.539 410.386 409.763 405.811 435.747 422.513 399.972 387.930
270 392.000 358.830 345.994 355.447 351.249 343.596 346.929 346.413 343.784 344.981 362.616
271 460.000 426.259 423.405 432.852 431.298 434.284 430.569 421.422 429.957 422.639 449.173
272 321.000 317.165 321.117 324.640 316.174 319.937 321.059 325.977 318.450 315.754 317.397
273 311.000 343.054 335.872 339.100 334.556 333.338 333.907 349.449 340.383 335.948 379.003
274 391.000 371.536 348.745 363.030 332.166 372.076 364.648 365.333 375.772 362.641 360.374
275 431.000 423.897 399.010 407.235 437.622 432.975 407.058 414.466 409.822 431.408 441.266
276 357.000 348.506 353.962 353.255 343.994 351.474 349.601 345.952 356.020 352.285 348.466
277 414.000 431.093 454.643 445.257 457.401 459.704 446.821 457.174 442.311 433.982 455.218
278 452.000 433.827 435.616 435.930 442.267 438.780 437.882 442.785 431.682 429.696 435.281
279 437.000 420.173 434.373 442.816 447.255 434.323 432.935 436.510 437.266 410.276 457.383
280 315.000 307.467 308.216 308.699 309.402 310.623 310.630 307.609 312.251 307.868 310.290
281 435.000 471.021 473.515 447.573 440.807 446.019 434.711 432.165 484.368 454.740 435.210
282 448.000 468.309 464.993 441.926 453.416 455.502 457.758 464.693 458.450 457.811 461.754
283 416.000 427.630 435.634 425.071 427.595 423.833 428.033 427.717 426.530 424.516 423.196
284 328.000 330.516 326.666 321.981 319.458 319.889 325.869 323.009 325.870 321.624 330.053
285 390.000 400.308 404.425 399.646 399.215 402.087 404.661 400.551 405.456 407.784 404.539
286 310.000 308.279 305.571 318.070 324.441 315.739 306.353 320.876 320.164 310.851 313.262
287 365.000 372.702 371.458 353.124 363.978 369.831 365.243 367.445 369.954 368.924 371.324
288 402.000 415.021 412.336 412.083 418.442 414.062 429.133 410.699 410.151 415.642 412.616
289 372.000 404.644 410.829 411.549 424.426 397.581 402.971 403.316 415.521 412.189 407.039
290 428.000 441.064 428.134 464.532 449.769 424.210 439.954 459.043 445.241 445.441 444.521
291 267.000 421.090 407.244 387.454 408.418 392.349 377.884 407.245 404.108 435.120 402.812
292 330.000 335.379 336.510 332.125 335.757 332.272 333.311 343.646 329.312 329.140 338.376
293 598.000 584.663 592.772 593.171 592.732 589.976 594.954 593.024 586.589 598.120 599.986
294 392.000 367.236 376.621 358.860 356.539 365.816 364.289 392.380 342.916 362.311 353.183
295 430.000 505.944 511.305 487.337 508.074 501.674 498.854 512.610 502.006 499.584 503.805
296 340.000 387.718 407.196 392.695 397.969 393.688 411.603 388.815 394.143 371.163 385.675
297 312.000 334.592 345.423 326.196 329.232 353.893 337.116 335.260 331.306 345.352 335.852
298 327.000 327.868 320.181 332.739 327.853 372.893 337.379 322.133 336.244 332.275 362.294
299 342.000 361.701 369.680 367.038 381.018 371.142 374.127 367.037 369.758 377.277 367.084
300 417.000 415.350 424.597 427.848 422.100 423.806 424.982 420.421 424.100 430.345 427.924
301 318.000 322.340 319.269 320.432 320.156 322.445 319.380 315.390 319.238 319.430 320.749
302 329.000 320.452 323.537 321.925 320.623 317.134 325.640 322.809 320.758 325.859 326.801
303 339.000 371.982 353.732 344.729 342.570 340.227 353.614 359.813 363.808 351.865 360.299
304 334.000 332.569 334.783 335.925 334.183 338.314 333.714 325.438 332.844 332.803 333.349
305 346.000 353.949 341.763 355.578 344.270 341.736 352.171 346.143 337.791 349.034 354.486
306 420.000 426.037 413.737 419.249 422.868 424.202 416.487 423.777 428.177 419.191 421.529
307 371.000 385.827 383.859 376.873 382.574 367.172 378.230 366.931 378.295 375.882 384.393
308 560.000 583.627 578.347 588.631 575.418 579.064 583.968 573.473 579.462 576.145 592.096
309 512.000 517.599 499.407 490.182 500.890 484.773 500.115 477.222 494.041 507.326 501.261
310 410.000 405.183 409.496 415.184 418.195 407.975 405.184 411.696 408.298 423.527 419.616
311 473.000 460.003 452.873 448.400 454.045 462.978 461.284 459.450 452.162 458.360 465.389
312 427.000 432.360 428.751 437.530 428.187 436.394 431.891 427.359 432.848 440.444 431.021
313 326.000 355.508 364.519 366.179 360.462 347.400 390.444 380.580 365.109 355.811 408.418
314 405.000 407.279 403.557 394.371 396.140 419.412 401.384 413.168 410.447 389.772 404.458
315 442.000 456.223 474.945 466.393 471.896 459.556 454.341 447.968 466.530 455.454 481.722
316 330.000 324.900 332.328 325.383 330.437 331.206 327.891 338.287 331.187 327.943 331.662
317 328.000 350.295 322.196 331.033 331.415 387.262 337.879 334.313 318.070 328.150 330.591
318 436.000 423.161 425.831 419.947 430.666 420.391 428.782 424.099 428.246 417.881 432.401
319 410.000 420.284 420.135 416.085 416.800 420.745 423.039 419.219 420.941 416.778 417.415
320 462.000 464.597 463.998 467.330 476.630 463.781 458.163 473.950 458.082 472.160 469.448
321 471.000 462.263 454.422 451.804 451.628 450.710 451.458 452.834 456.341 454.488 449.027
322 427.000 434.104 424.026 428.253 426.218 426.973 435.193 427.643 428.816 433.301 428.579
323 464.000 451.621 455.487 446.499 453.697 450.574 450.977 451.217 451.368 447.670 455.746
324 446.000 459.819 454.872 457.570 449.905 453.184 454.395 458.920 453.297 461.952 453.772
325 583.000 592.460 592.794 589.296 599.532 586.654 579.644 586.960 585.867 589.296 566.777
326 562.000 519.584 517.153 500.790 494.770 513.790 497.627 496.789 492.780 485.803 505.888
327 313.000 314.971 313.432 314.504 316.614 312.234 313.410 310.910 308.843 314.258 315.154
328 422.000 424.110 427.093 423.303 421.527 425.377 426.658 414.239 410.971 434.856 405.906
329 382.000 369.268 377.361 385.633 371.503 384.551 372.685 366.766 380.463 377.174 383.575
330 398.000 401.724 383.891 409.546 421.171 408.629 438.111 384.822 412.089 402.395 402.325
331 371.000 390.238 403.320 410.461 406.929 407.272 410.847 413.282 403.190 402.514 410.095
332 414.000 410.287 412.096 408.371 411.170 411.591 410.710 409.158 407.543 410.226 410.442
333 440.000 445.178 449.039 416.733 447.657 460.602 448.038 456.063 463.979 441.831 452.379
334 599.000 587.524 593.317 593.810 588.783 591.802 573.838 581.987 580.066 584.581 594.518
335 353.000 337.847 338.612 341.586 338.505 342.877 340.209 338.664 337.316 340.951 334.967
336 404.000 455.435 489.341 480.273 490.612 479.507 477.797 472.895 462.449 450.118 460.377
337 406.000 402.087 405.966 399.945 403.846 409.903 399.788 402.258 403.724 412.171 412.371
338 324.000 342.977 342.092 340.921 344.220 343.479 344.525 342.875 344.713 337.340 342.646
339 337.000 342.247 343.620 339.320 344.620 343.075 341.126 345.489 344.516 341.827 339.698
340 395.000 416.616 414.219 419.414 412.458 415.353 413.764 411.909 406.875 409.607 418.858
341 407.000 415.477 406.296 414.409 409.543 403.689 408.811 405.814 411.858 397.706 412.617
342 330.000 368.048 369.974 369.413 370.666 372.771 386.233 374.531 379.576 371.391 372.021
343 417.000 436.745 447.438 423.744 443.479 440.739 448.858 435.274 438.825 441.892 439.868
344 395.000 400.281 401.699 403.088 399.164 401.853 404.170 402.159 402.549 402.295 400.463
345 503.000 381.808 396.601 398.552 398.879 394.363 395.132 390.341 391.043 388.627 391.295
346 448.000 431.662 425.790 436.112 424.406 432.088 425.484 431.341 440.676 438.036 412.791
347 363.000 343.527 335.964 350.391 346.590 340.504 366.030 350.804 326.551 340.196 351.144
348 386.000 389.766 387.519 390.893 390.961 381.073 386.498 376.285 374.673 370.288 375.066
349 330.000 335.788 334.656 329.823 333.385 330.868 335.840 335.962 328.546 330.502 332.339
350 488.000 428.213 442.961 432.944 382.669 418.230 407.409 466.192 407.820 405.906 410.473
351 479.000 465.069 488.811 463.748 457.366 464.836 474.111 474.013 468.825 467.330 462.398
352 338.000 320.156 334.431 323.085 320.296 336.159 348.466 320.740 346.102 333.589 329.009
353 456.000 463.910 458.911 466.768 445.476 465.023 464.318 453.001 458.227 467.008 457.295
354 418.000 410.313 433.149 424.473 414.277 430.013 426.315 431.574 417.324 415.697 416.022
355 322.000 326.884 333.127 328.035 323.189 330.617 327.267 325.680 329.281 322.909 325.096
356 321.000 311.516 298.967 308.389 309.270 309.106 309.404 304.735 313.701 313.202 319.658
357 335.000 345.474 382.638 368.234 389.583 366.892 351.727 363.638 384.608 375.095 355.854
358 394.000 401.767 403.646 402.935 403.010 401.255 405.526 402.633 404.845 391.072 404.811
359 398.000 441.299 493.622 460.807 463.531 437.899 475.738 453.221 455.171 474.180 453.163
360 421.000 414.465 413.177 412.281 408.806 398.365 422.539 404.490 408.064 407.362 404.185
361 364.000 372.237 362.875 352.110 362.076 359.168 359.947 379.854 353.915 373.505 352.053
362 322.000 314.897 329.417 321.281 316.894 323.787 318.654 312.099 317.077 326.851 323.365
363 446.000 470.302 461.934 468.834 469.112 465.848 473.238 465.242 478.601 466.654 474.486
364 340.000 326.633 328.772 322.887 325.547 325.999 330.315 326.726 324.913 324.056 328.591
365 340.000 360.470 355.911 364.354 382.515 374.635 359.118 359.744 369.944 354.868 357.150
366 452.000 420.821 438.636 434.306 465.464 439.191 440.973 430.057 443.077 449.560 451.599
367 367.000 367.217 353.913 366.261 368.048 362.598 371.132 355.129 366.156 367.610 356.058
368 425.000 415.584 431.888 438.996 427.051 430.650 446.087 436.547 432.240 437.803 436.289
369 399.000 373.038 365.895 373.770 373.345 375.263 365.258 376.108 377.072 359.420 375.169
370 420.000 419.089 419.572 414.798 414.779 411.151 416.610 412.506 418.170 418.965 414.342
371 526.000 550.007 533.137 548.679 558.015 555.893 552.645 556.094 546.481 543.436 553.873
372 343.000 352.270 341.747 357.331 346.167 341.234 377.198 349.032 374.992 368.054 364.243
373 420.000 417.555 416.337 419.807 431.755 405.180 417.375 409.375 406.662 411.191 429.337
374 403.000 381.434 374.131 372.824 405.184 401.704 401.573 400.812 385.017 402.046 385.927
375 495.000 519.340 523.837 498.717 526.465 498.708 523.431 513.184 528.557 502.140 513.533
376 564.000 492.831 477.580 510.905 485.999 487.365 505.587 492.747 483.863 511.177 477.053
377 420.000 501.065 522.704 489.569 521.893 517.092 537.264 458.923 497.799 483.313 500.659
378 414.000 413.854 416.931 420.805 426.672 422.634 412.247 422.003 407.108 410.255 420.252
379 328.000 311.650 321.237 317.635 316.239 321.518 315.562 311.343 317.135 326.464 313.947
380 546.000 479.335 476.058 465.474 517.542 471.183 489.426 471.986 474.332 464.795 476.485
381 323.000 322.728 320.998 319.645 318.668 321.608 315.723 321.545 324.603 318.938 318.129
382 413.000 413.426 417.546 416.475 417.402 419.042 416.179 414.187 419.134 418.037 414.723
383 360.000 426.267 418.113 410.305 415.386 417.198 397.008 404.620 406.675 416.606 427.011
384 411.000 406.456 406.380 396.918 392.161 399.113 402.398 390.637 393.173 392.041 414.422
385 346.000 339.063 365.065 356.215 339.184 352.662 348.335 341.628 349.442 359.112 344.975
386 449.000 451.621 455.487 446.499 455.032 454.230 453.927 461.499 453.689 456.458 455.746
387 389.000 373.682 367.866 359.974 372.108 368.733 366.224 374.896 373.643 359.544 347.800
388 340.000 356.481 354.313 365.477 361.427 355.695 358.126 346.102 356.743 352.325 341.218
389 343.000 335.591 336.091 337.774 342.083 346.338 337.761 336.626 344.539 335.000 342.115
390 404.000 406.175 408.023 409.214 409.821 409.900 407.620 407.660 411.208 405.644 412.344
391 451.000 451.910 449.561 445.613 449.626 454.536 454.512 452.723 455.101 450.632 458.424
392 359.000 351.927 348.312 329.424 343.637 365.420 361.623 350.397 350.751 370.277 352.084
393 410.000 422.571 415.911 419.915 423.094 416.387 424.517 425.998 421.859 421.474 428.073
394 340.000 346.416 338.991 341.527 337.716 338.723 340.733 348.927 339.748 341.421 353.571
395 504.000 519.497 511.382 512.401 496.547 490.785 499.059 501.267 512.496 522.743 530.977
396 546.000 546.668 534.702 522.813 528.076 552.229 554.024 540.424 551.089 542.144 546.615
397 392.000 359.209 360.475 384.624 391.654 400.459 389.589 399.220 392.709 387.151 371.219
398 413.000 428.594 426.905 425.699 421.274 421.300 420.823 422.794 418.593 420.272 424.973
399 325.000 368.824 358.022 361.246 345.314 348.180 347.114 334.057 339.200 330.255 338.878
400 297.000 308.950 306.899 306.045 314.819 309.144 313.474 312.264 308.426 304.702 304.150
401 397.000 396.562 389.775 393.911 400.327 394.692 395.681 391.379 389.679 395.696 393.858
402 428.000 443.472 417.827 435.816 432.788 436.311 439.576 432.955 433.545 423.458 429.211
403 440.000 420.064 437.239 445.017 448.925 446.468 426.667 441.362 433.435 428.027 435.888
404 604.000 587.389 589.137 592.522 579.299 575.551 572.146 585.233 574.484 582.981 590.194
405 442.000 410.806 431.520 418.131 420.951 418.612 406.391 397.445 417.502 400.877 422.828
406 462.000 463.972 464.042 461.936 463.514 462.984 462.794 467.370 474.740 464.609 460.783
407 491.000 495.619 473.519 477.203 479.516 472.136 489.373 492.982 473.917 487.090 463.775
408 495.000 461.364 464.998 453.445 458.915 459.381 458.697 454.075 456.423 468.185 484.890
409 394.000 365.170 362.327 357.549 366.510 365.586 360.349 351.625 375.069 358.113 363.616
410 320.000 383.005 373.496 402.151 381.546 386.820 383.513 378.642 383.707 381.818 382.969
411 445.000 431.716 441.862 438.506 421.003 431.406 433.305 471.155 430.104 436.987 419.705
412 350.000 334.549 336.289 346.256 331.398 347.661 349.698 349.692 339.140 342.955 351.852
413 332.000 323.495 328.734 321.156 326.661 329.067 330.827 320.303 326.451 326.374 331.003
414 411.000 425.800 441.035 438.376 434.870 433.454 432.766 438.565 431.425 440.489 443.076
415 341.000 360.699 369.349 367.877 387.680 384.517 354.780 386.713 380.145 364.482 372.108
416 452.000 465.162 459.987 466.655 457.826 470.163 473.865 462.277 465.162 465.176 474.102
417 398.000 405.964 406.303 405.827 407.656 395.036 408.735 405.159 397.997 388.909 399.996
418 357.000 336.914 340.403 341.914 340.736 341.458 338.700 338.825 336.496 338.744 341.703
419 410.000 441.952 443.538 430.457 445.931 436.164 434.716 445.705 439.311 432.225 434.207
420 411.000 401.062 408.364 417.224 385.237 409.082 404.994 360.430 402.305 387.112 402.395
421 316.000 316.463 311.860 324.474 313.441 317.017 303.108 311.123 312.310 314.581 316.714
422 454.000 425.429 430.213 424.868 421.772 421.736 429.202 419.913 420.724 425.093 427.956
423 492.000 536.974 526.459 527.608 529.647 528.031 529.001 533.861 521.510 540.374 532.298
424 405.000 407.766 407.669 405.356 409.995 406.384 407.855 399.844 404.214 412.710 412.617
425 357.000 374.212 365.632 355.336 358.041 367.810 372.625 370.888 365.573 367.164 361.825
426 424.000 423.537 418.483 415.796 420.703 417.440 421.504 416.399 418.476 416.778 419.057
427 335.000 341.412 339.702 338.864 330.006 339.756 338.599 330.195 316.158 325.806 328.625
428 438.000 427.960 446.768 427.114 422.892 434.094 445.377 423.524 434.050 440.051 418.402
429 525.000 380.574 366.890 369.809 395.494 357.450 385.418 396.562 385.089 378.377 377.934
430 331.000 392.314 397.443 374.366 398.931 404.333 413.819 415.728 400.322 383.648 408.382
431 431.000 423.425 419.307 422.375 418.341 425.149 423.491 421.501 417.457 417.014 425.438
432 591.000 513.072 578.491 486.710 568.977 518.768 526.769 512.166 521.107 563.384 521.337
433 414.000 399.850 408.396 409.701 393.255 401.535 397.013 397.982 402.636 397.893 407.327
434 388.000 379.531 397.204 394.854 390.801 387.061 400.711 388.542 396.636 387.936 389.463
435 585.000 560.407 580.216 578.135 576.660 572.210 571.646 558.329 541.927 587.460 578.445
436 398.000 399.520 400.326 400.220 398.226 405.697 402.462 405.452 402.322 400.066 402.225
437 441.000 430.939 427.631 392.121 402.506 427.209 426.258 415.296 417.281 382.454 388.816
438 309.000 314.370 300.814 305.346 304.624 311.153 306.794 304.171 307.542 305.930 305.834
439 518.000 518.836 521.431 523.665 517.679 535.932 513.404 534.736 504.236 541.940 527.256
440 416.000 419.782 426.210 425.409 420.261 426.241 420.494 426.106 424.920 425.471 425.434
441 412.000 417.497 412.290 416.851 417.672 416.558 420.665 413.488 415.847 406.682 414.450
442 385.000 434.294 427.426 472.632 439.084 453.747 453.878 459.339 434.554 454.342 435.463
443 325.000 326.769 326.854 324.906 325.298 329.255 328.489 325.969 329.236 334.203 335.046
444 325.000 345.247 329.323 331.646 343.255 315.398 320.064 323.509 345.632 328.081 328.427
445 328.000 331.195 335.750 332.990 331.086 332.345 331.122 328.827 331.891 325.958 331.150
446 397.000 400.456 397.051 399.662 395.067 394.153 397.719 398.367 393.442 394.692 399.836
447 407.000 390.780 403.326 389.428 390.996 397.760 395.450 388.352 391.928 388.741 395.324
448 491.000 440.651 454.391 435.442 456.933 413.103 441.679 441.395 457.472 448.313 452.002
449 328.000 313.834 322.155 313.245 322.510 321.877 314.161 324.297 320.981 315.047 327.383
450 430.000 425.849 428.398 435.255 431.794 431.191 423.889 421.897 428.806 445.065 442.193
451 413.000 423.533 419.352 430.562 426.034 437.442 435.467 429.958 421.790 403.198 426.188
452 364.000 388.913 369.838 379.190 393.317 368.804 371.888 365.626 389.359 383.972 379.103
453 404.000 405.088 399.450 405.511 414.223 408.033 400.530 404.957 405.698 408.067 406.275
454 431.000 446.220 428.368 463.993 451.725 450.275 454.188 443.298 452.869 450.351 452.420
455 461.000 425.237 436.932 432.526 428.123 440.434 443.440 429.508 431.697 427.995 438.461
456 346.000 369.463 368.330 368.898 384.555 377.787 369.011 364.016 366.819 370.397 365.924
457 461.000 452.148 454.216 457.781 455.205 456.480 450.306 457.287 452.981 452.685 452.535
458 446.000 455.095 453.652 459.693 448.890 449.958 451.185 458.389 454.365 452.891 457.145
459 334.000 325.241 327.264 325.226 320.592 323.107 328.959 324.822 324.722 324.923 327.467
460 368.000 371.503 367.250 366.447 381.018 381.778 374.127 363.648 363.697 358.104 364.064
461 421.000 372.460 421.528 410.440 424.137 392.722 394.838 413.406 379.385 431.668 379.507
462 536.000 561.973 560.523 556.862 540.974 550.599 574.153 571.005 559.883 544.202 574.014
463 399.000 410.307 423.135 410.689 425.754 415.609 417.772 419.865 427.336 418.354 421.595
464 584.000 571.896 593.660 589.691 577.972 588.805 580.014 588.963 590.198 587.564 584.893
465 592.000 549.197 554.830 547.967 584.868 539.267 591.072 584.696 550.880 550.944 549.170
466 450.000 459.664 454.896 459.204 448.554 452.116 453.489 453.624 454.227 453.941 448.331
467 359.000 346.902 348.364 334.613 350.299 359.337 338.140 342.283 343.434 353.385 357.149
468 325.000 326.371 321.990 314.542 316.710 322.196 311.186 317.173 316.196 314.475 316.146
469 315.000 373.374 342.184 355.899 363.866 346.108 352.426 350.590 376.241 355.698 337.352
470 411.000 388.307 383.923 383.509 358.035 375.590 361.779 366.936 379.008 378.381 379.487
471 548.000 530.188 536.281 543.009 533.647 532.363 521.307 532.581 538.647 523.760 534.828
472 450.000 435.500 442.681 432.645 436.091 437.397 441.599 440.605 445.952 447.997 439.748
473 310.000 345.922 342.614 339.094 339.981 334.651 333.113 348.486 335.241 340.501 340.669
474 362.000 356.220 356.751 357.211 344.922 340.114 358.712 364.705 348.978 353.401 335.998
475 322.000 317.977 320.338 322.495 325.933 322.644 326.289 323.081 316.642 325.859 316.476
476 396.000 400.829 411.342 401.980 398.365 393.359 399.888 406.072 408.026 403.679 407.639
477 408.000 395.245 403.730 404.633 401.420 405.112 401.942 399.832 406.875 400.457 410.031
478 540.000 532.622 543.765 516.365 526.941 528.661 528.137 536.909 529.625 505.959 530.686
479 399.000 405.189 404.866 406.095 400.862 402.114 403.473 401.862 400.353 407.717 411.397
480 448.000 451.942 450.525 464.047 458.193 454.849 451.911 445.210 463.458 454.092 447.024
481 460.000 397.442 409.222 413.636 408.970 400.473 398.325 414.829 408.806 405.822 394.678
482 331.000 331.831 331.685 324.705 342.876 327.900 328.810 334.083 327.880 335.464 331.884
483 448.000 430.681 432.304 430.872 428.831 431.130 432.733 434.852 433.410 426.450 436.525
484 444.000 435.306 432.354 436.349 440.134 434.846 438.857 434.480 437.465 436.554 437.518
485 336.000 342.405 339.106 341.671 333.862 347.426 349.479 345.042 340.237 344.963 343.286
486 502.000 436.763 427.697 442.524 439.284 458.769 443.966 423.798 433.348 442.793 431.513
487 409.000 440.137 455.547 443.331 433.372 452.209 456.692 448.021 448.313 451.661 442.481
488 405.000 409.899 412.165 412.233 416.314 413.020 407.666 416.888 412.575 408.896 412.221
489 555.000 563.373 560.857 551.364 556.071 550.750 556.537 553.024 546.073 562.075 562.895
490 427.000 425.675 425.951 425.272 423.023 424.903 435.193 427.289 428.816 424.786 427.942
491 452.000 453.930 448.598 449.201 426.903 442.764 440.952 448.902 449.459 444.501 448.898
492 329.000 334.050 324.842 326.823 327.442 338.172 325.011 336.908 322.740 329.760 323.682
493 491.000 448.872 463.498 441.996 445.003 470.707 449.572 472.665 483.736 466.647 474.797
494 440.000 463.821 459.338 453.026 450.012 448.464 458.237 488.538 449.983 449.039 457.071
495 363.000 349.101 377.728 364.997 357.211 374.432 371.346 363.074 368.062 377.540 376.142
496 432.000 445.780 449.023 446.436 441.550 451.036 435.233 435.762 439.979 452.699 422.646
497 514.000 516.349 506.862 507.042 507.349 501.606 495.694 504.502 528.253 499.566 513.932
498 536.000 553.961 565.970 565.708 569.798 571.890 572.695 575.034 558.835 558.308 569.737
499 462.000 455.438 450.837 457.385 449.448 445.357 445.973 449.578 444.090 439.725 435.909
500 510.000 501.149 500.552 523.941 516.105 502.846 534.159 524.229 531.046 507.453 539.988
501 357.000 379.488 387.406 364.444 389.455 365.561 379.461 376.427 388.758 380.775 369.708
502 418.000 413.669 411.474 415.732 417.068 418.634 418.691 419.103 418.439 420.749 411.958
503 406.000 467.687 452.964 470.083 454.470 460.278 478.145 458.797 458.517 466.153 477.469
504 464.000 436.105 444.328 438.563 420.857 433.424 451.604 435.615 462.457 447.954 429.887
505 400.000 399.280 403.092 401.801 400.568 401.265 399.873 400.251 400.532 400.708 397.306
506 400.000 318.929 314.991 309.697 320.631 315.573 310.874 312.001 309.481 317.406 312.673
507 333.000 334.415 336.856 400.133 359.512 349.855 335.829 351.778 344.845 353.650 336.420
508 452.000 429.026 436.078 432.434 445.179 418.723 435.258 427.368 432.681 430.364 437.260
509 586.000 560.692 560.061 552.155 547.989 566.546 535.904 538.772 561.157 546.366 563.144
510 461.000 435.710 434.919 441.798 432.203 435.395 434.714 442.923 437.796 434.874 434.644
511 606.000 579.284 585.911 570.744 568.830 582.732 580.374 577.120 588.307 580.354 577.992
512 338.000 397.688 412.590 437.265 387.582 396.175 396.633 397.792 390.168 383.115 396.281
513 368.000 373.673 378.977 385.750 387.478 382.824 373.764 374.173 379.417 371.206 382.697
514 442.000 437.203 446.691 448.336 437.078 443.294 437.216 442.130 435.750 439.631 438.240
515 417.000 421.025 432.946 424.090 431.919 419.266 432.241 424.328 418.970 420.744 424.537
516 328.000 325.871 320.217 320.046 323.924 325.779 330.952 322.581 325.404 322.895 319.469
517 477.000 490.590 468.848 473.905 466.008 461.853 468.250 476.877 481.251 466.629 484.073
518 350.000 336.030 328.644 324.805 329.996 326.760 320.738 332.437 332.144 323.698 329.804
519 421.000 408.224 415.630 419.366 417.645 414.452 412.934 417.747 417.107 416.201 414.973
520 592.000 551.472 550.292 548.717 558.025 557.703 543.827 564.996 553.018 550.678 566.778
521 422.000 448.656 450.026 436.870 439.770 442.656 448.858 443.012 443.477 443.047 439.997
522 473.000 471.504 470.042 467.423 477.889 468.740 474.081 449.654 459.011 475.551 475.335
523 567.000 563.228 571.339 568.911 570.213 583.641 557.914 546.692 531.663 565.368 564.075
524 425.000 455.901 443.391 450.439 449.186 446.609 450.307 444.184 443.436 451.135 441.415
525 429.000 427.112 429.355 432.288 421.998 424.377 418.621 438.144 431.251 432.012 428.655
526 351.000 338.279 342.495 341.565 335.610 337.804 338.814 334.861 339.946 337.630 338.252
527 416.000 433.280 415.495 413.022 417.633 411.933 420.846 416.736 412.264 408.753 419.228
528 354.000 330.307 338.084 332.895 335.876 331.933 333.803 329.276 333.940 337.688 329.040
529 524.000 540.788 529.864 528.679 541.240 526.879 533.045 536.009 532.214 527.544 529.529
530 334.000 345.929 351.867 346.009 353.842 346.588 345.957 350.116 343.587 335.815 345.223
531 462.000 445.437 447.664 450.579 448.826 446.790 448.144 448.717 450.943 448.388 435.909
532 477.000 446.988 445.609 449.115 443.334 459.172 441.529 452.285 459.426 449.912 441.307
533 528.000 548.799 533.078 529.523 506.498 537.724 563.358 528.778 539.674 553.447 534.340
534 335.000 329.077 334.439 342.798 337.994 345.258 344.690 337.119 326.176 345.423 323.375
535 323.000 311.401 314.628 316.481 311.877 306.970 317.670 326.059 311.260 318.123 309.410
536 412.000 443.466 449.248 446.274 451.203 443.556 443.781 444.841 451.459 440.629 443.415
537 551.000 567.465 571.296 548.717 566.469 569.529 548.226 559.031 559.144 550.774 561.579
538 406.000 401.487 398.169 400.387 400.472 401.660 397.974 403.390 391.944 404.035 394.429
539 502.000 505.343 514.797 498.339 523.167 489.084 519.239 521.702 487.490 514.812 498.383
540 415.000 410.287 410.243 409.897 409.652 410.177 407.499 408.639 410.989 407.741 409.790
541 336.000 330.403 327.085 327.308 330.278 328.165 327.160 329.367 327.331 327.943 332.551
542 312.000 317.718 321.076 317.870 318.806 322.824 322.054 322.617 321.618 324.323 324.146
543 330.000 325.593 330.892 324.656 326.063 334.458 326.953 322.408 332.000 327.585 330.832
544 508.000 382.053 392.115 385.805 381.508 379.315 399.018 379.280 372.320 357.907 374.957
545 588.000 573.327 555.460 544.489 558.132 566.217 557.969 571.433 550.987 557.013 571.204
546 410.000 421.701 423.099 425.717 430.454 430.759 434.008 421.390 434.859 425.687 426.066
547 540.000 542.063 540.875 545.487 544.652 543.863 535.652 548.240 531.706 531.381 529.440
548 362.000 347.467 368.152 368.422 365.693 364.993 360.389 367.429 363.042 363.180 360.911
549 404.000 400.055 402.305 395.342 404.953 401.126 399.848 399.030 397.617 403.263 396.720
550 370.000 364.102 357.114 364.850 362.355 363.008 351.583 370.231 364.840 357.986 359.051
551 482.000 409.081 403.209 404.974 393.059 405.202 420.285 414.379 405.616 410.422 404.613
552 398.000 400.295 401.832 399.503 397.580 402.617 402.069 399.530 397.165 401.243 400.374
553 466.000 423.113 430.162 456.414 432.787 441.413 434.691 427.472 441.261 416.127 433.964
554 405.000 410.890 409.448 409.010 412.913 412.107 409.376 413.074 415.188 412.004 412.449
555 576.000 552.948 541.013 549.926 557.281 565.802 522.443 552.711 559.157 545.834 533.302
556 457.000 419.721 419.947 411.113 413.430 416.078 416.874 421.255 417.727 419.349 420.519
557 478.000 460.208 454.785 460.742 458.467 461.510 459.827 454.736 457.389 452.719 452.527
558 431.000 458.689 448.893 437.411 450.621 462.252 457.324 444.633 445.406 455.885 451.433
559 411.000 366.636 352.875 353.507 372.369 364.255 366.169 353.154 349.697 368.086 348.021
560 409.000 417.743 413.795 417.122 415.797 414.983 418.886 414.212 411.906 409.812 417.284
561 375.000 373.849 384.671 384.771 359.416 361.966 358.772 361.565 356.325 378.426 364.712
562 400.000 401.639 376.752 449.698 438.264 431.935 420.087 416.604 415.334 428.951 421.113
563 331.000 319.552 319.321 310.547 320.606 321.672 320.193 315.769 324.043 320.770 321.691
564 412.000 424.232 432.441 417.530 432.125 417.265 426.812 417.772 425.986 424.004 428.802
565 485.000 465.729 470.389 472.181 483.925 474.190 468.791 472.201 464.443 464.055 461.061
566 407.000 427.299 425.086 423.842 429.473 426.356 425.572 426.772 423.340 426.455 427.924
567 405.000 386.743 402.372 395.536 405.349 391.821 400.513 401.235 403.032 394.900 406.001
568 406.000 403.626 395.610 402.292 400.357 402.859 401.037 400.554 397.571 401.766 406.375
569 342.000 354.654 335.703 348.142 343.504 344.872 348.111 341.559 346.048 350.936 340.931
570 321.000 329.439 329.977 333.847 330.196 345.398 329.189 327.711 321.958 330.664 318.901
571 361.000 391.648 405.032 375.368 402.638 392.763 382.918 377.957 399.424 394.375 370.833
572 387.000 383.839 393.954 390.047 382.884 389.027 382.923 386.957 396.570 381.750 387.613
573 323.000 318.416 320.641 325.293 325.965 317.076 322.642 321.415 328.518 321.789 319.698
574 390.000 403.737 389.391 393.470 401.162 407.427 413.493 392.567 400.743 402.375 408.620
575 440.000 495.465 487.808 472.583 447.809 465.101 455.403 482.821 458.157 454.071 454.556
576 332.000 330.038 332.123 358.125 344.415 341.990 341.046 326.610 334.064 328.467 343.573
577 456.000 454.123 467.844 464.353 463.930 477.534 458.822 467.130 466.896 455.303 466.838
578 488.000 398.083 400.168 421.606 384.358 409.166 405.417 429.615 402.435 409.769 383.465
579 332.000 334.532 330.651 330.346 340.175 325.662 332.492 350.519 346.434 343.716 327.211
580 316.000 321.908 317.039 308.519 308.381 313.215 315.795 313.708 326.910 319.766 339.296
581 459.000 423.698 449.899 431.577 433.941 442.447 445.442 450.721 457.311 444.013 440.976
582 335.000 326.331 337.838 330.053 319.837 330.266 325.343 320.952 324.370 333.848 334.008
583 332.000 329.145 325.216 322.126 337.238 330.843 343.511 326.933 332.675 331.744 330.060
584 459.000 468.327 463.238 469.819 469.112 467.996 476.194 466.712 463.083 463.957 460.783
585 396.000 432.124 422.763 398.838 408.234 395.316 403.669 391.377 415.268 396.355 395.737
586 489.000 486.706 496.772 486.307 482.562 486.247 487.708 486.699 481.441 491.589 500.757
587 417.000 417.644 414.118 418.053 420.348 416.042 417.040 414.781 419.026 417.435 425.411
588 404.000 403.476 400.979 402.992 405.923 402.617 404.126 401.103 409.139 401.081 408.542
589 400.000 420.976 411.219 421.886 419.588 422.033 417.101 418.966 417.338 422.921 413.439
590 357.000 361.174 350.722 346.668 366.077 360.428 352.100 361.172 357.293 360.303 353.804
591 437.000 409.814 432.607 454.537 404.845 438.583 446.476 405.882 421.147 435.393 383.708
592 542.000 533.650 533.405 538.054 535.391 541.405 545.456 526.210 528.277 532.098 536.272
593 419.000 421.192 424.041 424.934 421.198 422.558 425.669 423.493 427.154 426.174 428.308
594 350.000 350.694 367.666 362.525 363.408 353.078 359.885 372.141 362.503 359.958 366.194
595 424.000 431.614 439.947 449.648 436.158 443.447 443.400 442.521 443.231 439.715 445.198
596 443.000 438.568 407.479 419.971 405.781 400.542 418.344 445.942 401.003 402.297 420.777
597 439.000 432.208 438.072 421.686 430.666 422.889 439.389 441.418 434.844 434.350 428.767
598 324.000 318.684 318.451 319.681 323.760 321.756 321.143 319.108 329.059 324.910 326.696
599 311.000 298.547 310.647 320.649 313.428 313.117 307.797 322.622 308.598 312.742 312.828
600 331.000 327.976 322.697 330.073 328.460 328.210 328.071 329.975 329.712 324.673 324.866
601 428.000 403.420 407.034 402.964 415.071 411.549 401.090 409.958 412.664 403.244 398.221
602 400.000 417.585 429.274 413.924 429.214 431.034 418.882 426.099 422.116 420.424 424.180
603 309.000 303.605 303.612 302.867 306.941 291.862 306.188 302.579 302.098 306.606 296.701
604 375.000 349.134 359.294 350.711 357.971 363.078 361.254 354.798 363.061 362.127 361.073
605 450.000 434.976 426.650 440.924 437.855 442.875 433.456 438.875 438.000 434.956 427.727
606 388.000 398.576 398.354 398.837 402.872 398.469 400.025 398.308 398.652 391.597 408.370
607 323.000 418.319 373.962 423.121 411.180 388.373 389.950 396.669 359.644 361.172 424.876
608 448.000 432.891 436.666 434.769 438.909 435.395 438.939 439.657 431.732 435.426 432.678
609 372.000 381.246 375.246 379.115 375.938 385.145 368.600 369.785 389.918 376.562 382.052
610 328.000 338.174 333.096 343.469 331.478 324.168 343.444 337.255 344.390 341.370 343.296
611 460.000 494.325 477.646 468.627 455.805 480.265 455.597 488.754 471.116 475.745 461.931
612 504.000 524.953 507.892 506.457 498.675 493.815 522.216 526.481 509.725 535.077 530.075
613 433.000 448.217 442.248 437.695 441.987 447.604 440.584 426.187 428.457 439.617 430.633
614 564.000 566.269 567.628 596.595 588.280 576.774 576.983 585.250 586.422 573.438 567.380
615 439.000 371.760 402.155 382.034 399.872 378.609 381.616 402.407 359.612 382.079 387.682
616 440.000 434.639 457.556 439.820 439.172 433.179 437.196 433.820 439.584 452.933 428.912
617 484.000 476.201 471.267 475.286 477.580 461.592 469.455 474.594 476.366 464.519 480.064
618 396.000 402.333 395.675 398.814 400.971 403.533 398.314 398.234 402.044 395.107 403.319
619 435.000 421.192 419.985 422.346 420.440 422.558 424.929 422.822 424.776 421.383 419.160
620 397.000 403.491 389.044 395.749 382.732 412.336 424.019 395.024 374.912 388.501 387.951
621 420.000 434.793 444.348 438.949 421.758 437.279 436.595 433.542 443.810 440.920 433.384
622 408.000 444.610 448.487 446.841 447.192 457.995 445.341 448.892 457.392 434.357 438.081
623 437.000 429.434 440.743 435.409 434.995 435.950 438.508 436.401 427.228 439.341 434.999
624 406.000 411.700 406.524 393.795 393.916 400.167 392.873 395.272 396.656 381.164 398.602
625 393.000 404.023 430.693 430.440 427.701 413.606 439.763 431.463 425.455 423.391 419.415
626 452.000 458.401 440.926 443.105 432.188 441.136 437.070 451.711 448.952 426.610 425.597
627 466.000 443.425 439.379 438.366 438.339 431.979 448.913 441.266 417.330 433.695 447.233
628 410.000 420.268 451.434 415.922 444.537 430.944 436.393 441.907 401.445 433.714 399.932
629 447.000 441.968 441.366 439.374 436.424 439.824 443.613 444.088 437.573 442.141 443.881
630 487.000 443.936 436.764 434.593 444.100 428.176 440.880 433.504 444.657 440.319 446.813
631 420.000 445.644 438.897 438.467 448.136 446.428 443.919 429.474 437.805 429.572 438.340
632 565.000 566.249 576.655 568.335 576.901 576.835 579.271 581.011 597.997 574.165 568.353
633 309.000 319.337 314.855 313.136 315.002 317.470 312.939 310.533 314.313 312.243 321.000
634 437.000 439.365 448.810 446.430 431.107 436.942 428.334 428.415 444.424 438.454 427.255
635 481.000 473.025 461.415 468.557 459.713 459.194 466.563 465.254 467.333 456.714 469.145
636 390.000 405.138 399.606 409.985 403.595 398.476 398.604 412.418 408.015 395.254 400.655
637 329.000 340.492 337.829 337.678 342.570 341.721 341.721 339.447 343.514 342.936 341.169
638 349.000 339.158 341.855 336.096 339.325 336.183 342.363 341.094 335.984 341.245 342.721
639 336.000 339.551 337.111 343.161 342.083 338.082 342.595 339.681 342.119 333.595 340.472
640 550.000 465.455 459.020 496.957 479.901 445.044 478.655 462.621 462.440 490.943 460.448
641 315.000 310.242 307.004 310.644 313.021 306.723 308.160 310.294 310.422 308.634 316.887
642 420.000 413.677 428.600 435.368 426.083 421.577 428.654 428.703 418.176 415.088 405.121
643 466.000 452.748 459.121 461.536 464.520 465.330 457.966 454.389 464.156 444.208 454.613
644 315.000 327.201 312.427 328.173 325.588 339.545 334.652 342.188 324.476 343.664 330.658
645 345.000 312.764 332.636 312.448 338.042 337.545 322.443 362.830 320.591 313.792 326.997
646 451.000 425.601 429.336 433.383 415.382 405.078 418.055 417.227 437.277 415.991 433.720
647 337.000 347.532 356.807 390.681 360.749 357.073 367.365 357.389 327.204 372.708 383.864
648 439.000 420.480 434.802 429.268 433.975 425.199 411.152 432.880 435.717 431.331 409.402
649 330.000 318.309 320.778 320.007 317.494 321.522 315.681 318.798 315.303 318.037 316.928
650 538.000 533.532 545.492 531.429 536.556 533.057 519.434 541.890 530.906 533.046 527.752
651 326.000 356.121 369.757 351.454 349.869 350.007 384.899 380.046 381.896 353.854 353.009
652 392.000 412.329 413.131 407.472 420.886 415.245 414.905 415.097 412.446 413.490 418.187
653 366.000 369.343 370.212 381.091 386.425 378.894 373.342 380.742 374.064 371.728 376.481
654 318.000 368.495 335.462 324.245 343.583 327.824 330.628 328.456 346.723 344.633 337.107
655 561.000 509.174 503.985 512.447 516.854 527.744 556.283 515.254 509.252 506.464 502.605
656 436.000 455.082 451.600 443.829 457.325 437.997 458.563 471.580 463.284 435.820 454.128
657 463.000 455.466 452.704 458.761 462.601 463.870 452.741 430.526 459.590 447.734 470.977
658 348.000 334.103 331.047 334.524 336.338 337.153 334.992 336.089 336.478 333.002 334.274
659 313.000 326.421 329.562 332.854 335.041 334.109 328.716 323.947 329.361 331.913 335.683
660 451.000 453.921 420.922 415.569 449.097 458.298 435.366 437.497 455.824 435.789 419.203
661 384.000 380.235 377.816 387.061 375.059 381.781 381.214 375.474 395.923 392.553 390.148
662 459.000 441.295 446.731 447.230 431.679 439.039 452.241 445.300 443.636 445.139 431.710
663 421.000 396.074 367.878 373.905 380.600 372.551 374.980 343.947 365.159 363.149 390.113
664 481.000 451.826 448.629 449.503 453.243 449.206 447.785 459.810 445.717 449.045 450.248
665 320.000 339.619 329.870 338.384 347.338 341.494 333.605 338.344 341.368 345.710 337.902
666 310.000 371.138 452.935 397.860 363.195 431.420 408.425 408.712 446.521 440.387 439.747
667 402.000 414.398 414.558 412.899 412.438 411.019 412.453 411.088 405.956 410.616 409.790
668 530.000 451.857 409.137 448.966 429.833 459.303 440.725 415.924 454.466 441.343 433.025
669 583.000 526.465 571.847 549.737 566.226 549.141 563.395 564.572 577.709 554.934 547.336
670 421.000 424.461 420.638 425.076 421.281 418.959 424.875 423.765 426.684 418.599 426.721
671 415.000 413.353 423.370 416.694 417.633 411.800 421.257 415.461 419.457 408.753 418.807
672 387.000 402.826 401.631 404.826 396.862 401.542 416.708 398.687 397.281 406.612 402.547
673 584.000 512.148 568.756 567.932 522.222 525.780 575.940 555.638 508.723 560.691 548.694
674 307.000 329.191 320.644 318.371 333.499 323.802 327.070 324.726 325.999 334.003 325.317
675 424.000 414.735 425.699 424.553 419.764 422.018 424.039 421.977 419.657 420.471 415.235
676 449.000 421.003 434.322 431.062 431.962 432.028 441.942 434.825 434.819 427.833 430.209
677 610.000 503.602 510.443 498.124 490.240 489.957 505.668 493.976 486.725 489.957 498.792
678 505.000 498.049 501.625 522.355 528.004 516.947 515.509 494.093 516.405 509.317 508.968
679 408.000 405.562 400.665 401.577 402.146 402.225 403.034 396.735 401.709 396.504 400.024
680 377.000 330.567 337.460 353.254 380.875 364.146 362.907 362.408 381.112 338.859 361.082
681 502.000 458.931 451.996 425.489 461.130 428.756 443.363 479.539 422.230 453.983 434.733
682 319.000 332.786 312.424 333.260 339.831 382.901 329.047 344.119 342.037 324.533 323.872
683 394.000 402.884 399.097 405.566 403.075 401.485 403.034 403.323 402.071 404.161 399.489
684 290.000 341.399 342.882 348.732 341.506 338.132 338.488 333.460 349.300 340.699 349.136
685 407.000 400.949 409.852 401.409 406.719 405.112 406.595 406.011 409.874 406.691 404.021
686 444.000 433.095 427.804 430.352 430.658 427.164 426.559 432.672 437.797 431.935 430.962
687 322.000 319.401 317.226 328.297 322.889 321.609 324.009 318.135 317.030 326.648 328.629
688 331.000 325.758 329.806 327.881 323.161 328.028 331.384 313.536 332.751 326.514 323.364
689 402.000 362.523 372.995 379.728 359.853 379.959 351.366 373.754 378.462 370.221 378.789
690 320.000 338.756 326.957 339.820 328.528 340.298 329.587 320.833 320.112 340.289 338.707
691 386.000 361.889 369.045 370.623 358.622 368.178 372.641 354.932 366.848 365.966 370.523
692 364.000 406.563 421.240 422.784 420.496 421.474 414.959 417.117 430.701 418.724 425.734
693 328.000 325.340 331.964 317.177 327.625 325.067 322.057 326.535 325.167 322.299 325.619
694 312.000 328.955 322.994 310.557 310.431 324.133 322.070 324.767 328.301 312.724 318.267
695 378.000 363.401 374.048 372.024 372.057 387.567 387.328 366.689 379.143 362.433 365.063
696 331.000 335.291 340.394 338.358 339.499 341.025 337.644 336.811 336.724 335.849 342.397
697 330.000 324.247 322.365 328.199 326.140 345.176 323.752 336.921 331.046 325.684 324.351
698 451.000 429.749 442.368 432.078 434.337 429.476 441.642 429.746 429.593 432.492 422.794
699 313.000 391.683 391.584 407.033 372.508 399.524 404.838 395.551 410.959 362.867 404.963
700 408.000 403.849 398.147 401.863 405.704 399.059 401.177 412.839 400.952 409.276 404.271
701 440.000 423.827 436.231 437.935 443.166 431.006 452.168 433.981 417.782 422.006 434.563
702 375.000 372.938 376.032 376.440 382.016 379.827 368.990 384.312 375.268 370.896 377.038
703 462.000 495.357 478.346 458.842 468.672 467.364 457.100 472.399 472.348 467.550 453.072
704 450.000 433.649 432.922 431.177 433.804 438.357 438.284 432.266 438.124 438.366 422.547
705 417.000 411.906 414.188 414.687 418.714 411.056 412.380 415.136 414.754 404.145 411.575
706 452.000 437.360 430.201 428.423 432.944 436.609 437.555 435.823 435.838 436.244 436.457
707 526.000 544.533 536.865 529.047 527.097 535.553 521.231 544.683 541.780 535.112 548.902
708 460.000 442.181 430.662 429.795 428.700 434.012 444.949 449.493 431.565 434.060 452.721
709 428.000 423.060 427.552 429.117 422.754 431.883 427.349 425.105 424.251 428.656 430.860
710 310.000 363.247 406.188 375.895 379.829 383.721 374.718 398.121 387.471 381.727 399.213
711 412.000 404.775 411.663 405.317 405.426 402.390 408.905 396.941 406.645 409.860 405.294
712 320.000 326.085 318.038 322.839 320.431 317.371 322.685 318.088 320.088 318.048 321.882
713 468.000 463.829 466.548 468.557 468.745 475.274 463.790 468.384 474.212 455.536 469.123
714 316.000 320.417 322.136 314.125 320.521 314.901 321.373 318.262 315.619 320.500 325.904
715 602.000 594.136 601.503 602.795 594.483 587.231 586.011 593.916 584.604 589.253 592.908
716 328.000 337.735 342.937 324.665 346.429 337.832 349.152 353.319 344.590 366.695 347.855
717 579.000 513.484 519.622 516.861 538.139 542.982 513.191 524.976 523.445 532.224 546.084
718 354.000 349.916 341.759 341.163 346.140 355.638 349.668 351.679 343.163 348.501 351.848
