data_index Htime.observed Htime.predicted.repeat1 Htime.predicted.repeat2 Htime.predicted.repeat3 Htime.predicted.repeat4 Htime.predicted.repeat5 Htime.predicted.repeat6 Htime.predicted.repeat7 Htime.predicted.repeat8 Htime.predicted.repeat9 Htime.predicted.repeat10
1 4.857 4.255 4.511 4.453 4.699 4.560 4.609 4.360 4.465 4.714 4.475
2 2.679 3.836 4.028 3.895 3.958 3.704 4.000 3.791 3.959 3.939 3.890
3 4.721 3.695 3.869 3.972 3.798 4.110 3.924 3.860 3.888 3.894 4.038
4 4.999 6.228 6.458 6.190 6.319 6.325 6.301 6.345 6.288 5.913 6.330
5 2.954 5.667 5.790 5.693 5.678 5.701 5.625 5.530 5.631 5.545 5.535
6 4.732 4.546 4.541 4.181 4.778 4.708 4.567 4.663 4.309 4.444 4.623
7 2.542 3.413 3.358 3.435 3.229 3.423 3.593 3.373 3.275 3.421 3.673
8 4.437 5.265 4.824 4.900 4.963 5.179 4.991 4.865 5.094 4.995 4.806
9 4.511 5.007 5.277 5.036 4.908 4.763 4.740 4.931 4.965 4.812 4.599
10 4.561 4.514 4.470 4.439 4.461 4.600 4.687 4.564 4.480 4.660 4.558
11 4.515 2.871 4.477 2.447 2.720 2.743 2.922 2.622 2.857 3.823 2.655
12 6.033 5.534 5.478 5.506 5.616 5.664 5.585 5.561 5.502 5.697 5.226
13 4.401 4.980 4.872 4.928 5.012 4.900 4.748 4.760 4.749 4.906 5.028
14 4.565 4.586 4.435 4.496 4.493 4.552 4.371 4.477 4.535 4.139 4.213
15 4.500 2.945 3.178 3.191 3.062 3.399 3.350 3.131 3.344 3.174 3.523
16 4.459 4.803 4.876 4.692 4.636 4.805 4.730 4.500 4.496 4.934 4.752
17 4.782 5.467 5.384 5.564 5.452 5.507 5.656 5.507 5.469 5.284 5.460
18 6.644 3.810 4.216 3.129 3.437 3.025 3.457 4.210 3.332 2.841 3.641
19 4.008 3.853 4.100 3.758 3.795 3.744 3.740 4.097 3.601 3.738 4.054
20 5.749 4.589 4.740 5.105 5.097 4.797 4.924 4.702 4.757 4.917 4.841
21 2.954 3.811 3.868 4.007 3.832 3.888 3.909 3.849 3.970 3.884 3.726
22 4.724 4.572 4.637 4.739 4.551 4.383 4.558 4.518 4.600 4.559 4.653
23 4.861 2.819 3.554 3.117 3.452 3.424 3.033 3.352 3.303 3.058 3.525
24 9.159 6.259 6.312 6.337 6.221 6.251 6.186 6.595 6.370 6.255 6.007
25 2.824 3.194 3.061 3.093 3.532 3.213 3.257 3.191 3.209 3.062 2.744
26 2.235 3.166 3.570 3.575 3.136 3.179 3.589 3.549 3.196 3.042 3.388
27 3.787 3.804 3.824 3.770 3.893 3.920 4.040 3.815 3.812 4.085 3.760
28 -0.165 1.653 1.672 1.998 2.172 1.442 1.448 1.583 1.590 1.970 1.661
29 4.365 2.612 2.633 3.255 3.059 3.305 3.084 2.867 2.831 2.621 3.137
30 6.982 5.510 5.075 5.822 5.429 5.657 5.470 5.531 5.392 5.725 5.612
31 5.556 5.413 5.219 5.446 5.407 5.415 5.344 5.424 5.349 5.425 5.337
32 4.605 4.297 4.119 3.925 4.250 4.264 4.162 3.938 4.180 4.269 4.328
33 2.381 3.242 3.364 3.132 3.324 3.292 3.206 3.263 3.269 3.277 3.356
34 5.016 4.174 4.204 4.416 3.904 4.002 4.176 4.198 4.125 3.897 4.221
35 0.255 3.577 3.486 3.401 3.125 3.684 3.616 3.333 3.294 3.343 3.842
36 5.937 5.818 5.728 5.604 5.669 5.744 5.481 5.284 5.698 5.714 6.137
37 1.196 2.902 3.244 2.824 2.959 2.841 3.458 2.959 2.641 3.466 2.784
38 2.475 1.070 0.627 1.837 0.684 0.893 1.359 0.810 0.694 0.808 1.545
39 3.525 4.270 4.426 4.398 4.670 4.442 4.354 4.342 4.386 4.472 4.318
40 6.946 5.766 5.843 5.844 6.097 6.182 5.891 6.231 5.976 6.227 5.600
41 6.519 6.113 6.140 5.977 5.805 5.994 6.386 6.109 6.297 6.158 6.086
42 2.001 2.841 2.878 3.062 2.682 3.367 3.368 3.055 2.932 3.270 3.217
43 6.167 6.033 6.366 6.361 6.007 5.915 6.353 5.761 6.304 6.038 6.115
44 4.459 4.098 4.061 4.059 4.044 4.096 3.908 4.152 4.374 3.616 4.014
45 4.673 4.640 4.752 4.698 4.596 4.795 4.505 4.683 4.583 4.657 4.540
46 5.617 5.236 5.183 5.460 5.197 5.228 5.381 5.302 5.446 5.495 5.290
47 1.358 3.171 3.305 3.465 3.509 3.105 3.453 3.119 3.339 3.364 2.900
48 4.228 4.883 4.790 4.484 4.914 4.738 4.746 4.374 4.864 4.542 4.364
49 4.475 5.185 5.121 5.211 5.352 5.322 4.853 5.071 5.092 5.159 5.137
50 2.682 3.265 3.094 3.135 3.443 2.789 3.047 2.887 3.106 3.021 2.991
51 4.297 4.049 4.113 4.029 4.194 4.124 4.175 4.168 4.108 4.198 4.131
52 4.702 3.774 4.101 4.096 3.845 3.856 4.069 3.758 4.099 3.845 4.188
53 4.804 4.218 4.091 4.096 4.296 4.097 4.057 4.256 4.065 4.334 3.959
54 4.741 4.577 4.556 4.618 4.601 4.617 4.569 4.683 4.626 4.617 4.602
55 6.083 3.282 3.247 3.534 3.261 3.316 3.477 3.285 3.719 3.732 3.427
56 4.401 4.147 3.803 4.153 4.040 4.156 4.302 4.087 4.046 4.201 4.254
57 6.101 4.572 4.680 4.607 4.562 4.735 4.644 4.684 4.494 4.611 4.497
58 3.561 3.197 3.501 3.675 3.501 3.190 3.254 3.967 3.104 3.592 3.294
59 4.376 3.971 4.182 4.023 4.230 4.235 4.164 4.433 4.051 4.186 4.193
60 7.960 6.248 6.277 6.194 6.260 6.161 6.259 6.057 5.880 6.202 6.391
61 2.475 4.069 4.016 4.116 4.296 4.117 4.126 3.970 4.101 4.069 4.063
62 4.183 2.898 2.826 2.655 2.906 2.513 2.711 2.486 2.566 3.018 2.501
63 2.857 3.086 3.005 3.260 2.929 3.093 3.002 2.901 2.985 3.023 3.052
64 0.776 0.820 1.309 1.846 2.093 1.099 0.995 0.921 0.829 0.792 0.865
65 6.190 5.303 5.227 5.251 5.112 5.123 5.296 4.818 5.176 5.264 5.099
66 5.520 5.096 4.963 5.089 5.031 5.185 4.850 5.099 4.883 4.896 5.071
67 4.613 4.562 4.570 4.464 4.797 4.681 4.640 4.709 4.803 4.430 4.556
68 0.670 2.152 2.369 1.785 1.945 1.686 2.424 2.429 2.473 2.317 2.076
69 6.056 5.151 5.291 5.154 5.108 5.029 5.182 5.291 5.162 5.188 5.077
70 4.598 4.887 5.130 5.187 5.100 5.138 5.098 5.130 5.013 5.137 5.093
71 5.317 5.838 5.982 5.830 5.997 5.983 5.970 5.675 6.255 5.977 6.050
72 4.635 5.030 5.154 5.410 5.143 5.325 5.351 5.164 5.526 5.184 5.276
73 4.529 4.773 5.084 4.972 4.665 5.004 5.240 5.170 4.982 4.897 4.734
74 5.700 5.304 5.537 5.349 5.853 5.306 5.425 5.593 5.168 5.276 5.960
75 0.325 3.855 3.708 3.615 3.622 3.677 3.686 3.696 3.493 3.516 3.375
76 3.984 3.449 3.707 3.653 3.423 3.634 3.671 3.669 3.554 3.660 4.243
77 2.208 2.768 2.775 2.920 3.004 3.255 2.821 2.899 2.990 2.900 2.958
78 1.653 4.272 4.240 4.339 4.312 4.342 4.322 4.323 4.368 4.344 4.320
79 0.088 3.619 4.371 4.101 3.607 3.943 3.549 3.793 3.765 3.686 3.850
80 4.196 2.906 2.594 2.639 2.784 2.577 2.881 2.570 2.519 2.473 3.211
81 5.336 5.258 5.455 5.470 5.450 5.220 5.144 5.392 5.481 5.311 5.347
82 1.105 2.704 2.671 2.801 2.700 2.686 2.989 3.077 2.925 3.035 2.380
83 5.846 5.327 5.226 5.279 5.424 5.418 5.082 5.383 5.564 5.666 5.159
84 4.113 4.282 4.221 4.330 4.089 4.097 4.296 4.135 4.123 4.232 4.269
85 2.631 4.299 4.200 4.105 3.717 4.227 4.160 3.970 4.212 4.309 3.716
86 6.261 5.774 5.929 5.966 5.662 5.888 5.667 5.832 6.119 5.714 6.061
87 5.048 5.429 5.247 5.177 5.430 5.433 5.360 5.405 5.348 5.265 5.184
88 4.858 4.974 4.998 5.008 4.968 5.051 4.899 5.013 5.030 4.911 4.927
89 4.779 4.283 4.252 4.539 4.567 4.336 4.397 4.423 4.556 4.355 4.633
90 3.835 4.768 4.984 5.059 4.671 4.860 5.024 4.515 4.919 4.836 4.744
91 5.064 3.296 3.183 3.476 3.566 3.631 3.174 3.754 3.497 3.338 3.451
92 4.003 4.116 4.049 4.026 4.101 4.258 4.228 4.132 4.065 4.145 4.104
93 3.404 4.148 4.394 4.452 4.099 4.337 4.292 4.330 4.227 4.268 4.344
94 4.951 4.391 4.461 4.458 4.436 4.291 4.330 4.469 4.735 4.088 4.225
95 5.505 5.013 5.333 5.114 5.548 5.256 5.418 5.361 5.165 5.064 5.115
96 1.857 3.882 3.597 3.652 4.057 3.764 3.501 3.744 3.473 3.998 3.656
97 4.632 5.544 5.344 5.317 5.766 5.592 5.850 5.548 5.497 5.422 5.503
98 5.177 4.845 4.688 4.736 4.932 4.872 4.987 4.404 5.089 4.963 5.039
99 5.978 4.799 4.928 5.067 5.043 4.957 5.145 4.965 4.969 5.097 5.068
100 4.146 3.479 3.177 3.398 3.131 3.141 3.185 3.279 3.667 3.317 3.147
101 4.954 4.997 4.946 5.017 5.087 5.111 5.466 5.090 5.004 5.000 5.544
102 5.806 5.208 5.225 5.108 5.263 5.255 5.260 5.251 5.302 5.316 5.352
103 5.033 4.757 4.679 4.617 4.612 4.721 4.759 4.712 4.650 4.764 4.720
104 4.395 4.376 4.468 4.632 4.580 4.604 4.602 4.630 4.581 4.509 4.569
105 5.093 3.210 3.164 3.117 3.228 3.200 3.213 3.118 3.139 3.056 3.107
106 3.250 3.858 3.927 3.829 3.963 3.855 3.934 3.805 3.980 3.942 3.982
107 2.760 4.325 4.073 4.100 4.009 4.093 4.233 4.108 3.864 4.120 4.361
108 1.182 4.429 4.359 4.366 4.286 4.198 4.430 4.361 4.408 3.689 4.434
109 4.028 4.979 5.351 5.084 5.068 5.110 5.016 5.218 5.069 5.127 5.101
110 5.190 4.837 4.260 4.307 4.138 4.277 4.922 4.605 4.137 4.182 4.191
111 4.988 4.538 4.543 4.416 4.161 4.700 4.540 4.596 4.439 4.670 4.572
112 6.799 5.865 6.262 5.892 6.059 6.037 5.793 6.046 5.542 5.919 6.042
113 5.414 3.549 3.263 2.984 3.101 3.145 3.201 2.870 2.927 3.002 2.908
114 4.414 3.740 3.724 3.958 3.884 3.840 3.990 3.748 4.042 3.966 3.784
115 5.635 4.453 4.629 4.683 4.604 4.456 4.340 4.918 4.543 4.482 4.648
116 4.883 4.528 4.804 4.782 4.653 4.688 4.798 4.730 4.622 4.586 4.681
117 4.712 4.169 4.108 3.966 4.101 4.059 4.161 4.151 4.044 3.674 4.022
118 4.758 4.043 4.216 3.874 4.103 3.893 4.300 4.108 4.044 4.295 3.735
119 3.147 3.962 3.385 3.396 3.127 3.734 3.329 3.526 3.170 3.799 3.763
120 5.580 5.277 5.422 5.314 5.106 5.166 5.245 5.406 5.077 5.355 5.403
