data_index lambdaa.observed lambdaa.predicted.repeat1 lambdaa.predicted.repeat2 lambdaa.predicted.repeat3 lambdaa.predicted.repeat4 lambdaa.predicted.repeat5 lambdaa.predicted.repeat6 lambdaa.predicted.repeat7 lambdaa.predicted.repeat8 lambdaa.predicted.repeat9 lambdaa.predicted.repeat10
1 342.000 350.948 342.736 339.747 339.283 338.671 343.613 341.204 341.058 344.236 342.146
2 336.000 317.897 356.115 353.785 351.989 351.328 357.728 351.845 353.133 351.109 354.599
3 434.000 424.935 439.057 424.127 438.781 437.861 437.605 423.297 426.850 438.820 437.986
4 320.000 322.967 324.683 326.694 323.780 324.158 329.726 325.048 326.610 323.217 323.310
5 317.000 338.177 349.120 338.216 358.336 343.065 342.013 344.571 337.820 343.380 348.039
6 432.000 450.113 451.478 450.469 449.849 446.573 459.031 452.433 458.965 443.427 447.903
7 419.000 431.559 431.393 438.719 436.892 437.933 433.652 428.531 432.080 443.802 437.275
8 554.000 547.002 545.525 546.023 544.459 534.125 534.453 545.602 544.956 547.806 523.965
9 438.000 453.411 442.274 443.954 456.566 449.766 442.251 438.814 443.263 434.764 445.212
10 315.000 323.965 318.933 322.833 323.939 318.936 321.886 326.345 324.949 323.954 317.667
11 325.000 337.936 338.965 337.669 335.130 339.082 333.603 337.526 336.292 337.074 335.463
12 492.000 462.461 459.374 465.453 461.966 458.789 463.877 456.368 455.277 456.791 442.506
13 370.000 368.621 368.326 369.102 369.882 368.141 369.440 368.806 369.438 366.744 368.747
14 424.000 418.917 419.796 421.551 417.759 419.648 417.691 419.331 420.874 422.460 421.391
15 400.000 395.401 394.766 394.499 395.627 393.859 393.831 395.833 393.894 393.359 394.265
16 406.000 404.445 404.964 406.499 404.973 404.535 404.994 405.490 403.823 406.271 404.719
17 429.000 429.076 429.280 429.882 429.126 428.809 425.442 429.441 429.658 426.331 427.165
18 450.000 416.498 400.599 413.406 407.413 413.012 408.252 406.678 419.664 408.322 409.819
19 342.000 351.226 347.244 342.700 347.584 346.316 348.841 347.268 355.306 355.524 350.140
20 302.000 334.931 335.389 334.440 335.131 334.595 335.495 338.569 334.817 337.112 341.688
21 437.000 440.049 440.408 438.290 438.356 458.496 442.819 437.658 441.065 440.378 437.357
22 407.000 412.301 416.615 415.782 414.995 417.047 418.121 415.034 413.235 417.333 417.220
23 384.000 387.259 385.425 386.746 385.911 386.345 384.973 389.668 386.193 388.484 389.565
24 371.000 378.923 380.885 387.873 380.265 384.876 387.330 382.069 384.146 376.781 389.812
25 417.000 327.570 329.962 329.095 328.022 329.166 328.654 333.216 329.402 334.789 324.832
26 425.000 430.739 429.481 431.964 432.025 430.369 432.604 431.801 429.169 420.330 432.412
27 350.000 350.449 347.735 353.298 343.722 349.013 350.979 344.415 344.485 350.771 350.778
28 444.000 426.261 441.094 439.631 437.155 437.907 440.254 440.583 441.547 434.566 438.586
29 379.000 367.543 370.260 312.958 326.627 370.872 370.349 371.727 369.610 377.982 365.505
30 400.000 412.798 417.931 414.276 414.185 414.281 415.645 416.254 415.788 412.495 416.560
31 378.000 372.658 370.135 319.209 327.373 372.600 373.724 373.494 375.196 374.749 370.084
32 364.000 396.052 379.908 380.908 383.619 379.351 380.334 380.495 378.530 374.816 380.464
33 360.000 357.156 359.302 359.617 356.417 361.202 359.653 359.862 358.382 362.470 359.090
34 382.000 406.052 400.585 408.410 401.425 404.438 408.040 405.565 403.197 403.743 404.987
35 527.000 528.766 489.217 526.579 486.287 535.548 527.477 529.880 541.127 532.889 537.591
36 408.000 406.861 404.862 405.720 407.195 407.638 408.370 409.023 409.389 409.943 404.967
37 421.000 384.073 382.362 384.587 378.408 391.289 390.388 379.159 383.823 385.335 382.364
38 346.000 327.957 324.409 324.724 328.875 326.739 325.527 327.269 328.551 327.449 327.039
39 478.000 516.317 514.100 518.566 514.100 521.301 514.100 522.708 519.826 514.197 514.100
40 420.000 420.468 421.334 419.961 421.670 418.280 423.200 420.343 422.536 422.622 428.788
41 430.000 440.100 439.900 440.100 440.100 440.100 439.900 440.100 440.100 439.900 440.100
42 623.000 579.349 576.755 573.536 579.203 576.263 581.123 571.816 579.329 572.151 578.966
43 457.000 444.805 446.224 445.597 446.077 447.829 447.020 447.591 446.363 448.192 443.203
44 424.000 425.277 427.981 421.909 420.031 428.377 425.948 426.012 426.841 423.555 425.831
45 456.000 483.524 471.909 476.561 488.922 499.119 446.641 484.898 484.822 481.745 486.896
46 411.000 402.319 398.100 401.473 401.219 402.125 401.580 401.388 401.327 403.315 405.849
47 413.000 443.415 443.080 438.568 442.576 439.260 441.894 441.583 442.922 443.328 441.579
48 332.000 346.905 336.531 335.295 340.999 340.107 337.567 348.629 336.108 348.317 332.835
49 489.000 486.320 483.450 483.750 483.980 484.616 483.862 482.135 482.882 484.829 484.280
50 425.000 430.623 432.067 433.832 427.852 427.341 437.047 427.586 432.018 424.749 428.135
51 359.000 369.353 370.158 390.162 369.320 371.333 371.284 391.012 372.119 371.667 372.059
52 418.000 418.460 420.343 421.966 419.459 420.174 417.703 420.229 419.838 417.566 418.005
53 325.000 322.427 322.329 320.838 321.917 321.496 320.814 320.511 321.927 321.462 321.900
54 447.000 457.602 455.595 445.913 447.462 448.196 454.947 453.805 429.463 454.375 450.971
55 464.000 470.805 471.838 467.228 464.713 466.569 466.410 467.108 464.993 467.504 465.461
56 431.000 430.075 430.622 430.733 418.998 430.160 430.585 430.712 430.557 430.665 429.717
57 332.000 331.773 333.484 329.254 332.426 329.292 329.123 327.847 328.646 334.453 326.627
58 329.000 388.196 386.761 391.163 382.384 384.001 380.817 385.797 386.893 387.180 391.751
59 315.000 305.352 307.332 303.217 303.460 307.318 303.315 303.492 303.432 303.505 307.003
60 396.000 417.842 414.560 420.530 424.722 419.492 415.603 421.280 421.558 420.238 417.475
61 390.000 388.370 386.408 386.125 386.745 386.354 387.292 387.648 389.592 386.563 387.245
62 423.000 442.120 432.801 432.674 435.769 434.008 433.124 434.117 437.589 438.969 437.394
63 430.000 446.734 443.500 440.976 447.406 457.114 449.662 444.021 438.282 447.081 443.945
64 429.000 425.931 427.641 427.351 416.164 427.616 427.601 423.200 427.720 428.953 427.402
65 467.000 456.941 444.700 463.691 463.154 439.985 440.771 462.112 461.711 463.523 463.857
66 602.000 589.376 585.506 585.881 587.686 589.258 553.052 588.886 588.921 588.416 590.442
67 461.000 501.349 499.322 498.967 502.855 498.101 497.272 497.732 501.167 495.808 509.666
68 342.000 349.632 347.373 347.311 352.676 349.341 347.390 347.762 348.457 346.184 348.224
69 545.000 525.128 529.864 528.706 533.756 532.572 530.056 528.724 530.903 423.594 531.140
70 415.000 416.561 414.639 414.746 416.012 414.390 414.325 414.337 415.248 416.731 414.907
71 365.000 364.951 361.956 365.919 364.611 361.258 365.035 367.431 364.060 369.585 365.235
72 429.000 462.259 461.181 459.562 456.478 461.019 450.118 460.857 455.053 442.459 458.254
73 336.000 334.485 333.569 333.536 338.535 337.626 337.634 338.139 336.797 338.924 333.994
74 302.000 305.933 305.064 297.849 303.740 307.130 302.076 302.133 307.674 311.034 314.516
75 426.000 432.346 429.398 436.641 427.999 432.411 427.288 431.976 430.800 433.875 432.158
76 364.000 379.242 374.693 377.998 375.256 379.017 379.884 378.806 377.039 378.813 375.481
77 451.000 427.727 436.091 436.830 435.329 437.640 436.072 435.840 435.068 435.755 436.235
78 573.000 564.314 560.027 563.691 563.512 560.785 566.797 561.308 563.079 562.869 562.093
79 447.000 445.162 446.624 442.875 442.527 444.679 446.900 446.900 446.900 434.571 446.900
80 322.000 343.961 344.177 347.119 345.746 346.428 349.160 345.589 344.651 343.658 344.992
81 586.000 585.936 591.869 591.291 587.175 588.639 589.858 588.618 591.881 588.082 587.715
82 459.000 454.625 460.404 435.508 460.379 462.286 460.095 460.324 446.062 459.444 460.397
83 405.000 406.067 407.073 404.010 409.311 407.737 410.328 401.611 405.587 402.598 406.238
84 434.000 431.121 431.769 433.981 434.777 432.617 431.668 435.551 428.055 422.947 431.186
85 441.000 450.684 453.918 454.631 452.331 451.080 460.761 458.731 460.328 453.202 451.149
86 403.000 401.021 401.382 400.815 402.112 400.732 400.699 402.024 402.695 400.182 400.526
87 450.000 427.569 433.185 424.852 434.125 431.266 425.567 429.950 427.086 431.566 428.234
88 372.000 366.228 368.686 357.975 362.036 362.840 358.919 360.489 362.285 367.381 360.412
89 400.000 394.347 395.241 391.943 397.571 402.846 391.530 395.628 391.736 401.992 396.747
90 545.000 563.871 561.229 566.141 562.828 563.125 566.978 562.781 568.915 564.469 564.752
91 411.000 404.137 398.616 404.051 402.482 401.989 399.254 401.913 403.575 396.171 403.857
92 344.000 343.771 343.829 342.434 343.447 347.049 346.273 342.699 346.533 343.043 342.883
93 502.000 515.101 515.069 514.798 515.080 512.410 516.727 517.078 516.594 514.946 522.566
94 401.000 425.744 429.411 423.877 424.764 422.795 425.339 425.638 432.550 419.972 439.107
95 407.000 397.630 403.991 400.459 401.045 400.392 400.836 396.560 399.142 399.581 397.413
96 444.000 436.088 436.615 435.124 433.937 440.398 435.144 433.821 437.723 436.551 438.119
97 321.000 320.737 323.075 321.768 321.682 322.552 322.059 322.116 321.472 323.749 321.555
98 584.000 585.572 586.035 584.220 582.182 581.615 584.860 583.953 587.171 588.338 584.487
99 480.000 466.636 466.443 468.134 467.753 556.374 468.144 468.433 467.469 556.479 468.138
100 510.000 528.476 532.235 531.522 525.893 536.724 530.120 535.578 535.594 532.385 531.373
101 408.000 414.300 416.398 417.897 414.304 416.662 414.483 417.387 414.781 417.153 416.223
102 323.000 325.851 325.690 327.306 328.391 323.466 327.104 325.909 324.933 325.176 325.816
103 438.000 483.978 477.001 485.896 476.928 478.794 476.028 483.906 477.332 485.830 490.052
104 417.000 414.271 415.511 413.542 415.389 415.041 416.398 414.863 416.704 417.857 414.234
105 429.000 418.573 416.630 416.427 417.601 417.054 418.701 417.978 416.293 416.394 416.705
106 434.000 424.572 422.305 427.443 432.845 430.647 429.794 428.942 430.032 430.842 429.864
107 442.000 424.814 424.332 422.656 424.514 431.435 426.405 423.504 420.744 427.501 432.347
108 410.000 414.469 414.838 414.197 413.783 415.078 415.003 417.396 415.394 415.625 413.397
109 335.000 384.989 388.921 388.796 396.227 390.518 402.272 380.220 394.857 394.151 392.389
110 515.000 501.970 510.495 515.979 510.830 511.816 512.210 517.689 514.742 517.975 505.854
111 400.000 397.460 397.528 399.443 398.572 398.946 398.486 398.089 399.496 399.031 399.331
112 429.000 434.737 439.422 442.734 447.246 425.829 432.868 432.402 434.019 439.515 440.470
113 432.000 471.183 459.522 478.286 468.812 467.977 471.722 466.198 468.239 464.249 464.148
114 335.000 328.427 326.025 323.221 328.978 326.465 325.247 326.827 327.508 326.796 327.391
115 395.000 378.040 376.926 381.175 378.285 380.316 376.643 382.827 369.877 368.926 381.564
116 341.000 333.579 327.343 333.248 333.597 333.844 334.362 334.137 330.237 334.196 333.861
117 425.000 429.029 431.541 429.028 428.671 428.972 429.654 430.416 431.283 429.365 429.033
118 351.000 376.804 375.444 375.860 378.615 376.155 379.130 376.737 376.794 379.834 378.310
119 315.000 318.090 320.556 320.211 320.510 319.812 318.549 320.057 321.001 321.570 322.545
120 320.000 315.900 315.901 315.901 315.900 315.900 315.900 315.900 315.900 315.900 316.648
121 588.000 575.089 578.053 574.278 573.504 576.064 566.852 576.393 574.074 577.459 569.732
122 469.000 440.703 441.756 447.106 444.131 442.275 445.810 448.350 443.653 446.565 451.560
123 321.000 348.233 351.790 349.624 349.147 349.505 352.405 350.876 346.660 352.117 347.572
124 310.000 488.656 487.955 493.795 476.521 476.478 475.029 474.498 493.636 485.506 498.038
125 362.000 341.156 347.524 347.668 346.092 347.497 344.687 340.021 338.868 349.810 345.142
126 332.000 386.386 390.772 393.477 380.050 389.108 389.600 392.989 390.595 387.166 379.345
127 307.000 344.924 357.215 347.607 354.600 361.374 355.021 358.328 354.024 361.801 359.888
128 400.000 391.320 391.820 391.157 391.517 390.427 392.705 393.756 392.163 392.007 391.662
129 490.000 479.047 484.650 479.724 480.647 481.858 475.619 470.179 478.053 475.832 476.228
130 354.000 355.593 353.313 357.050 355.359 355.395 354.238 354.711 353.110 354.972 356.073
131 326.000 323.398 325.224 321.018 320.288 323.598 322.461 321.592 322.369 322.797 324.197
132 326.000 331.370 330.230 331.632 332.671 328.100 327.829 335.105 329.204 329.762 334.477
133 409.000 408.212 406.546 408.071 407.814 408.135 407.868 408.380 407.678 406.870 408.551
134 562.000 475.902 479.973 473.491 478.818 473.596 479.523 480.707 472.554 472.242 462.494
135 332.000 362.955 363.794 367.372 365.706 361.643 368.066 366.441 370.681 365.962 370.351
136 472.000 436.691 435.165 439.495 430.723 440.345 424.593 436.450 428.718 436.212 438.956
137 405.000 406.424 410.384 406.239 408.061 405.671 408.240 408.700 407.174 406.341 405.981
138 394.000 400.178 403.645 397.091 402.115 401.930 402.947 400.306 404.386 401.730 403.302
139 324.000 330.323 330.175 328.736 330.307 330.899 330.899 330.900 330.899 327.500 330.899
140 555.000 549.292 568.679 548.829 549.051 546.799 543.967 544.774 549.354 549.214 550.193
141 324.000 326.165 329.140 326.078 321.723 326.560 329.083 327.897 326.596 328.314 330.579
142 422.000 428.813 434.039 421.026 426.661 431.143 429.420 434.508 421.686 428.877 410.760
143 429.000 431.248 427.983 433.934 430.254 428.253 432.587 431.109 432.330 430.912 431.267
144 314.000 312.337 310.360 310.282 311.815 311.883 311.822 312.489 312.248 311.750 311.959
145 445.000 461.790 460.977 461.402 459.218 457.949 459.167 459.935 460.927 455.075 455.677
146 420.000 420.091 420.699 420.515 422.529 421.474 421.093 424.017 419.831 419.307 420.114
147 350.000 351.460 349.137 348.589 351.266 349.734 349.592 349.691 349.532 350.638 349.292
148 381.000 361.906 364.000 361.100 365.024 353.796 357.411 365.256 363.594 364.297 368.669
149 340.000 346.480 346.415 351.653 346.044 358.864 346.222 346.271 363.601 346.245 346.261
150 462.000 465.312 463.987 464.987 463.945 462.301 463.031 466.056 466.390 462.399 463.168
151 545.000 536.223 541.178 538.826 541.338 530.273 536.446 534.798 537.201 541.820 517.066
152 401.000 401.182 402.942 402.978 400.945 400.827 402.720 401.986 402.516 412.846 404.386
153 450.000 506.641 505.289 508.000 507.336 505.794 506.484 527.085 506.489 506.348 532.115
154 495.000 503.382 503.234 501.252 505.141 500.622 506.406 504.555 503.936 505.740 502.967
155 415.000 410.576 408.013 412.943 407.139 407.735 423.292 409.570 403.154 403.960 429.138
156 580.000 555.720 513.867 538.535 519.809 538.181 542.517 540.910 536.036 545.593 534.026
157 412.000 412.422 414.716 415.329 412.708 413.898 413.904 411.594 415.036 414.183 416.434
158 446.000 457.417 458.868 464.253 472.994 465.074 456.914 469.445 456.996 466.685 459.663
159 330.000 328.445 316.772 325.090 329.489 331.400 328.732 322.717 330.583 327.606 326.337
160 325.000 353.528 354.291 354.660 355.084 356.993 360.204 353.304 354.594 353.596 355.518
161 316.000 331.467 331.389 331.930 325.242 329.130 333.053 328.994 330.604 330.685 329.765
162 408.000 406.917 405.203 405.275 403.088 402.875 403.458 404.132 404.727 403.489 403.281
163 428.000 430.862 429.760 430.864 430.461 430.587 428.962 428.972 427.929 432.753 426.787
164 396.000 493.742 490.500 500.149 502.405 496.602 501.997 490.788 503.025 493.925 493.021
165 385.000 369.137 372.226 365.766 353.916 369.548 373.810 353.286 362.318 361.875 373.472
166 335.000 335.172 333.329 332.525 335.452 334.477 332.894 330.131 333.922 334.541 332.908
167 339.000 331.756 331.710 337.561 333.174 337.456 333.209 329.870 333.139 332.569 330.069
168 419.000 419.875 416.931 421.947 420.192 418.931 420.106 420.185 419.314 419.528 418.951
169 321.000 318.952 316.974 316.675 317.703 317.855 316.322 316.513 316.541 320.985 317.771
170 419.000 420.561 417.788 419.113 418.702 418.837 419.275 421.242 419.881 419.666 419.623
171 423.000 421.913 420.555 421.013 414.809 424.475 423.886 426.239 418.581 419.711 419.342
172 416.000 424.416 419.363 417.080 417.420 418.299 422.294 418.004 416.668 417.254 417.342
173 434.000 438.823 434.602 438.405 437.603 438.561 440.703 429.613 438.437 433.082 441.069
174 329.000 330.484 324.755 328.487 327.892 322.846 325.537 323.159 328.097 330.423 327.115
175 450.000 427.982 437.850 429.377 433.071 430.798 439.409 426.391 437.488 440.364 432.487
176 333.000 324.969 325.900 322.656 324.839 325.864 324.504 321.592 324.238 320.596 322.265
177 420.000 421.124 417.050 418.795 420.511 419.013 421.203 420.978 419.380 424.636 423.261
178 315.000 328.629 323.879 327.814 325.643 323.388 324.084 330.011 322.676 326.285 326.232
179 349.000 365.278 366.022 346.173 374.318 349.945 349.628 349.340 348.458 363.361 347.259
180 431.000 417.209 417.256 406.462 412.537 414.954 419.221 413.997 413.985 418.246 413.780
181 407.000 395.995 397.163 400.290 396.695 395.818 398.093 399.994 397.251 394.782 396.971
182 424.000 422.942 423.249 423.505 423.131 421.215 422.908 422.457 421.797 424.106 422.563
183 425.000 415.771 416.653 417.301 416.080 416.969 415.923 416.333 416.300 416.709 417.203
184 588.000 601.180 589.920 588.078 586.232 589.818 587.827 599.623 588.644 587.921 592.235
185 332.000 335.007 334.444 334.886 335.568 335.618 333.844 333.224 334.668 336.586 332.974
186 379.000 419.703 425.441 435.866 428.300 423.608 433.649 425.863 435.766 426.267 428.166
187 586.000 579.831 582.242 581.562 580.479 581.317 580.860 582.887 581.117 580.545 581.876
188 528.000 578.900 578.900 578.900 579.100 578.900 579.101 578.900 578.900 578.900 578.900
189 425.000 419.629 428.779 421.813 422.280 416.072 425.127 424.637 425.393 416.239 417.234
190 398.000 389.998 390.689 390.889 393.173 393.922 390.957 392.265 394.334 391.057 392.800
191 492.000 508.561 502.337 510.611 514.806 508.559 511.225 509.520 512.920 510.702 503.516
192 395.000 397.130 396.732 393.938 395.517 400.718 396.637 397.867 394.131 398.636 401.282
193 503.000 465.093 460.488 461.537 461.680 462.395 457.686 461.295 460.729 462.204 465.357
194 402.000 406.901 405.511 403.402 404.918 404.569 403.115 401.905 404.079 405.863 403.036
195 316.000 327.456 327.984 331.125 332.408 331.599 325.679 328.273 328.061 327.889 330.095
196 537.000 537.643 541.758 539.458 536.037 543.925 536.709 538.294 531.748 536.912 534.354
197 426.000 434.886 433.662 432.780 429.510 433.051 433.038 438.728 435.642 434.934 435.324
198 414.000 425.139 422.696 425.939 423.714 430.182 425.907 423.239 423.229 426.072 422.881
199 460.000 492.499 483.414 480.473 481.169 555.847 493.010 482.268 482.096 554.731 483.273
200 438.000 436.764 427.807 435.827 436.016 435.554 429.966 436.333 423.918 436.539 434.262
201 418.000 415.271 414.333 414.184 416.628 414.873 412.856 408.500 416.087 415.114 412.083
202 432.000 421.618 419.155 428.369 424.803 421.915 417.820 421.740 420.881 415.141 425.727
203 422.000 422.771 424.420 424.141 423.892 423.283 423.375 423.873 424.609 425.111 424.616
204 450.000 417.833 422.507 419.722 420.087 422.394 420.124 415.842 418.348 416.208 415.635
205 362.000 368.692 365.389 368.189 365.112 367.207 367.569 352.379 369.306 363.885 370.397
206 500.000 433.500 458.605 411.826 437.374 438.125 415.233 438.461 424.670 436.450 455.011
207 361.000 362.379 363.539 350.588 356.357 368.669 359.298 355.341 351.269 358.132 362.088
208 439.000 417.798 418.145 419.488 413.351 414.852 412.313 418.523 411.599 419.435 417.745
209 382.000 469.469 467.972 472.068 469.341 468.134 464.477 471.166 474.198 468.915 463.007
210 446.000 440.523 443.900 446.633 441.517 444.142 432.952 443.580 441.579 443.863 440.763
211 420.000 429.199 426.183 428.094 427.415 429.941 429.366 428.136 426.902 433.716 430.429
212 420.000 419.517 422.138 420.497 420.797 421.225 425.628 421.263 422.381 422.425 420.046
213 488.000 405.792 404.045 407.206 411.181 403.184 406.191 410.354 411.584 407.508 407.415
214 395.000 392.151 393.071 389.594 394.734 390.459 397.928 393.300 398.356 393.567 391.689
215 399.000 398.809 400.336 401.007 398.485 399.791 397.698 397.882 397.557 398.280 399.341
216 356.000 354.013 352.715 353.323 355.844 356.366 354.944 354.947 357.391 356.711 358.332
217 440.000 440.367 441.751 440.314 440.645 438.022 436.986 439.861 440.531 439.567 440.635
218 342.000 330.191 342.018 334.193 344.448 332.283 341.927 338.664 349.409 334.905 337.419
219 535.000 452.008 447.637 440.095 448.179 445.204 447.812 439.840 447.492 452.429 449.091
220 525.000 503.641 500.484 520.600 505.204 532.724 501.113 500.743 502.160 503.953 532.759
221 526.000 506.245 504.714 508.014 507.298 508.187 504.295 500.615 503.446 509.513 506.108
222 318.000 326.567 321.678 325.065 323.784 323.028 322.951 323.887 324.887 324.639 323.641
223 518.000 433.793 432.150 425.750 426.487 432.497 431.974 429.272 428.091 436.060 413.025
224 366.000 340.919 343.229 340.817 338.849 343.856 338.735 341.425 343.600 342.607 342.557
225 349.000 371.667 369.964 370.747 369.967 375.168 372.282 365.934 365.047 369.583 364.212
226 396.000 396.410 395.717 397.074 396.879 396.931 397.187 397.571 396.661 397.211 396.810
227 380.000 385.176 383.695 382.965 381.215 382.282 382.104 385.313 384.698 382.949 380.195
228 375.000 369.119 373.650 374.985 371.902 363.252 365.953 372.757 374.144 376.029 364.215
229 455.000 450.236 449.440 447.959 450.505 449.674 449.114 449.987 450.595 448.750 448.053
230 428.000 444.971 427.280 430.451 432.624 430.220 430.173 429.637 432.344 431.643 428.819
231 334.000 332.784 336.138 337.613 334.235 336.019 332.513 335.096 334.295 331.826 331.931
232 337.000 333.199 335.170 334.407 328.012 336.272 338.568 338.007 334.145 333.645 333.832
233 418.000 426.092 419.075 418.655 418.686 418.240 424.006 422.751 420.639 418.518 419.510
234 310.000 306.911 312.294 327.909 306.965 307.188 313.170 308.037 308.537 304.723 321.613
235 395.000 396.172 400.157 398.065 396.713 397.308 392.915 397.925 396.759 393.831 399.005
236 450.000 445.525 443.909 444.848 437.431 431.690 433.850 436.102 451.125 430.359 432.897
237 368.000 367.728 368.266 367.790 366.410 367.967 370.039 367.535 369.641 370.444 367.011
238 468.000 469.518 467.354 472.304 470.604 467.597 468.606 465.338 469.003 470.543 467.528
239 305.000 310.900 307.637 312.399 311.998 310.294 313.493 311.023 311.207 309.395 313.863
240 303.000 305.494 307.058 322.756 308.472 309.201 309.695 307.391 309.702 306.681 314.220
241 316.000 326.656 329.475 330.132 333.124 331.756 330.925 330.400 332.379 331.281 330.985
242 360.000 374.709 373.808 368.541 382.776 374.425 373.578 379.544 378.633 372.749 370.174
243 466.000 458.370 459.506 457.448 459.025 459.504 460.418 452.948 461.441 459.898 451.486
244 422.000 434.277 439.627 439.163 440.297 441.918 444.276 441.308 430.335 442.734 441.781
245 418.000 415.113 417.050 416.886 412.039 415.233 410.736 412.529 408.466 405.969 420.898
246 409.000 410.988 414.696 413.937 411.562 415.236 413.731 411.983 412.086 414.027 414.706
247 326.000 355.363 351.509 355.635 356.742 355.382 356.092 357.015 362.080 356.590 360.929
248 328.000 392.443 333.329 330.002 334.809 331.865 332.219 335.228 344.022 339.630 334.288
249 369.000 364.887 362.867 366.228 360.618 353.545 362.801 364.345 367.289 359.989 360.397
250 346.000 325.101 325.101 325.101 325.101 325.101 329.416 325.101 325.101 325.101 325.101
251 407.000 409.511 408.233 411.087 407.940 412.643 409.035 408.415 407.655 410.334 408.668
252 414.000 402.257 401.578 399.925 405.031 402.494 387.428 402.512 402.514 403.926 403.649
253 501.000 474.071 474.590 473.844 475.377 476.320 475.677 475.465 471.361 482.451 477.573
254 421.000 418.458 420.184 418.258 419.117 418.551 419.304 419.317 421.217 419.571 418.318
255 316.000 306.159 319.768 316.351 314.488 310.456 315.354 315.929 318.475 315.766 314.534
256 328.000 323.908 322.334 321.589 323.601 318.045 319.977 320.925 320.590 321.141 321.352
257 445.000 489.719 490.659 496.733 491.330 493.416 483.525 483.203 486.188 482.781 468.921
258 371.000 370.573 363.444 371.008 372.808 360.831 365.225 353.994 372.510 368.283 360.777
259 484.000 481.737 459.318 456.406 469.648 446.017 459.705 451.797 455.942 458.701 457.638
260 418.000 416.604 419.503 419.013 416.486 414.360 418.767 418.108 416.705 418.760 418.164
261 371.000 371.418 374.323 367.755 376.705 372.575 379.259 372.543 369.094 374.896 369.781
262 331.000 321.366 322.558 323.232 324.221 322.193 321.050 322.005 322.516 320.928 321.979
263 586.000 549.113 548.887 550.112 548.297 551.819 550.874 552.372 542.123 549.394 552.233
264 434.000 451.212 454.032 450.246 449.634 450.381 451.082 458.251 452.844 444.597 451.748
265 412.000 438.005 437.491 438.217 435.926 437.534 437.641 436.421 437.234 433.472 438.618
266 483.000 430.379 416.589 402.603 432.038 434.302 426.481 393.014 424.739 424.096 424.972
267 393.000 388.246 397.437 392.803 391.321 394.039 393.121 396.590 389.314 399.946 395.257
268 386.000 383.772 382.087 385.699 383.259 382.309 381.434 386.494 385.700 383.782 382.866
269 344.000 341.906 339.417 347.833 341.114 342.216 342.286 341.273 340.670 341.618 345.641
270 392.000 378.617 383.727 380.274 378.180 383.956 379.864 376.838 381.639 379.331 380.460
271 460.000 461.054 457.347 453.262 455.704 450.158 458.763 457.216 453.152 456.299 449.314
272 321.000 326.024 326.975 325.700 323.395 326.764 325.448 323.778 324.941 324.656 323.371
273 311.000 331.688 327.100 327.100 327.099 329.971 327.100 329.759 327.099 330.460 342.750
274 391.000 338.724 337.102 332.758 334.140 333.376 335.417 334.147 334.150 335.124 336.352
275 431.000 433.887 433.625 435.398 433.111 435.820 433.749 433.693 436.982 433.990 433.294
276 357.000 346.623 345.600 344.353 348.380 343.074 346.728 351.054 348.367 349.141 347.393
277 414.000 415.974 426.100 427.082 419.125 424.583 420.237 421.260 422.117 418.983 422.141
278 452.000 442.539 442.583 442.273 438.871 443.479 442.740 444.701 445.054 436.374 444.079
279 437.000 456.676 453.678 454.563 455.122 460.005 462.264 457.086 462.088 455.639 453.905
280 315.000 312.915 313.150 311.764 314.660 311.687 311.489 312.832 313.084 315.215 313.758
281 435.000 430.310 446.588 439.220 451.018 436.984 434.673 447.977 435.143 433.981 431.113
282 448.000 436.802 424.587 446.841 439.412 439.849 441.959 442.589 439.863 439.800 435.466
283 416.000 423.379 420.708 421.463 419.137 421.583 421.908 422.095 419.752 423.779 421.436
284 328.000 347.451 346.125 332.514 354.721 332.377 334.596 332.953 331.604 345.138 330.904
285 390.000 396.938 395.538 398.534 395.604 395.851 395.652 395.456 395.792 397.286 396.187
286 310.000 314.099 314.100 314.099 314.099 314.099 314.099 314.099 314.100 313.900 314.099
287 365.000 354.831 358.650 360.829 361.208 358.556 359.966 360.221 358.898 359.514 358.453
288 402.000 415.380 416.900 415.046 416.900 416.899 416.899 410.124 416.899 416.899 416.900
289 372.000 438.849 419.030 428.775 417.190 420.997 412.565 415.517 417.909 412.968 428.271
290 428.000 440.549 441.968 439.900 442.335 439.007 442.952 444.035 441.477 438.929 440.381
291 267.000 460.863 457.811 458.693 440.338 458.875 437.988 452.138 452.659 456.281 452.202
292 330.000 335.208 334.260 331.513 333.586 335.118 333.741 335.166 332.118 332.272 332.317
293 598.000 595.676 597.398 598.451 598.751 596.972 590.812 597.325 596.517 601.156 594.322
294 392.000 406.525 410.099 407.955 405.646 407.149 410.275 409.703 403.795 404.274 408.655
295 430.000 489.993 493.918 496.550 498.295 499.547 492.079 495.559 493.679 495.157 500.530
296 340.000 379.445 387.126 376.557 386.680 382.099 382.408 386.684 381.984 379.169 391.807
297 312.000 312.779 317.573 313.175 307.894 314.299 319.294 307.081 313.229 314.040 307.917
298 327.000 322.926 330.191 329.885 324.423 327.356 326.472 322.228 323.956 325.565 342.750
299 342.000 360.758 364.151 361.707 361.777 355.922 361.340 364.782 361.136 356.371 358.020
300 417.000 419.838 418.733 417.646 420.157 418.850 421.113 419.738 419.420 420.756 419.761
301 318.000 320.652 320.924 313.738 320.059 318.850 321.380 316.769 320.454 314.902 319.351
302 329.000 311.685 316.953 313.493 317.727 316.901 316.109 317.725 314.616 314.735 313.682
303 339.000 345.142 347.751 338.035 343.231 344.487 338.638 351.330 336.971 345.624 343.307
304 334.000 334.380 332.818 335.956 330.872 332.919 332.266 326.935 331.603 325.876 332.455
305 346.000 337.541 337.933 349.396 337.150 339.392 337.459 342.594 344.670 339.061 340.917
306 420.000 421.464 421.092 420.308 423.126 420.276 420.942 420.792 425.023 419.903 421.957
307 371.000 417.205 400.359 403.671 394.851 393.168 403.823 397.154 402.716 398.183 404.819
308 560.000 576.028 562.547 562.413 564.934 562.607 568.427 572.716 562.934 564.368 569.702
309 512.000 483.301 483.551 491.587 491.674 483.039 491.102 496.881 489.622 488.861 490.180
310 410.000 407.490 406.750 408.663 407.980 407.034 407.560 406.850 407.053 406.732 406.812
311 473.000 458.933 461.008 459.117 454.409 456.554 460.155 460.838 457.379 456.792 461.490
312 427.000 423.414 426.452 425.673 424.937 424.172 425.442 426.362 425.447 425.025 424.708
313 326.000 311.899 307.361 310.757 317.217 297.040 318.104 305.024 318.339 296.841 307.000
314 405.000 396.982 398.832 397.869 398.927 397.656 397.923 400.693 398.524 400.768 400.686
315 442.000 438.933 435.760 435.070 443.336 437.578 438.445 455.489 420.392 437.164 471.449
316 330.000 332.350 332.268 330.709 330.219 329.814 327.261 329.716 332.575 330.297 330.040
317 328.000 336.641 335.390 338.796 343.192 340.083 334.660 339.495 342.636 353.937 333.955
318 436.000 433.643 434.198 434.550 435.786 435.783 433.025 434.805 434.216 434.033 434.276
319 410.000 413.501 413.511 413.857 413.696 413.928 411.968 414.260 413.119 414.199 413.802
320 462.000 449.598 449.625 453.000 456.682 455.843 457.906 460.087 452.392 460.728 449.783
321 471.000 471.395 470.341 472.786 471.543 469.965 465.981 464.996 476.380 477.573 470.108
322 427.000 413.038 412.589 422.441 418.133 421.389 419.914 416.806 418.244 407.480 420.004
323 464.000 463.892 458.010 462.779 463.745 464.373 464.197 459.599 464.560 460.683 463.895
324 446.000 469.912 470.104 461.517 459.865 452.255 470.165 467.747 463.688 460.450 465.101
325 583.000 579.356 578.793 580.350 580.542 580.341 582.573 579.299 578.282 578.534 581.697
326 562.000 514.039 512.288 511.601 488.140 493.215 510.600 509.359 500.762 512.403 514.348
327 313.000 314.265 316.019 318.712 314.355 316.051 315.145 313.347 318.457 318.347 313.224
328 422.000 424.444 428.252 433.956 431.275 429.973 426.686 432.326 426.375 427.443 425.326
329 382.000 372.899 370.664 379.948 364.778 370.868 377.336 379.416 368.873 367.414 374.459
330 398.000 453.619 445.305 449.600 447.410 447.729 444.832 447.256 449.366 447.424 446.308
331 371.000 387.281 371.241 379.747 375.565 368.630 370.047 368.687 378.987 374.210 374.178
332 414.000 409.651 411.081 405.219 408.658 407.607 407.506 405.969 410.698 412.101 409.575
333 440.000 439.387 440.483 447.382 439.321 444.764 448.644 437.068 427.203 440.495 439.536
334 599.000 600.619 603.461 602.276 604.592 570.720 602.543 603.471 600.960 602.461 602.003
335 353.000 352.771 352.515 348.202 349.173 353.471 353.928 351.325 352.455 348.264 353.956
336 404.000 415.145 388.591 407.338 393.705 421.179 401.769 393.582 398.443 381.127 409.184
337 406.000 416.757 419.298 418.149 419.103 415.689 408.504 416.964 418.417 410.303 417.974
338 324.000 329.100 329.100 329.069 330.370 327.872 329.100 328.899 329.100 329.100 329.100
339 337.000 333.820 335.059 334.684 333.892 332.982 333.517 334.836 333.382 334.522 335.327
340 395.000 400.326 401.217 398.483 399.345 401.890 396.663 401.145 401.782 404.125 399.761
341 407.000 420.109 421.474 418.078 417.133 416.698 421.084 420.728 424.863 416.586 417.853
342 330.000 359.463 360.529 368.993 365.048 360.311 363.122 360.863 361.689 367.568 360.631
343 417.000 424.511 434.097 427.816 428.848 435.459 423.672 428.411 422.225 432.678 428.107
344 395.000 401.361 398.267 399.510 399.763 397.913 398.126 400.849 399.060 399.907 398.875
345 503.000 400.812 398.609 403.662 391.950 395.012 401.622 399.305 393.307 404.404 395.040
346 448.000 444.066 446.677 446.517 443.664 449.016 443.995 445.713 443.551 445.384 446.484
347 363.000 348.038 369.484 369.431 367.968 373.675 374.698 375.902 365.210 369.817 371.794
348 386.000 381.282 382.393 378.548 381.984 380.992 379.723 380.167 381.414 380.243 380.588
349 330.000 338.028 337.262 335.978 337.024 339.320 335.997 336.621 338.773 338.350 336.163
350 488.000 348.481 350.039 349.123 352.371 345.347 346.608 349.069 347.236 348.360 350.085
351 479.000 475.549 473.777 476.356 473.566 473.888 478.922 471.496 474.119 472.770 476.433
352 338.000 363.350 360.203 358.323 361.460 361.937 355.079 361.630 363.285 372.524 358.885
353 456.000 466.275 459.293 465.663 467.259 469.997 458.919 468.160 464.090 470.019 465.959
354 418.000 414.033 414.465 421.889 413.700 414.357 415.251 416.500 412.431 414.571 413.634
355 322.000 321.145 324.901 323.425 321.520 319.871 317.836 322.135 322.238 323.048 322.739
356 321.000 315.198 315.453 315.117 318.494 315.641 314.445 319.129 317.202 315.466 315.332
357 335.000 340.810 352.440 346.778 343.837 343.554 345.376 344.095 352.890 345.678 350.356
358 394.000 391.964 392.143 391.918 395.856 396.553 390.712 387.080 395.930 391.961 393.660
359 398.000 389.692 395.526 395.551 389.791 384.488 390.308 388.927 376.706 398.984 386.800
360 421.000 398.424 399.759 396.289 398.838 394.945 388.270 400.509 394.547 394.759 394.763
361 364.000 389.950 401.538 388.493 407.389 396.169 393.497 403.118 392.188 398.869 400.966
362 322.000 317.509 309.923 312.083 315.670 307.493 316.940 321.663 314.331 314.790 313.827
363 446.000 462.490 463.722 460.366 466.725 459.616 461.302 460.783 462.626 460.547 463.152
364 340.000 330.588 332.778 332.080 330.063 333.572 333.468 332.919 331.357 334.057 331.324
365 340.000 348.794 352.504 351.047 346.957 348.565 352.045 357.837 356.882 349.546 358.927
366 452.000 412.753 426.094 406.623 417.453 413.774 418.922 415.718 419.065 417.988 415.542
367 367.000 360.392 357.667 387.315 359.069 359.000 357.276 388.246 362.393 361.062 357.667
368 425.000 424.402 421.871 424.808 423.239 424.438 421.858 424.017 421.531 422.211 423.945
369 399.000 359.805 363.736 366.803 361.631 361.756 370.108 346.075 364.777 364.512 363.871
370 420.000 418.272 418.390 418.006 417.498 417.833 419.462 417.537 420.140 416.263 419.701
371 526.000 533.475 527.175 532.244 535.601 533.377 532.911 533.014 541.346 535.645 537.713
372 343.000 338.543 343.319 334.062 339.641 344.793 338.299 340.184 339.669 340.712 346.961
373 420.000 430.156 422.272 423.904 423.870 420.217 420.734 421.675 421.690 433.127 422.939
374 403.000 366.861 358.130 357.043 359.060 363.299 361.066 359.965 360.944 358.368 362.575
375 495.000 483.417 482.746 481.562 477.719 485.445 481.394 473.148 478.428 478.036 484.401
376 564.000 439.532 438.638 435.413 445.720 440.061 446.292 438.427 421.605 443.764 437.241
377 420.000 504.042 514.956 514.642 517.294 509.432 489.702 520.735 473.432 488.327 513.220
378 414.000 413.920 418.725 415.936 418.706 419.905 421.365 419.977 418.822 414.716 417.674
379 328.000 324.554 328.271 327.956 326.045 328.285 329.104 329.075 330.445 324.499 327.829
380 546.000 440.587 440.397 439.327 439.649 438.656 441.130 438.736 437.692 443.421 437.472
381 323.000 310.967 313.523 315.093 313.910 312.959 313.445 313.042 311.918 315.214 314.133
382 413.000 408.581 409.928 409.795 409.194 409.538 411.180 411.333 409.558 410.636 410.129
383 360.000 437.297 442.359 435.639 429.567 425.986 432.988 449.728 434.665 436.106 427.027
384 411.000 417.819 415.088 415.659 416.599 417.259 415.695 417.395 412.391 418.341 417.902
385 346.000 349.445 348.403 347.564 347.694 349.731 347.397 336.533 350.277 343.756 337.539
386 449.000 446.848 442.997 442.130 439.636 444.226 451.138 442.051 441.226 443.259 444.055
387 389.000 348.839 353.194 346.930 346.643 350.300 349.979 352.190 349.908 349.601 354.469
388 340.000 413.060 363.716 359.385 360.703 348.862 359.513 364.734 356.743 358.992 362.716
389 343.000 344.263 341.070 340.308 341.991 345.622 342.959 343.325 344.532 344.649 347.528
390 404.000 405.126 402.358 402.936 403.085 403.530 403.020 402.554 403.769 402.456 403.273
391 451.000 456.410 457.804 456.541 458.314 456.258 461.127 454.604 456.868 461.173 459.091
392 359.000 351.600 352.995 353.834 353.320 353.444 353.296 349.528 354.889 354.876 352.487
393 410.000 413.116 408.755 411.280 411.155 411.162 410.903 410.547 408.692 409.544 408.502
394 340.000 344.238 341.146 340.737 341.390 339.072 342.555 342.083 336.966 340.721 341.034
395 504.000 514.614 520.596 515.726 524.834 506.427 509.933 513.270 515.196 512.140 490.680
396 546.000 484.904 480.134 466.644 478.841 470.821 506.429 472.726 483.453 495.739 477.247
397 392.000 394.467 380.626 388.653 389.732 394.230 386.096 387.458 392.934 388.833 394.907
398 413.000 422.499 421.431 419.641 421.301 422.087 425.037 419.418 423.737 422.770 418.789
399 325.000 359.676 353.844 359.671 398.672 363.076 341.081 364.497 365.619 359.223 356.413
400 297.000 304.968 305.712 301.733 304.986 303.588 305.358 303.720 305.404 304.647 303.705
401 397.000 398.848 400.053 397.238 396.004 397.451 397.203 398.856 397.483 397.708 397.112
402 428.000 413.266 422.006 414.158 420.416 420.813 419.489 411.253 414.768 421.026 426.923
403 440.000 441.202 441.081 435.979 453.395 433.062 437.705 444.474 439.311 432.983 443.030
404 604.000 606.090 606.567 604.641 603.187 608.455 606.693 605.741 605.604 606.680 606.159
405 442.000 449.749 449.323 449.528 449.723 450.773 447.596 448.701 449.470 449.688 449.222
406 462.000 459.297 458.605 461.302 459.924 458.590 457.444 458.365 460.526 459.180 454.535
407 491.000 469.306 466.557 453.074 466.434 468.733 456.998 470.745 444.346 472.231 462.634
408 495.000 506.177 503.473 486.440 497.845 497.599 497.197 502.228 506.073 496.919 507.017
409 394.000 383.202 382.801 383.012 357.096 383.582 384.127 366.125 380.739 379.693 381.408
410 320.000 324.830 324.661 314.098 324.989 324.856 325.067 326.715 315.578 324.641 324.856
411 445.000 442.864 445.325 445.196 445.813 440.306 434.197 443.720 445.133 444.757 444.018
412 350.000 341.126 341.359 341.931 343.603 341.504 342.434 338.987 342.099 342.029 341.824
413 332.000 317.633 323.161 320.460 318.520 320.711 318.344 317.809 317.420 318.001 321.541
414 411.000 417.586 424.953 429.048 426.482 422.318 426.843 426.100 425.598 425.340 424.510
415 341.000 358.846 357.139 363.001 350.981 337.628 353.230 365.325 361.816 341.862 356.282
416 452.000 456.473 458.920 457.641 458.297 456.690 460.687 460.666 456.767 461.519 457.688
417 398.000 399.117 396.599 395.111 397.709 399.767 390.903 394.627 390.816 393.415 397.011
418 357.000 352.769 353.476 354.836 354.701 356.728 355.597 355.951 355.199 351.582 354.384
419 410.000 413.966 411.286 410.985 412.664 410.344 412.317 410.000 411.593 411.345 414.217
420 411.000 387.292 387.962 394.840 380.743 389.984 386.051 389.877 392.492 379.319 380.739
421 316.000 317.892 315.501 318.321 317.079 318.210 318.089 317.735 317.813 317.919 316.648
422 454.000 434.280 442.782 436.970 433.662 438.204 436.718 438.300 433.879 436.488 436.065
423 492.000 488.303 489.884 488.932 490.531 486.893 487.840 488.749 479.477 487.496 484.214
424 405.000 414.969 421.474 416.642 415.948 419.940 418.045 417.462 424.863 419.893 422.073
425 357.000 360.209 360.698 360.776 359.456 361.610 362.814 370.192 358.684 360.298 358.961
426 424.000 417.250 417.046 416.338 415.717 419.799 417.898 420.325 412.664 416.182 415.498
427 335.000 344.049 346.521 348.568 342.408 345.712 342.750 336.771 347.743 338.217 347.538
428 438.000 439.723 440.498 441.889 443.310 443.172 444.166 434.042 446.151 435.983 443.366
429 525.000 446.568 467.344 454.772 441.349 449.710 457.349 462.582 433.864 457.702 487.981
430 331.000 410.535 416.421 414.941 414.638 418.230 414.392 407.719 411.407 413.770 398.956
431 431.000 371.006 371.473 370.551 374.610 374.177 371.272 370.434 370.862 375.068 364.694
432 591.000 599.634 600.827 601.570 601.048 602.025 602.731 604.092 604.235 600.021 603.651
433 414.000 416.639 420.577 417.233 416.066 417.773 417.048 417.057 417.615 418.231 418.428
434 388.000 379.301 378.905 381.829 381.677 381.299 379.130 380.281 381.356 382.569 381.183
435 585.000 584.432 590.223 587.207 583.636 590.598 588.950 589.835 592.618 591.725 591.139
436 398.000 399.464 398.435 396.244 398.251 398.187 399.432 399.385 400.180 399.357 399.295
437 441.000 384.989 380.906 377.839 383.655 381.341 367.085 389.450 380.159 373.512 377.937
438 309.000 314.602 315.173 316.885 316.264 316.782 314.714 314.161 317.095 317.280 316.460
439 518.000 524.367 530.536 528.622 526.586 522.307 512.924 528.836 512.789 525.474 516.409
440 416.000 419.581 418.763 419.436 418.410 418.743 419.153 418.827 419.527 418.461 418.801
441 412.000 416.243 417.555 413.128 416.289 416.334 415.176 418.700 416.633 417.094 415.924
442 385.000 414.438 405.375 402.794 407.748 398.794 413.428 403.501 398.798 400.655 397.215
443 325.000 321.900 319.379 321.900 319.700 321.900 317.836 321.900 319.951 319.725 319.655
444 325.000 320.512 333.177 320.457 320.831 338.699 320.481 327.016 343.322 320.602 320.720
445 328.000 330.686 332.675 331.661 331.087 340.730 331.144 333.891 330.891 344.022 328.106
446 397.000 389.135 393.243 393.204 391.457 392.661 392.734 393.794 391.945 391.922 394.229
447 407.000 410.642 411.125 410.634 410.787 411.546 411.283 410.650 410.360 412.071 410.610
448 491.000 453.457 448.411 456.366 441.518 450.805 439.762 443.348 444.328 448.397 446.930
449 328.000 330.700 320.684 330.394 325.140 331.422 329.123 323.368 325.994 328.723 329.601
450 430.000 429.128 439.292 430.636 429.329 431.903 440.560 428.816 429.934 429.097 431.807
451 413.000 406.972 398.254 402.823 401.603 396.488 399.116 397.715 399.152 400.116 396.055
452 364.000 365.311 368.061 367.714 367.635 366.694 369.983 369.414 368.522 368.132 366.090
453 404.000 400.926 402.794 401.642 402.810 403.940 403.855 394.870 401.336 402.938 401.891
454 431.000 437.805 433.623 433.156 434.520 453.861 431.823 433.616 433.831 435.078 433.032
455 461.000 452.106 452.719 453.078 451.746 450.079 453.399 452.643 450.806 451.815 454.578
456 346.000 342.733 350.725 345.128 334.611 337.989 340.716 352.355 338.366 339.058 347.689
457 461.000 460.863 459.332 458.966 460.056 459.662 462.013 457.993 457.890 458.042 460.257
458 446.000 450.253 451.800 450.968 450.545 453.614 452.333 451.318 451.440 450.764 450.348
459 334.000 328.301 330.288 324.828 326.899 329.385 330.540 330.632 334.700 328.976 328.435
460 368.000 342.765 341.748 344.191 347.884 344.419 343.412 334.338 340.953 345.392 349.534
461 421.000 365.439 371.522 369.783 366.151 367.513 366.873 367.967 366.210 371.735 370.115
462 536.000 538.449 544.550 558.597 540.466 537.260 543.903 539.689 548.153 542.023 541.484
463 399.000 400.171 400.285 398.928 401.404 401.275 402.121 400.449 401.435 401.024 401.639
464 584.000 570.230 588.937 592.689 589.980 591.152 568.580 591.559 593.524 588.361 588.943
465 592.000 591.009 591.924 590.768 588.922 591.141 589.763 587.429 594.032 590.173 592.770
466 450.000 446.192 448.432 452.692 447.033 447.184 449.306 450.273 445.875 452.956 446.244
467 359.000 353.401 351.345 352.731 352.324 350.615 352.427 354.842 355.665 352.618 352.696
468 325.000 317.661 316.863 315.965 316.920 317.143 321.834 319.277 314.396 315.644 316.032
469 315.000 319.095 319.912 321.061 316.206 317.767 318.705 313.296 321.456 309.931 318.927
470 411.000 418.480 419.863 378.654 413.097 410.486 409.936 368.545 411.672 415.729 423.598
471 548.000 549.839 537.059 551.246 545.490 551.236 551.149 537.140 549.956 551.024 543.372
472 450.000 445.600 446.183 446.011 447.073 448.162 447.068 447.158 447.423 446.974 441.181
473 310.000 326.117 315.129 324.053 322.440 318.665 321.036 315.546 306.176 313.292 325.320
474 362.000 317.109 331.019 333.097 337.899 335.360 336.068 330.802 334.804 336.736 336.355
475 322.000 330.130 332.327 327.586 328.908 323.541 331.109 337.396 335.576 329.511 330.647
476 396.000 402.294 405.211 405.190 404.456 404.208 405.628 403.673 403.619 404.748 404.032
477 408.000 411.111 411.360 412.003 412.664 414.205 412.093 413.287 411.563 412.455 411.677
478 540.000 530.491 528.782 533.193 530.501 532.075 519.655 529.588 533.097 538.578 532.713
479 399.000 384.497 382.502 386.360 402.734 387.225 385.341 383.468 389.814 388.406 405.379
480 448.000 463.695 464.767 462.816 463.331 465.476 462.192 462.729 457.927 460.510 462.024
481 460.000 406.045 407.628 405.875 406.914 406.406 406.143 407.457 406.172 401.484 406.445
482 331.000 327.428 325.055 326.226 330.307 326.800 325.926 328.848 329.782 327.500 326.105
483 448.000 449.467 450.619 449.665 450.465 447.338 451.506 450.617 446.645 450.129 450.812
484 444.000 445.455 455.569 447.400 445.461 449.849 443.917 450.359 447.020 443.263 443.467
485 336.000 335.455 334.842 333.600 335.502 335.344 333.464 331.352 334.278 332.247 333.868
486 502.000 388.253 401.242 399.558 412.709 407.816 393.514 397.325 392.882 401.745 404.001
487 409.000 412.078 408.379 405.875 406.461 411.027 408.177 406.403 406.480 410.609 404.908
488 405.000 404.729 405.052 404.916 405.422 405.584 406.650 405.775 404.596 405.719 405.071
489 555.000 565.653 570.648 563.413 573.113 560.830 560.399 569.698 568.915 568.717 577.674
490 427.000 419.095 420.759 419.935 415.650 420.076 416.343 419.877 421.574 407.480 418.138
491 452.000 437.365 439.302 441.030 436.505 439.856 441.277 440.870 442.128 441.669 439.968
492 329.000 332.357 335.712 331.772 334.734 332.682 329.601 331.608 334.048 332.998 335.769
493 491.000 460.859 483.849 475.626 480.527 473.332 471.330 458.013 453.754 467.665 465.154
494 440.000 440.950 436.641 442.404 439.522 462.734 456.655 436.552 441.029 436.719 436.918
495 363.000 343.180 344.272 342.191 344.185 342.663 340.148 343.621 349.008 342.300 345.011
496 432.000 423.380 418.011 423.407 424.345 420.634 421.897 422.091 423.926 424.862 434.771
497 514.000 520.587 517.772 517.852 485.584 515.756 520.223 508.212 502.592 499.855 495.594
498 536.000 567.358 582.899 582.900 582.900 582.899 582.900 582.900 582.900 582.899 582.900
499 462.000 457.834 459.049 456.447 457.038 456.198 455.236 457.167 457.741 456.668 458.605
500 510.000 516.788 517.697 514.559 516.809 515.244 511.253 517.005 516.116 511.303 515.966
501 357.000 385.745 380.475 385.258 378.693 382.833 381.786 385.188 382.407 381.579 381.733
502 418.000 422.957 425.598 429.423 429.962 428.978 425.346 429.389 424.513 438.761 421.484
503 406.000 432.934 427.579 433.767 435.934 425.071 436.661 432.411 441.078 433.396 431.729
504 464.000 450.182 442.961 445.237 450.943 448.527 445.236 451.843 455.646 447.920 449.872
505 400.000 397.360 397.155 399.020 403.695 397.537 396.908 398.346 396.924 396.731 396.394
506 400.000 403.558 403.220 399.384 402.905 403.925 405.253 403.735 402.527 404.661 406.023
507 333.000 326.506 328.426 329.037 330.135 328.360 328.560 329.434 326.034 326.046 331.066
508 452.000 486.920 454.809 483.534 480.497 477.204 488.374 478.840 450.642 479.114 479.709
509 586.000 563.180 561.953 559.906 560.546 564.194 556.159 561.390 561.017 559.262 556.497
510 461.000 446.963 449.560 446.310 447.187 446.851 443.492 442.147 444.365 442.616 446.817
511 606.000 597.321 597.612 595.985 599.170 573.905 595.561 595.712 597.162 595.391 598.770
512 338.000 370.310 377.278 361.987 371.544 365.086 369.797 371.161 374.199 372.842 374.519
513 368.000 373.843 360.612 368.856 371.237 370.246 366.804 375.015 359.365 363.999 363.951
514 442.000 428.292 418.838 412.660 411.805 418.702 420.122 416.595 420.582 415.787 420.281
515 417.000 402.100 402.100 402.100 402.100 402.100 401.900 410.124 402.100 402.100 402.100
516 328.000 327.065 324.702 328.278 328.457 330.712 329.895 336.021 330.811 326.907 329.956
517 477.000 495.455 495.022 492.073 498.140 490.218 495.921 494.076 499.440 493.750 490.370
518 350.000 336.308 319.657 340.614 316.836 322.067 317.306 319.053 320.679 316.791 318.062
519 421.000 411.270 412.147 412.118 412.466 412.223 414.371 411.457 412.563 411.324 412.508
520 592.000 572.504 571.859 572.163 560.826 560.869 570.287 563.082 564.210 555.825 570.219
521 422.000 436.621 434.803 436.661 435.884 434.141 435.180 435.611 431.577 431.021 434.248
522 473.000 482.306 481.387 486.844 484.453 493.269 483.348 488.237 479.939 493.119 484.753
523 567.000 567.143 562.250 569.281 561.505 560.015 560.890 559.863 569.361 563.844 564.585
524 425.000 410.896 403.274 411.545 412.039 413.702 411.186 399.631 413.828 409.863 408.651
525 429.000 432.031 430.849 427.855 430.749 427.659 425.966 428.714 429.658 423.456 426.257
526 351.000 347.006 347.266 346.755 354.926 343.973 345.513 353.946 344.593 349.836 338.051
527 416.000 419.900 416.992 416.457 418.276 417.383 417.890 418.264 417.710 415.898 417.552
528 354.000 345.506 348.759 347.325 349.572 346.438 349.246 349.604 352.321 349.817 344.562
529 524.000 522.147 524.105 522.885 521.628 522.058 519.479 521.230 520.903 523.664 521.499
530 334.000 362.831 370.959 369.971 366.620 367.117 364.933 366.529 369.755 367.266 367.283
531 462.000 457.586 457.323 459.970 456.797 456.829 455.236 458.119 459.512 457.601 458.830
532 477.000 447.290 439.677 449.395 451.955 456.176 455.009 446.001 447.360 451.526 451.830
533 528.000 532.330 517.657 531.395 531.269 531.792 534.529 538.676 534.906 530.940 530.815
534 335.000 338.532 347.179 337.666 352.872 334.449 331.150 330.247 331.976 339.489 335.551
535 323.000 312.421 308.757 308.170 309.706 310.557 309.497 303.765 310.360 309.826 310.204
536 412.000 416.871 418.044 417.803 416.186 417.383 416.100 416.520 416.385 417.398 416.703
537 551.000 537.935 534.998 545.271 546.059 536.484 543.472 542.592 547.048 553.872 538.406
538 406.000 407.537 407.719 405.467 407.634 407.110 407.202 408.177 407.785 408.326 408.160
539 502.000 501.584 490.217 500.638 490.088 489.855 487.042 488.199 502.290 492.652 490.254
540 415.000 409.056 411.775 409.092 409.522 408.733 409.815 409.839 408.018 410.061 407.406
541 336.000 331.973 332.732 331.096 334.655 331.457 331.801 330.773 331.299 334.326 329.975
542 312.000 320.657 325.451 323.904 324.074 321.379 328.577 315.689 326.330 319.492 321.744
543 330.000 329.922 328.455 328.749 327.823 328.300 329.195 329.768 328.667 330.138 328.932
544 508.000 445.284 450.021 451.465 450.773 434.203 450.305 450.427 446.756 442.417 448.653
545 588.000 592.470 591.895 591.940 591.586 592.216 591.019 590.811 591.227 591.185 594.560
546 410.000 422.821 423.522 425.562 425.311 430.731 420.889 423.507 424.002 424.172 429.620
547 540.000 543.391 532.782 539.109 553.879 548.530 541.875 545.927 537.124 541.198 540.919
548 362.000 368.967 372.747 365.203 371.317 372.429 360.514 367.106 374.221 369.602 372.829
549 404.000 407.064 407.452 406.384 407.877 406.039 407.521 406.611 407.623 407.367 407.845
550 370.000 359.645 368.511 369.700 364.609 364.409 361.573 369.556 364.005 362.983 370.240
551 482.000 396.180 415.455 416.880 395.663 421.463 417.176 416.468 390.755 414.399 419.065
552 398.000 395.306 395.512 394.311 395.757 396.165 395.692 395.603 395.393 394.371 396.261
553 466.000 471.867 462.887 491.701 471.105 471.554 472.373 473.942 461.807 472.344 465.717
554 405.000 402.264 402.857 402.208 403.823 401.545 402.047 403.465 404.023 404.200 403.342
555 576.000 564.158 555.899 566.856 567.354 565.910 574.416 559.524 561.543 567.794 563.934
556 457.000 409.899 410.164 409.899 409.994 410.983 410.557 410.000 410.099 410.099 410.099
557 478.000 459.342 452.662 454.710 454.409 459.154 458.755 457.630 458.940 458.489 456.750
558 431.000 429.276 429.382 431.848 423.206 433.340 426.359 428.043 427.504 419.671 429.790
559 411.000 337.667 342.522 343.910 339.927 330.094 337.456 349.114 348.121 342.381 343.169
560 409.000 405.007 409.944 407.308 406.575 405.808 406.681 402.199 407.914 404.400 405.549
561 375.000 366.316 358.112 366.581 364.147 363.863 355.788 361.025 369.593 373.385 363.804
562 400.000 396.083 395.362 400.450 404.541 397.515 397.638 397.166 400.199 394.622 400.575
563 331.000 323.891 327.247 324.839 325.664 322.827 326.446 325.084 324.853 325.704 329.061
564 412.000 401.219 396.621 391.686 388.744 393.823 389.737 387.286 389.444 390.290 387.201
565 485.000 491.682 503.423 488.089 491.192 487.878 484.038 489.047 492.878 490.079 498.088
566 407.000 410.593 411.351 411.998 411.260 411.401 411.367 412.097 411.658 411.457 412.604
567 405.000 401.358 399.888 401.833 401.436 401.489 405.641 397.074 398.844 398.752 402.225
568 406.000 407.496 407.717 406.857 407.851 406.318 409.485 409.344 408.549 409.280 408.042
569 342.000 342.214 341.587 342.988 348.786 341.202 337.843 342.694 343.920 342.643 343.420
570 321.000 327.842 326.419 329.093 328.835 328.335 324.726 328.276 328.402 328.187 329.338
571 361.000 359.244 359.077 359.622 361.198 360.275 362.468 362.128 359.842 361.936 361.346
572 387.000 387.949 386.630 387.580 387.045 389.179 384.590 386.296 389.881 389.168 389.385
573 323.000 320.547 317.934 318.894 320.522 318.060 316.750 319.461 319.499 318.568 321.018
574 390.000 403.606 401.253 405.816 401.625 401.041 402.107 402.052 405.084 403.136 399.378
575 440.000 456.790 451.873 462.862 470.557 451.030 470.089 454.697 460.838 453.168 467.613
576 332.000 367.306 368.124 357.330 362.136 361.957 364.210 369.275 365.429 363.400 360.050
577 456.000 471.836 476.301 473.065 474.007 479.295 476.321 471.955 471.214 483.730 469.256
578 488.000 456.711 454.202 455.709 454.495 455.317 454.531 458.412 453.213 456.819 470.136
579 332.000 364.757 362.678 376.109 358.531 365.281 365.265 370.865 372.050 368.170 367.792
580 316.000 314.471 313.975 315.327 313.701 314.449 315.192 320.502 318.774 315.653 316.672
581 459.000 417.407 424.193 414.273 417.368 411.412 416.160 417.211 419.406 412.565 421.011
582 335.000 328.006 329.710 330.498 332.422 330.058 331.313 329.085 334.314 329.481 332.649
583 332.000 330.599 324.840 319.992 315.483 326.997 327.572 318.772 326.298 322.578 324.259
584 459.000 466.694 468.835 470.151 478.982 468.568 467.955 468.977 464.891 467.949 473.171
585 396.000 390.314 390.742 390.404 394.084 392.111 393.542 393.561 392.478 390.657 392.224
586 489.000 484.256 484.170 483.431 483.052 484.873 484.045 485.100 485.166 484.741 484.871
587 417.000 374.096 373.409 368.203 374.288 373.110 371.627 369.427 370.064 366.565 368.844
588 404.000 404.909 406.101 405.868 406.882 405.696 405.722 406.282 405.736 407.254 404.872
589 400.000 401.965 403.833 401.315 403.383 405.175 405.787 408.524 404.891 403.455 404.065
590 357.000 361.519 361.062 360.495 361.521 361.841 362.244 361.634 362.217 361.657 362.154
591 437.000 490.853 487.018 489.836 487.715 485.863 487.622 491.993 493.276 466.787 492.697
592 542.000 539.729 544.627 545.387 533.660 549.468 550.596 546.531 546.995 535.064 543.656
593 419.000 421.516 419.776 419.345 419.466 419.723 418.182 418.464 420.882 421.340 421.466
594 350.000 365.896 354.718 361.036 366.963 360.540 362.920 360.572 365.822 363.842 365.166
595 424.000 424.853 426.517 426.949 427.592 429.918 425.833 428.820 427.055 419.368 425.073
596 443.000 455.024 457.399 456.365 464.283 441.670 459.474 454.169 456.313 459.023 453.548
597 439.000 435.509 437.723 437.164 437.296 433.584 433.141 436.332 436.710 435.113 438.239
598 324.000 313.332 309.739 309.981 313.277 310.848 315.167 311.778 310.391 311.369 313.434
599 311.000 333.843 318.577 332.353 335.148 316.080 333.536 333.532 334.511 332.224 334.446
600 331.000 331.859 336.387 333.215 335.615 334.225 335.393 335.750 330.617 334.841 331.721
601 428.000 434.314 434.559 435.245 435.328 434.042 435.177 435.417 436.080 435.543 435.694
602 400.000 415.649 412.579 412.126 412.588 412.386 412.877 412.233 412.769 411.536 411.622
603 309.000 314.953 318.818 312.001 314.468 316.119 319.875 318.074 312.996 315.647 315.054
604 375.000 371.542 362.311 362.969 374.935 373.427 380.118 385.825 373.542 370.514 375.608
605 450.000 434.133 435.166 434.570 428.910 435.806 434.321 430.125 432.831 436.862 429.948
606 388.000 382.374 384.990 383.523 384.206 383.105 381.741 384.142 378.893 385.805 381.694
607 323.000 348.878 349.593 352.980 358.751 350.518 347.937 348.463 350.003 348.571 347.780
608 448.000 441.833 435.266 438.673 438.128 442.595 438.291 434.789 441.152 434.673 441.832
609 372.000 381.711 382.990 393.482 405.025 392.287 389.222 395.306 382.212 387.549 376.910
610 328.000 322.971 321.461 317.621 322.679 320.859 321.182 318.909 319.385 325.798 329.457
611 460.000 459.089 446.731 460.150 458.943 457.842 459.356 458.627 459.141 459.766 459.466
612 504.000 469.869 470.356 476.861 473.779 480.173 479.826 474.272 475.721 475.921 474.009
613 433.000 432.455 432.458 434.350 434.191 433.988 433.716 434.785 434.198 436.706 433.780
614 564.000 564.849 568.994 567.896 570.556 565.147 569.857 564.465 564.195 563.123 572.829
615 439.000 399.870 398.975 403.056 409.221 402.910 408.124 399.901 393.565 407.134 403.156
616 440.000 460.759 457.710 455.363 459.731 455.874 445.359 451.056 433.637 454.324 448.514
617 484.000 492.552 495.010 489.228 490.125 489.034 488.901 489.906 497.922 488.597 497.759
618 396.000 394.854 391.943 393.462 394.861 391.270 391.139 387.788 394.672 393.110 396.455
619 435.000 420.691 421.652 422.353 422.284 425.677 424.582 420.819 423.096 420.780 423.148
620 397.000 400.245 399.920 406.378 400.908 403.083 400.198 407.080 406.431 407.903 400.411
621 420.000 416.100 417.113 416.457 418.276 415.900 416.100 416.656 416.385 415.898 415.900
622 408.000 427.353 426.772 426.884 430.562 449.983 377.302 429.715 428.508 437.602 443.184
623 437.000 434.079 431.754 430.356 432.205 432.096 431.493 432.086 431.281 435.571 430.161
624 406.000 415.429 412.477 416.773 411.327 409.638 392.063 411.674 393.216 420.903 414.690
625 393.000 400.930 401.777 401.407 399.155 401.008 376.715 401.568 397.102 401.429 394.615
626 452.000 470.990 473.385 469.721 471.256 471.589 476.267 470.940 466.855 457.475 472.876
627 466.000 448.694 450.038 439.705 450.729 451.511 451.982 449.483 451.382 455.336 450.863
628 410.000 384.537 418.362 419.507 411.765 417.395 414.619 417.313 417.272 422.105 416.011
629 447.000 445.726 446.900 442.875 444.200 446.900 446.900 446.240 445.081 434.571 446.318
630 487.000 461.200 460.858 459.532 463.769 459.574 459.283 459.196 465.920 464.361 450.532
631 420.000 430.703 430.406 434.326 430.882 431.061 434.344 430.674 429.625 432.862 432.488
632 565.000 577.155 582.643 578.929 577.632 579.201 579.792 577.966 575.610 578.680 577.765
633 309.000 309.704 312.711 314.785 315.627 316.381 312.009 309.780 315.020 313.448 312.028
634 437.000 434.905 434.336 434.186 434.827 436.549 434.960 434.873 435.233 433.760 435.087
635 481.000 483.182 480.502 480.154 484.529 485.028 481.629 483.654 485.362 482.988 482.921
636 390.000 394.728 396.022 396.394 393.900 395.277 392.022 395.961 394.957 391.350 399.395
637 329.000 326.619 325.021 327.643 329.478 327.872 330.567 328.500 328.753 328.368 327.891
638 349.000 350.167 345.009 344.961 351.300 347.691 349.822 350.310 346.796 350.484 343.793
639 336.000 324.797 321.630 322.274 326.083 323.379 324.544 325.143 325.482 323.328 324.157
640 550.000 546.038 544.160 543.985 545.384 547.136 548.790 546.667 539.322 424.252 545.240
641 315.000 310.362 311.799 312.453 312.470 310.404 310.908 312.451 311.302 312.189 312.964
642 420.000 427.412 425.375 426.204 422.023 423.280 427.306 428.858 430.630 424.301 426.245
643 466.000 460.947 459.986 459.025 460.146 456.492 460.029 452.948 463.217 459.405 459.872
644 315.000 318.679 317.685 319.396 317.082 323.014 320.744 317.667 321.492 320.359 321.075
645 345.000 361.881 365.271 358.395 355.201 360.345 362.599 358.920 364.807 359.612 344.851
646 451.000 454.773 454.119 454.057 453.245 452.894 452.222 452.479 452.027 457.173 454.839
647 337.000 381.750 379.093 358.762 418.605 379.292 365.774 378.524 379.052 378.996 362.555
648 439.000 409.200 409.177 409.647 409.400 409.040 405.935 411.219 404.268 405.150 408.458
649 330.000 327.996 327.714 334.172 328.145 325.492 328.374 330.072 329.973 326.313 330.012
650 538.000 546.712 549.297 543.495 548.429 542.153 547.316 541.549 528.294 538.863 546.349
651 326.000 350.782 349.100 360.596 347.611 345.492 350.847 349.412 349.610 350.519 342.672
652 392.000 414.219 416.549 412.417 406.897 418.286 400.568 421.583 414.316 413.705 407.284
653 366.000 400.354 399.634 405.219 402.924 401.469 404.157 396.137 401.362 403.005 388.722
654 318.000 299.132 298.125 312.221 297.395 308.001 292.953 295.841 298.360 316.024 301.071
655 561.000 502.279 495.979 502.649 503.511 508.638 497.157 501.412 496.117 493.267 491.284
656 436.000 463.398 453.082 450.964 452.484 445.767 450.270 450.767 452.884 450.171 448.195
657 463.000 454.874 456.771 455.536 454.013 453.481 454.204 453.377 453.592 456.144 454.921
658 348.000 353.475 349.977 351.940 351.117 350.252 351.411 351.509 352.077 351.658 351.832
659 313.000 325.557 325.102 327.814 328.663 324.396 329.534 326.547 326.556 326.899 329.297
660 451.000 453.634 449.799 449.456 448.863 448.744 452.206 456.495 447.786 447.402 448.263
661 384.000 385.488 389.232 395.008 393.836 392.528 388.768 388.122 387.014 388.091 390.554
662 459.000 457.512 437.321 457.622 461.038 433.171 433.363 457.611 458.400 458.204 458.866
663 421.000 348.053 355.050 349.550 360.007 342.550 358.582 344.050 343.737 352.480 350.637
664 481.000 481.202 479.587 478.805 479.877 480.672 479.506 477.902 479.525 478.839 480.890
665 320.000 327.441 328.107 328.244 329.801 328.143 328.430 329.181 327.635 327.934 328.270
666 310.000 391.798 384.750 396.637 400.112 380.596 399.496 392.286 388.897 392.916 379.014
667 402.000 403.681 405.675 403.531 409.032 407.073 405.442 404.257 403.978 405.717 404.417
668 530.000 450.018 450.550 451.085 446.343 449.854 449.556 444.219 452.322 449.978 448.097
669 583.000 535.899 535.900 535.900 535.900 535.900 535.900 535.899 535.900 536.100 535.900
670 421.000 419.196 423.305 424.297 427.291 419.523 420.759 420.546 415.624 422.123 420.603
671 415.000 419.900 417.113 418.389 416.447 418.947 417.701 416.328 417.949 417.792 419.244
672 387.000 384.541 381.505 382.263 380.410 383.180 380.158 379.487 382.777 380.705 386.104
673 584.000 584.214 583.092 582.521 582.151 583.285 545.475 582.810 582.068 585.116 583.359
674 307.000 321.264 321.617 321.757 321.387 321.322 319.801 319.832 321.274 321.031 321.604
675 424.000 423.183 423.322 424.686 422.837 422.366 423.828 421.172 420.394 424.664 423.584
676 449.000 445.623 443.006 445.954 439.440 443.453 444.751 443.067 443.264 436.251 441.851
677 610.000 491.154 494.855 482.888 500.977 497.102 493.032 499.065 499.245 492.667 495.295
678 505.000 493.461 487.852 492.986 499.214 492.655 488.902 476.626 491.780 492.192 486.623
679 408.000 405.243 405.519 403.412 404.833 405.447 404.104 404.913 405.036 405.976 404.464
680 377.000 378.890 388.963 386.929 387.056 383.063 374.698 381.777 381.732 388.439 386.885
681 502.000 409.181 409.634 388.011 418.338 406.161 411.062 416.760 407.283 410.693 423.889
682 319.000 332.477 327.438 324.770 322.146 330.268 333.703 329.108 330.458 341.268 325.075
683 394.000 390.142 395.474 396.432 391.529 394.076 394.114 393.691 393.489 393.843 390.126
684 290.000 315.310 313.508 315.192 319.248 313.083 313.060 313.860 311.019 318.573 315.658
685 407.000 413.966 412.379 410.970 411.894 414.205 413.714 412.430 411.799 413.322 412.714
686 444.000 434.420 436.445 439.942 432.111 434.957 430.576 438.137 435.453 445.150 441.802
687 322.000 325.471 323.878 320.890 327.520 324.220 325.924 327.092 323.982 322.447 325.309
688 331.000 325.564 318.321 321.488 317.332 319.389 319.246 320.479 317.701 316.508 321.478
689 402.000 408.158 401.910 405.867 402.630 407.904 401.759 409.047 405.185 404.225 408.732
690 320.000 329.713 330.939 330.769 329.585 331.558 329.984 331.952 332.083 329.947 331.253
691 386.000 384.965 373.134 375.057 379.610 384.298 385.251 383.197 382.882 382.369 384.825
692 364.000 441.356 442.016 441.493 445.382 442.540 443.146 442.871 441.460 442.326 443.874
693 328.000 329.032 330.531 330.158 329.249 329.274 330.055 329.852 330.533 331.166 330.315
694 312.000 312.342 315.007 313.358 314.820 313.808 314.838 312.847 318.307 313.637 315.755
695 378.000 380.060 374.324 378.304 382.140 384.313 380.152 380.795 384.212 386.049 380.952
696 331.000 332.624 330.743 332.800 332.885 332.461 337.527 333.517 332.255 336.016 331.994
697 330.000 341.429 346.347 343.929 350.412 348.746 347.209 350.224 349.518 352.350 353.405
698 451.000 448.629 448.436 443.795 447.073 442.532 444.784 446.396 443.602 439.264 439.171
699 313.000 380.792 384.040 392.669 372.445 386.846 381.424 381.987 385.495 378.815 375.611
700 408.000 409.961 410.775 412.889 408.978 414.274 409.014 410.194 415.466 409.937 415.450
701 440.000 430.100 430.100 430.100 430.100 430.100 430.101 430.100 430.100 430.100 430.100
702 375.000 371.919 371.994 373.175 375.482 371.511 374.926 377.643 379.270 375.889 371.963
703 462.000 459.268 448.827 460.517 460.298 460.326 460.100 459.495 460.157 460.854 459.704
704 450.000 435.461 428.222 428.536 432.674 432.629 435.974 431.090 426.660 431.110 430.678
705 417.000 414.766 414.971 415.828 414.912 415.187 413.653 413.887 414.370 416.458 413.663
706 452.000 449.870 447.759 446.069 455.920 447.519 451.174 443.110 448.902 449.528 441.748
707 526.000 526.183 530.024 542.289 524.198 523.886 527.881 523.813 525.156 526.954 527.366
708 460.000 457.505 448.751 434.380 455.759 457.262 447.545 456.522 445.170 457.360 457.307
709 428.000 433.715 436.124 432.057 434.027 429.747 435.230 428.824 435.567 438.137 432.374
710 310.000 346.486 346.935 346.884 341.387 347.370 342.779 350.568 350.513 348.383 346.327
711 412.000 419.179 417.868 419.216 417.924 420.650 419.941 416.684 415.778 415.940 421.818
712 320.000 326.151 324.580 326.219 330.407 327.858 331.536 329.890 327.169 326.225 323.573
713 468.000 461.219 459.917 464.165 462.063 472.579 453.435 468.395 455.316 462.482 465.904
714 316.000 331.651 331.441 336.138 330.599 328.306 335.137 335.941 333.205 335.243 336.245
715 602.000 599.832 597.511 595.687 597.996 595.490 597.582 597.099 598.458 597.974 597.273
716 328.000 338.584 347.781 343.883 339.844 336.601 340.694 337.883 339.692 338.322 337.934
717 579.000 528.100 528.100 528.100 528.100 528.100 528.100 528.100 528.100 528.100 528.101
718 354.000 347.876 345.600 344.353 346.773 343.074 347.618 347.031 347.456 348.829 347.321
