data_index lambdaa.observed lambdaa.predicted.repeat1 lambdaa.predicted.repeat2 lambdaa.predicted.repeat3 lambdaa.predicted.repeat4 lambdaa.predicted.repeat5 lambdaa.predicted.repeat6 lambdaa.predicted.repeat7 lambdaa.predicted.repeat8 lambdaa.predicted.repeat9 lambdaa.predicted.repeat10
1 342.000 369.103 361.109 364.707 364.706 371.972 365.191 362.704 351.697 347.662 369.542
2 336.000 347.760 346.170 341.276 350.910 352.960 345.216 353.855 339.961 351.985 353.001
3 434.000 428.616 422.755 412.669 427.890 422.505 416.334 426.417 420.022 427.532 419.229
4 320.000 323.571 321.861 324.478 321.434 322.426 322.563 322.778 320.320 325.115 323.139
5 317.000 327.155 329.670 326.474 326.183 328.686 327.806 328.484 327.756 328.519 328.943
6 432.000 451.269 464.033 464.124 453.979 459.413 452.452 458.736 455.785 455.260 461.948
7 419.000 415.928 419.370 411.184 416.634 414.134 416.249 419.368 411.746 415.298 412.626
8 554.000 519.299 513.620 513.326 501.195 516.374 515.008 513.100 518.255 512.489 521.544
9 438.000 442.865 451.019 457.970 454.325 446.685 437.899 447.331 449.495 447.260 448.172
10 315.000 323.110 321.762 324.446 323.233 322.426 322.018 322.976 322.410 323.297 321.061
11 325.000 328.455 328.957 328.024 327.319 329.774 330.296 329.306 328.618 328.384 329.740
12 492.000 441.809 418.265 425.878 424.983 434.955 424.767 436.316 429.970 434.824 427.450
13 370.000 382.447 385.032 372.137 385.227 382.823 376.695 373.893 376.888 375.183 378.592
14 424.000 425.347 422.167 413.198 420.041 412.636 428.073 427.338 417.625 420.172 422.066
15 400.000 401.392 401.521 398.862 400.031 403.818 402.300 401.142 400.550 399.300 401.498
16 406.000 400.142 398.494 399.088 399.966 399.543 401.071 401.177 399.071 398.970 397.804
17 429.000 429.584 440.788 448.820 434.862 449.226 443.580 440.654 442.990 444.918 441.934
18 450.000 438.223 432.515 436.147 442.026 434.499 431.265 416.468 431.013 437.914 441.453
19 342.000 328.036 335.880 335.331 336.112 333.639 335.555 337.842 333.993 330.734 331.600
20 302.000 326.672 325.707 326.995 324.860 328.304 325.311 326.832 326.315 328.190 329.584
21 437.000 446.483 434.223 425.896 443.772 439.131 440.638 442.069 447.868 448.366 439.464
22 407.000 424.644 423.938 423.552 425.518 422.929 424.639 423.919 425.731 419.807 423.640
23 384.000 398.456 399.545 392.487 397.200 403.652 408.084 392.628 404.348 398.665 411.761
24 371.000 382.489 385.500 379.440 391.134 384.086 382.725 381.229 381.532 383.994 377.620
25 417.000 363.760 351.090 369.441 365.327 368.966 369.625 367.959 355.662 362.352 360.133
26 425.000 429.891 428.886 434.317 434.845 431.550 435.385 433.082 432.249 421.755 436.382
27 350.000 324.989 327.236 326.846 329.667 326.678 324.641 326.851 328.633 327.684 326.783
28 444.000 424.004 420.884 424.014 422.528 422.536 415.799 423.658 415.124 420.338 427.064
29 379.000 386.385 388.705 386.920 376.627 382.227 400.815 385.266 379.891 391.314 388.161
30 400.000 420.351 421.998 425.471 422.776 422.011 422.361 424.783 421.681 425.388 425.042
31 378.000 389.096 381.879 394.137 390.162 399.972 403.148 399.266 397.615 388.056 378.795
32 364.000 375.830 385.777 384.363 385.106 383.302 376.475 386.072 380.290 386.077 387.772
33 360.000 348.636 344.756 350.351 347.658 350.356 350.935 348.810 351.720 343.299 348.154
34 382.000 367.080 359.367 360.436 365.494 362.953 358.405 354.605 363.034 377.956 375.849
35 527.000 451.244 471.044 451.666 473.093 474.100 468.801 451.924 475.801 467.748 436.068
36 408.000 400.100 401.374 401.899 399.174 402.777 402.444 402.038 402.106 401.824 401.307
37 421.000 360.335 352.345 355.480 352.761 357.293 352.402 356.763 352.598 359.415 356.282
38 346.000 325.274 327.088 327.549 326.326 326.767 328.722 327.074 327.126 329.246 329.231
39 478.000 500.371 504.294 504.389 500.711 478.664 496.754 498.065 502.219 504.262 485.153
40 420.000 434.187 441.129 427.060 430.834 423.881 440.734 431.486 434.085 432.083 434.333
41 430.000 436.417 422.090 424.273 433.604 433.592 429.463 432.037 434.917 433.630 437.977
42 623.000 547.307 549.913 550.578 551.326 549.312 549.440 546.199 536.877 550.131 552.824
43 457.000 425.849 426.335 435.948 424.297 429.453 428.747 428.698 436.024 433.779 427.757
44 424.000 426.164 422.507 424.448 428.009 433.209 421.814 427.351 426.215 432.492 430.781
45 456.000 434.074 440.849 446.314 431.627 432.446 446.305 445.566 423.170 442.983 448.559
46 411.000 402.849 401.597 402.346 403.686 403.055 402.170 404.218 402.448 399.505 402.484
47 413.000 430.606 428.152 431.851 429.369 421.411 431.853 433.836 433.057 425.993 424.659
48 332.000 345.468 365.498 344.821 358.770 355.018 362.017 345.589 343.348 363.732 343.214
49 489.000 515.945 520.765 516.694 507.512 515.604 506.905 508.944 512.592 520.630 513.963
50 425.000 388.580 420.751 389.704 407.747 419.072 398.777 391.111 400.361 397.467 401.030
51 359.000 401.306 399.290 399.918 398.546 396.395 401.372 394.034 397.747 393.415 409.371
52 418.000 420.473 422.393 417.792 419.555 420.873 423.757 421.947 421.137 424.037 419.634
53 325.000 322.804 321.861 324.446 323.825 322.550 323.579 322.982 321.892 322.196 323.548
54 447.000 419.669 428.153 435.074 426.027 431.834 433.270 427.667 427.378 431.089 431.259
55 464.000 466.810 453.528 482.418 482.596 483.727 463.667 457.553 489.412 472.737 473.315
56 431.000 428.414 431.725 430.351 430.619 426.164 426.003 427.331 436.760 434.836 430.859
57 332.000 340.319 334.982 335.612 326.050 327.520 329.736 330.658 333.037 331.355 328.936
58 329.000 414.156 408.244 416.820 408.805 424.410 402.163 402.006 408.505 408.260 406.726
59 315.000 323.198 322.372 324.478 321.512 322.882 323.206 321.653 323.311 323.381 322.650
60 396.000 410.390 414.646 404.437 406.532 408.651 402.795 405.628 403.695 410.246 406.693
61 390.000 369.935 377.057 372.566 370.833 372.451 381.282 374.967 382.273 374.179 372.813
62 423.000 437.440 430.687 434.955 436.090 442.545 433.775 432.877 440.919 434.860 441.311
63 430.000 436.417 433.418 424.273 436.494 434.620 435.520 435.127 431.973 433.630 432.889
64 429.000 434.864 429.966 426.277 429.177 426.164 429.344 425.549 430.524 426.941 428.646
65 467.000 436.325 434.223 425.896 435.954 442.024 436.023 439.549 435.687 442.281 433.677
66 602.000 558.428 560.021 562.937 560.717 556.941 556.903 561.847 562.847 564.014 558.740
67 461.000 459.960 470.733 466.629 467.265 466.832 451.140 454.693 462.502 462.362 470.725
68 342.000 356.450 346.782 351.013 353.792 350.498 353.706 349.486 347.077 349.447 350.311
69 545.000 460.053 468.721 479.274 474.024 448.938 483.348 457.380 462.036 481.558 455.132
70 415.000 414.047 417.138 414.779 418.527 417.971 416.009 419.662 418.259 417.223 416.178
71 365.000 379.666 376.059 378.494 380.650 375.343 374.951 376.326 378.950 372.963 381.468
72 429.000 439.437 427.584 429.602 430.090 437.979 428.427 426.051 430.959 428.947 451.473
73 336.000 325.368 329.353 330.514 326.061 332.606 328.805 328.922 330.710 329.226 328.093
74 302.000 328.345 329.670 327.141 328.593 325.046 328.876 326.663 327.273 328.964 328.382
75 426.000 434.533 426.744 430.209 428.304 432.227 431.735 426.402 429.361 428.370 427.331
76 364.000 368.450 376.696 375.727 367.891 372.140 369.867 369.923 382.690 378.195 368.617
77 451.000 421.215 421.349 422.606 421.258 423.485 416.933 419.520 420.637 418.241 419.533
78 573.000 557.657 539.284 550.257 547.743 553.441 547.673 547.958 549.345 550.977 554.808
79 447.000 430.286 419.064 424.889 431.705 424.841 429.628 417.850 423.705 428.609 417.385
80 322.000 335.291 328.962 335.004 329.707 339.410 332.185 332.308 331.974 326.875 326.559
81 586.000 586.341 585.104 583.602 586.976 585.289 582.547 578.667 583.862 588.189 585.342
82 459.000 451.794 450.464 450.273 453.169 449.647 449.480 451.395 450.078 438.795 440.186
83 405.000 435.451 420.377 421.692 415.270 421.032 414.927 422.141 420.775 421.917 418.740
84 434.000 430.048 440.214 438.312 436.405 430.216 431.890 428.122 436.091 432.446 430.628
85 441.000 460.865 449.560 455.509 459.257 457.677 460.027 455.446 445.736 453.121 451.781
86 403.000 411.930 413.950 413.830 410.101 411.168 408.412 409.964 410.438 413.731 411.479
87 450.000 419.394 428.329 433.084 430.443 425.384 421.680 429.913 428.507 429.791 427.190
88 372.000 373.495 373.870 380.885 369.954 369.269 370.276 383.966 375.882 378.218 371.154
89 400.000 402.219 421.959 401.342 404.303 399.009 409.723 424.674 408.900 392.716 410.953
90 545.000 535.524 535.177 529.650 535.011 529.999 526.420 533.462 548.069 544.220 527.623
91 411.000 397.170 405.305 398.091 404.490 392.060 411.666 390.334 399.014 405.131 403.195
92 344.000 357.017 347.471 351.015 358.704 345.456 355.103 346.385 348.492 348.313 354.935
93 502.000 554.626 540.997 558.642 548.737 540.409 548.931 552.607 554.643 558.504 552.435
94 401.000 415.976 396.679 414.868 414.204 415.492 437.778 407.225 414.690 409.511 390.179
95 407.000 416.842 415.811 413.993 420.218 415.064 414.127 414.894 417.414 415.088 417.173
96 444.000 421.956 426.951 433.942 420.071 423.802 423.334 425.238 422.225 428.558 427.051
97 321.000 321.740 322.372 324.446 323.259 324.105 323.579 323.004 323.903 322.241 322.650
98 584.000 563.574 577.244 565.715 563.630 561.999 561.226 558.377 575.101 564.733 560.483
99 480.000 527.417 546.539 530.713 534.615 535.359 538.884 524.805 535.777 546.785 530.600
100 510.000 485.501 490.519 495.886 512.315 491.063 481.580 513.946 484.419 478.982 496.552
101 408.000 411.258 398.618 401.168 403.137 397.650 403.489 405.340 398.208 401.819 401.592
102 323.000 326.830 328.165 326.283 326.650 330.248 327.085 326.171 325.739 329.340 328.017
103 438.000 443.225 447.565 445.928 445.005 437.987 438.376 444.572 446.565 432.996 437.163
104 417.000 421.033 420.827 417.708 417.828 417.919 422.347 420.388 420.410 424.522 417.246
105 429.000 422.328 424.424 419.032 419.591 418.818 422.272 418.086 420.015 419.856 423.613
106 434.000 419.171 416.181 416.635 415.874 419.188 420.591 412.090 420.276 413.966 421.269
107 442.000 419.571 418.294 410.817 418.422 414.760 415.861 418.300 415.474 419.543 417.666
108 410.000 415.472 410.754 412.997 411.999 412.935 412.618 414.894 414.811 415.088 412.631
109 335.000 338.402 344.960 337.725 335.155 345.947 338.207 346.975 338.083 347.052 336.158
110 515.000 487.555 506.129 499.085 502.457 513.248 492.470 509.623 490.867 492.055 511.995
111 400.000 404.221 405.592 405.527 406.055 404.435 408.537 406.141 404.014 404.200 402.884
112 429.000 418.121 417.535 413.696 417.399 417.706 413.957 418.026 422.078 419.543 416.994
113 432.000 452.860 455.402 442.606 451.107 454.806 467.174 453.760 457.852 463.727 449.720
114 335.000 332.640 330.455 325.568 325.939 328.166 328.222 329.509 329.656 328.503 328.943
115 395.000 408.019 399.717 406.692 399.514 404.016 394.584 401.100 404.340 402.133 397.376
116 341.000 327.426 327.676 325.602 329.968 328.518 328.541 327.177 327.424 322.016 325.893
117 425.000 419.137 420.049 420.941 419.467 418.855 422.536 419.619 419.333 418.739 418.147
118 351.000 366.762 369.082 369.074 369.954 383.211 370.929 375.914 368.544 367.024 375.494
119 315.000 322.561 321.762 323.884 322.279 322.882 322.093 325.056 323.903 324.342 324.096
120 320.000 328.481 329.667 335.730 335.650 331.630 336.304 334.351 328.441 331.882 328.098
121 588.000 544.147 545.002 544.758 535.304 542.630 547.199 536.092 536.679 530.896 534.687
122 469.000 471.002 462.455 451.443 458.248 457.862 479.200 462.127 453.608 460.557 447.701
123 321.000 346.946 344.797 341.988 335.943 343.940 345.820 341.561 334.610 343.126 337.486
124 310.000 465.182 441.749 450.310 442.895 462.413 463.123 435.944 450.728 443.531 485.595
125 362.000 376.491 363.797 366.875 387.128 348.888 351.187 355.996 361.739 349.462 351.012
126 332.000 363.287 364.029 370.944 367.744 374.226 378.746 377.626 384.335 377.561 375.121
127 307.000 396.858 386.907 386.993 389.174 397.605 386.729 396.138 384.983 397.703 396.631
128 400.000 401.392 402.557 401.299 399.174 403.618 402.958 400.343 402.531 401.792 400.663
129 490.000 476.247 480.950 471.841 483.983 475.591 480.486 479.025 476.382 490.678 483.954
130 354.000 348.064 351.303 350.840 351.443 351.520 351.147 349.406 351.732 344.645 350.457
131 326.000 328.308 325.887 327.141 328.593 328.021 327.085 328.549 328.168 326.476 326.956
132 326.000 327.283 324.537 325.872 325.460 326.767 326.810 325.323 327.045 325.808 326.521
133 409.000 403.733 408.441 405.501 407.533 407.131 411.745 407.532 406.292 412.176 405.415
134 562.000 443.073 453.009 455.812 456.384 461.524 456.868 457.695 459.804 455.278 455.098
135 332.000 350.552 343.979 341.040 335.243 343.518 334.191 334.810 340.332 346.807 336.820
136 472.000 429.214 429.304 425.040 423.589 427.646 424.094 426.843 429.567 431.652 424.122
137 405.000 413.034 416.404 413.174 411.726 413.850 411.490 414.594 413.019 416.115 413.282
138 394.000 403.784 403.040 403.278 405.492 406.470 406.455 411.043 402.774 406.315 403.749
139 324.000 326.672 327.236 326.647 327.936 328.486 327.806 326.219 327.273 328.190 326.127
140 555.000 554.054 556.653 551.369 555.162 556.293 548.603 545.458 556.443 550.182 554.377
141 324.000 329.195 326.290 326.856 327.204 331.438 327.429 325.439 328.009 327.766 328.864
142 422.000 419.940 414.224 420.783 431.708 427.957 426.211 432.490 428.486 433.255 421.727
143 429.000 419.101 417.495 411.984 410.602 414.259 421.969 431.253 436.864 411.658 418.194
144 314.000 339.783 337.869 341.896 341.476 335.382 338.093 342.234 346.617 339.498 343.858
145 445.000 415.978 412.852 411.485 409.987 414.200 418.258 410.114 412.045 413.426 414.209
146 420.000 424.994 433.925 433.871 431.478 426.699 430.075 428.376 429.975 432.512 429.426
147 350.000 351.444 350.710 350.840 355.226 349.358 351.125 348.362 352.354 348.136 350.115
148 381.000 355.603 359.648 361.174 365.889 361.097 360.866 359.988 360.208 356.875 358.198
149 340.000 327.124 326.317 328.295 333.483 329.826 329.195 327.514 327.424 327.008 326.347
150 462.000 458.804 455.148 466.886 466.444 474.887 473.967 464.604 472.164 465.441 464.569
151 545.000 517.283 518.670 520.877 501.195 518.185 520.477 516.394 519.001 512.489 520.135
152 401.000 390.765 407.916 402.323 393.600 390.984 398.604 393.404 388.959 395.919 388.863
153 450.000 472.630 470.733 467.725 472.288 471.669 468.690 472.251 456.206 470.169 470.823
154 495.000 490.028 514.091 503.828 470.400 487.541 496.926 482.413 515.043 504.194 487.947
155 415.000 383.472 384.023 397.461 381.102 376.774 387.558 393.277 378.836 385.897 388.810
156 580.000 543.575 535.256 545.001 546.724 493.088 541.796 540.896 533.810 534.208 536.414
157 412.000 413.043 410.608 411.017 410.681 412.620 411.328 411.637 409.894 414.397 409.282
158 446.000 463.855 458.671 465.496 459.386 470.470 441.575 460.339 465.519 466.811 471.194
159 330.000 327.191 327.236 325.159 325.235 325.672 326.656 329.131 324.689 328.642 326.332
160 325.000 350.032 341.080 346.762 339.002 338.545 339.049 362.874 337.218 336.615 355.961
161 316.000 330.116 328.587 326.317 330.294 327.321 329.928 330.470 327.505 335.574 331.104
162 408.000 402.336 401.597 401.689 401.964 402.777 401.948 401.177 401.073 403.165 400.911
163 428.000 409.927 419.143 412.393 406.370 410.242 411.929 417.385 410.411 404.028 402.725
164 396.000 507.246 515.166 504.728 501.283 515.521 507.558 510.820 508.397 508.665 500.202
165 385.000 341.642 349.080 349.948 350.913 351.124 365.732 366.800 351.320 342.685 366.727
166 335.000 328.461 331.066 330.545 329.655 329.604 330.577 331.067 331.072 330.558 328.590
167 339.000 325.368 328.234 329.573 327.828 329.142 327.995 326.586 327.872 326.005 326.735
168 419.000 429.291 429.574 431.930 421.803 423.445 426.441 427.471 420.792 423.551 429.804
169 321.000 323.110 323.875 324.478 321.723 324.105 324.217 321.653 322.410 323.297 323.548
170 419.000 413.277 416.457 418.080 411.341 409.170 410.101 412.160 410.648 414.982 413.955
171 423.000 417.685 417.049 418.547 419.859 420.149 414.904 418.998 415.474 418.380 417.068
172 416.000 431.600 434.486 429.432 431.162 429.133 434.848 430.639 428.685 430.718 424.006
173 434.000 415.703 413.944 411.142 412.796 415.064 412.618 412.287 412.349 412.058 412.143
174 329.000 327.933 321.471 327.075 324.867 326.522 327.241 323.032 324.707 322.510 317.545
175 450.000 428.807 435.459 424.465 428.346 429.569 430.433 430.146 430.567 428.477 427.879
176 333.000 328.345 329.670 327.141 328.593 327.619 327.806 325.767 324.271 328.006 328.943
177 420.000 427.657 421.349 419.068 426.488 417.697 422.272 423.562 425.309 423.876 422.753
178 315.000 327.129 329.670 327.141 326.767 329.436 325.463 326.706 331.028 326.983 327.942
179 349.000 352.915 351.978 349.113 353.868 349.479 351.467 350.227 350.410 360.421 351.448
180 431.000 453.042 456.764 444.406 450.438 455.521 452.590 453.330 461.913 460.987 452.785
181 407.000 419.102 422.088 417.545 425.956 417.384 421.164 414.943 424.121 416.425 420.208
182 424.000 414.651 420.049 415.766 419.860 421.001 419.250 419.612 422.582 418.739 418.393
183 425.000 421.827 422.681 417.863 421.958 420.661 420.018 421.327 420.247 416.823 421.020
184 588.000 582.657 580.804 575.569 587.271 587.270 582.502 585.146 590.317 583.948 580.549
185 332.000 328.455 328.115 330.773 326.326 341.825 334.441 326.068 330.644 327.883 335.415
186 379.000 410.344 417.380 408.217 412.238 415.134 408.409 415.897 407.046 409.007 411.495
187 586.000 588.032 587.777 586.840 579.956 586.691 585.175 579.214 587.479 579.574 578.854
188 528.000 547.098 539.994 535.341 533.028 547.709 550.117 544.424 545.814 525.980 543.755
189 425.000 433.221 432.126 429.740 431.735 426.488 421.696 434.286 427.260 443.060 437.656
190 398.000 402.751 396.935 403.193 395.932 399.195 401.733 395.955 402.322 395.867 400.842
191 492.000 516.941 511.309 516.390 512.268 504.794 518.046 516.628 520.476 513.939 512.842
192 395.000 414.824 417.337 423.206 416.731 418.167 413.787 423.415 412.503 417.313 418.200
193 503.000 457.019 490.411 473.769 466.467 472.135 470.254 489.802 480.559 476.343 461.777
194 402.000 412.630 415.542 411.835 408.042 414.145 417.036 413.204 416.039 411.057 412.701
195 316.000 326.635 324.759 329.017 327.375 327.742 326.634 329.367 328.185 329.340 329.231
196 537.000 494.950 491.112 497.302 491.163 486.890 489.673 492.127 488.843 492.130 494.895
197 426.000 422.447 418.444 417.548 419.183 419.079 414.075 414.754 416.276 415.525 414.479
198 414.000 425.999 434.564 430.173 431.438 430.279 429.008 434.201 427.992 432.704 432.792
199 460.000 549.313 541.585 538.146 541.009 541.948 542.070 541.755 549.075 551.020 548.963
200 438.000 438.004 431.279 434.748 435.607 437.886 435.499 439.254 434.993 440.371 440.222
201 418.000 423.343 421.133 424.072 422.053 417.554 422.266 417.479 422.029 416.823 420.731
202 432.000 381.886 383.766 388.163 376.735 377.059 376.247 386.212 391.039 383.205 380.166
203 422.000 424.336 423.441 419.068 422.925 420.837 423.560 421.483 424.958 420.174 422.753
204 450.000 424.916 432.143 420.328 428.793 415.893 420.397 415.223 426.675 415.296 443.984
205 362.000 376.295 372.984 370.894 371.466 368.903 366.293 372.615 376.366 369.930 362.419
206 500.000 458.569 463.037 452.005 470.895 456.422 441.226 454.561 451.337 414.568 465.184
207 361.000 361.251 363.967 386.941 366.201 376.717 369.662 366.868 366.298 365.001 364.897
208 439.000 424.093 409.068 427.002 424.930 418.136 428.462 427.274 426.483 417.826 421.164
209 382.000 464.155 466.449 453.133 459.196 460.474 466.985 467.635 467.294 454.044 471.861
210 446.000 442.486 442.416 438.978 435.611 427.366 447.527 440.539 435.447 440.793 435.532
211 420.000 427.657 422.698 418.976 422.925 421.547 415.799 421.479 423.729 418.900 420.529
212 420.000 419.209 415.368 415.368 414.734 411.704 419.160 413.599 417.116 413.259 412.903
213 488.000 449.465 451.380 453.172 453.470 443.389 451.234 456.686 456.125 429.972 447.735
214 395.000 399.893 401.914 398.125 404.209 402.591 402.530 399.542 402.336 402.835 401.181
215 399.000 405.218 410.303 408.738 404.472 409.148 411.745 408.995 408.029 412.176 405.487
216 356.000 351.940 352.398 349.804 347.756 348.055 347.978 349.137 347.077 351.926 345.952
217 440.000 428.414 427.001 426.723 424.178 427.568 423.368 428.744 423.330 423.022 423.487
218 342.000 325.274 326.226 327.667 324.666 326.107 326.203 326.096 325.056 327.905 327.412
219 535.000 420.949 513.685 487.787 518.300 479.584 526.542 523.682 508.724 510.999 503.545
220 525.000 502.999 490.364 482.064 480.723 465.487 481.883 482.605 491.260 487.902 468.784
221 526.000 515.324 515.261 518.955 500.969 516.299 512.135 512.167 509.220 517.255 509.972
222 318.000 325.662 326.233 327.667 324.860 326.678 326.223 325.702 324.809 326.026 326.127
223 518.000 430.100 426.443 424.143 415.662 420.240 423.630 430.854 440.554 426.261 420.156
224 366.000 345.944 344.756 350.395 352.604 348.969 350.020 349.907 347.077 343.299 345.952
225 349.000 362.091 361.895 356.640 362.465 367.313 364.734 361.798 364.418 356.055 359.950
226 396.000 402.459 403.236 401.689 406.402 403.818 402.300 403.951 400.881 403.165 402.806
227 380.000 377.925 377.065 376.463 374.496 376.147 379.160 383.006 372.762 375.943 372.813
228 375.000 386.719 381.487 384.284 368.451 388.922 377.333 370.183 376.257 376.623 390.817
229 455.000 446.339 445.767 437.699 437.190 436.911 444.648 440.104 444.288 438.022 449.244
230 428.000 448.252 459.353 444.430 454.390 451.710 437.147 455.968 447.173 453.559 453.303
231 334.000 328.513 328.079 329.932 328.645 329.461 329.974 333.086 330.786 327.371 328.598
232 337.000 346.666 346.682 345.125 347.139 342.159 345.369 357.708 342.125 350.704 351.714
233 418.000 426.059 429.240 427.401 425.988 430.235 429.555 433.881 426.848 426.112 429.662
234 310.000 324.789 324.537 327.667 325.460 326.463 327.806 325.323 325.251 326.026 326.127
235 395.000 401.724 401.597 400.663 400.383 403.191 402.364 402.011 404.743 401.824 402.484
236 450.000 399.712 408.066 394.193 398.003 385.958 409.605 397.132 381.711 402.313 393.748
237 368.000 347.494 344.756 345.815 348.312 349.702 347.777 348.803 349.418 343.299 348.166
238 468.000 478.132 477.507 472.286 490.274 487.065 468.269 497.589 467.700 470.434 473.066
239 305.000 324.775 327.236 325.499 326.287 327.320 327.806 325.702 324.809 328.190 324.843
240 303.000 325.548 325.903 325.872 328.593 326.181 326.642 325.745 327.865 325.635 326.521
241 316.000 323.942 329.013 346.738 333.272 357.100 367.138 355.240 330.865 365.904 325.231
242 360.000 335.740 339.238 334.204 337.971 334.194 336.951 337.451 342.012 343.537 344.261
243 466.000 466.850 464.183 482.582 458.680 462.280 472.663 455.989 467.047 468.865 470.478
244 422.000 423.626 426.429 422.661 422.085 426.088 428.232 418.695 432.761 417.088 426.536
245 418.000 406.458 398.245 410.843 407.364 406.274 405.536 400.474 405.870 404.738 409.527
246 409.000 421.847 420.932 427.680 421.169 421.225 420.967 420.043 422.282 418.712 420.568
247 326.000 328.356 335.110 341.150 338.203 339.296 327.884 346.877 334.603 324.989 342.635
248 328.000 359.255 362.839 364.126 362.254 373.910 363.195 359.295 367.122 358.243 360.711
249 369.000 380.129 386.109 379.440 376.923 383.496 379.003 378.474 384.920 386.077 386.373
250 346.000 328.564 328.115 328.024 326.595 326.359 326.203 328.252 328.028 326.652 328.094
251 407.000 422.156 420.740 424.710 423.363 420.661 423.667 424.581 425.731 423.764 423.640
252 414.000 383.275 385.920 363.639 374.780 382.019 373.760 377.113 373.855 367.366 369.774
253 501.000 474.647 474.040 462.181 507.619 496.948 469.638 491.133 495.083 479.510 485.604
254 421.000 413.277 411.314 410.917 412.249 414.430 410.808 411.407 412.105 413.236 415.109
255 316.000 325.115 332.810 328.055 336.048 324.106 328.851 328.088 334.438 332.243 328.990
256 328.000 325.299 327.694 325.787 326.370 323.836 333.729 327.514 328.736 327.008 325.953
257 445.000 471.033 474.610 453.714 458.610 458.785 466.660 467.925 451.906 474.418 468.274
258 371.000 395.613 406.788 411.104 401.583 417.253 408.573 415.608 429.004 394.825 397.731
259 484.000 448.746 443.095 454.049 452.584 459.459 441.206 451.696 421.172 459.541 445.257
260 418.000 426.719 425.219 431.211 432.684 424.872 422.714 426.239 430.638 420.418 421.341
261 371.000 363.759 372.794 365.078 367.443 363.505 377.905 374.925 372.586 374.689 377.012
262 331.000 328.953 326.226 331.076 331.394 329.527 325.911 326.663 329.854 326.472 328.943
263 586.000 535.492 533.071 541.028 529.772 540.427 538.739 532.337 533.378 533.180 532.869
264 434.000 452.679 449.442 441.191 436.337 462.316 460.792 437.918 443.928 443.104 427.539
265 412.000 448.497 434.274 430.684 425.199 430.676 426.462 426.223 423.835 426.604 427.192
266 483.000 464.468 450.304 451.801 448.092 450.858 443.233 451.477 451.529 437.959 454.048
267 393.000 361.596 371.763 381.896 379.297 365.194 386.386 367.577 378.157 360.904 371.668
268 386.000 395.915 393.652 391.655 392.569 393.924 398.667 399.984 386.487 395.800 400.200
269 344.000 372.082 382.902 365.595 378.888 388.460 370.290 371.735 369.809 366.093 392.673
270 392.000 361.251 353.503 358.386 359.052 352.973 356.407 359.008 354.604 358.243 351.004
271 460.000 431.494 419.093 429.909 432.672 422.086 423.511 430.971 427.961 427.077 432.318
272 321.000 329.021 330.239 330.237 328.634 329.147 331.163 326.876 327.861 328.670 329.730
273 311.000 329.482 332.998 333.745 328.437 333.207 329.936 332.514 332.582 332.701 333.287
274 391.000 381.426 377.098 379.055 357.585 377.871 387.154 376.505 361.932 365.990 359.281
275 431.000 435.846 430.589 436.443 434.736 437.211 434.507 434.503 435.761 425.755 432.507
276 357.000 353.891 355.640 357.704 362.926 360.637 362.735 359.260 359.942 357.393 360.531
277 414.000 409.735 395.913 406.173 400.898 391.366 400.234 399.957 397.672 403.100 398.267
278 452.000 434.694 445.413 430.616 438.863 436.034 433.991 431.320 429.198 437.741 433.801
279 437.000 458.661 454.364 449.415 442.955 455.221 449.250 449.318 451.662 456.911 447.883
280 315.000 323.198 321.762 323.866 322.514 323.008 323.206 322.778 323.930 322.232 322.026
281 435.000 429.323 437.807 437.242 423.726 447.683 429.551 426.100 436.803 437.722 429.789
282 448.000 431.618 430.092 423.822 437.960 427.133 430.032 429.147 435.777 425.473 424.953
283 416.000 423.813 424.361 433.616 421.570 427.846 422.517 416.397 426.406 430.319 428.140
284 328.000 324.174 328.883 328.295 327.063 334.876 337.073 331.353 327.584 331.541 326.521
285 390.000 402.035 398.715 399.088 400.906 401.123 401.071 399.371 398.045 402.880 399.199
286 310.000 328.581 328.282 326.317 334.772 328.304 327.097 327.384 327.679 330.157 332.852
287 365.000 366.880 370.917 366.324 368.784 365.843 364.687 369.449 375.016 364.567 369.198
288 402.000 435.208 432.042 429.992 423.983 427.725 431.273 424.612 433.300 430.375 433.306
289 372.000 382.489 381.404 383.839 382.621 376.591 383.449 386.072 377.471 382.574 378.085
290 428.000 416.704 426.294 420.310 421.566 425.207 419.667 447.040 434.143 427.407 426.050
291 267.000 437.439 438.851 453.570 463.058 436.317 438.899 451.553 446.276 442.165 434.262
292 330.000 338.669 336.841 336.630 334.758 339.103 334.895 340.345 338.535 344.590 334.862
293 598.000 591.458 586.447 585.670 585.870 586.344 589.535 584.634 587.637 585.242 575.340
294 392.000 399.348 400.431 396.419 402.198 399.069 396.821 401.377 399.873 403.185 400.391
295 430.000 495.355 517.559 510.208 512.315 500.586 511.501 508.238 504.545 519.211 511.117
296 340.000 338.924 339.599 337.172 339.440 341.690 347.993 338.015 342.121 346.238 346.229
297 312.000 327.591 325.349 329.459 330.922 329.954 336.608 331.591 334.010 323.630 325.652
298 327.000 329.482 330.836 329.488 332.120 332.899 331.306 333.354 328.339 328.389 332.459
299 342.000 363.279 363.554 365.548 362.515 371.121 352.402 368.278 366.741 359.415 360.265
300 417.000 423.081 422.681 420.851 420.381 420.873 420.098 419.853 418.985 421.180 422.901
301 318.000 321.253 322.372 321.935 322.572 321.975 322.657 322.587 322.074 323.134 323.613
302 329.000 331.736 327.268 325.192 323.652 328.056 326.558 325.605 341.269 325.180 336.684
303 339.000 327.230 332.035 338.211 335.821 332.073 333.841 335.248 330.456 333.142 331.376
304 334.000 330.883 330.548 328.192 329.796 329.404 331.200 330.107 328.959 327.197 330.268
305 346.000 361.280 371.314 360.779 372.378 370.302 365.208 359.418 366.188 360.374 357.103
306 420.000 412.716 416.384 416.271 418.591 415.424 411.900 412.990 415.242 418.882 411.567
307 371.000 381.131 380.213 386.773 379.286 386.696 382.844 374.855 377.780 384.978 385.948
308 560.000 586.444 587.617 589.445 587.368 583.204 583.938 591.537 584.433 589.247 584.132
309 512.000 511.237 513.471 509.964 505.161 508.693 514.861 504.738 501.416 512.224 505.692
310 410.000 423.590 419.684 409.380 412.515 418.406 413.871 409.824 419.665 420.070 421.623
311 473.000 441.090 465.750 451.904 449.817 452.055 450.389 461.249 447.108 439.443 449.900
312 427.000 416.681 415.485 412.549 414.945 413.361 411.605 414.594 411.416 416.115 416.025
313 326.000 347.707 365.355 371.285 371.185 349.303 362.774 363.401 358.985 355.279 374.897
314 405.000 402.003 400.880 403.193 397.686 393.588 398.984 398.959 400.673 400.633 400.842
315 442.000 470.695 472.344 469.257 473.033 469.166 473.275 459.187 477.341 475.967 472.270
316 330.000 338.450 332.855 334.890 337.614 338.973 344.524 339.737 336.466 336.112 336.088
317 328.000 325.060 328.616 333.868 328.058 330.624 335.932 332.208 330.543 327.335 327.153
318 436.000 425.541 420.777 422.283 429.424 427.568 426.969 431.885 423.330 423.551 426.141
319 410.000 415.714 409.530 416.169 412.261 412.790 413.958 414.154 414.493 411.410 414.770
320 462.000 464.981 467.665 463.278 464.079 466.760 467.137 457.137 465.706 466.598 446.869
321 471.000 434.296 429.916 435.401 438.653 447.001 441.016 441.040 435.572 446.341 433.204
322 427.000 419.850 418.294 417.397 418.653 420.258 413.957 419.737 418.701 420.550 423.031
323 464.000 442.866 444.393 436.704 441.509 431.185 442.125 441.886 446.083 441.994 439.625
324 446.000 425.838 427.587 422.258 424.280 421.055 427.451 422.064 426.906 421.119 427.093
325 583.000 562.051 572.671 564.617 566.870 563.944 562.944 571.173 576.616 573.752 563.802
326 562.000 478.113 467.062 467.534 478.993 480.229 474.439 476.219 466.569 465.513 474.297
327 313.000 332.797 332.406 337.885 334.395 328.807 333.099 332.185 329.685 340.576 333.752
328 422.000 421.282 423.126 425.306 413.329 431.298 420.744 425.763 422.877 429.485 418.459
329 382.000 403.087 401.457 394.089 396.316 394.597 399.892 385.372 409.129 387.858 397.940
330 398.000 447.318 460.286 459.339 471.330 444.848 518.473 459.079 496.727 466.559 461.283
331 371.000 378.510 386.459 378.727 391.134 380.263 373.895 386.072 377.471 383.994 387.772
332 414.000 414.581 413.944 415.708 413.527 414.392 411.391 416.740 413.799 415.093 414.178
333 440.000 433.645 439.819 429.186 441.854 440.207 446.529 435.798 433.485 435.295 437.137
334 599.000 576.591 581.285 575.582 580.680 574.210 579.039 572.334 583.644 579.968 576.846
335 353.000 353.351 351.064 349.816 352.331 352.466 347.017 350.992 347.404 351.229 351.208
336 404.000 464.814 441.557 453.573 446.918 449.092 452.648 442.741 464.146 444.123 460.612
337 406.000 413.832 416.384 419.502 413.900 417.407 414.296 415.917 416.034 410.540 415.002
338 324.000 324.775 327.177 325.872 325.258 327.157 326.761 324.377 326.315 326.472 327.412
339 337.000 329.751 330.742 330.237 324.473 328.536 329.563 328.678 331.432 330.032 328.886
340 395.000 416.309 423.534 419.287 420.911 416.389 422.234 420.104 419.661 414.948 424.854
341 407.000 417.720 419.208 421.086 421.282 415.439 422.414 417.034 417.234 419.297 418.755
342 330.000 351.663 352.819 355.417 348.399 350.392 345.104 359.123 355.485 349.472 351.227
343 417.000 432.514 421.411 427.791 441.022 427.819 438.791 427.172 427.307 426.026 430.594
344 395.000 406.570 409.396 406.653 406.055 407.787 408.392 410.476 405.188 408.128 408.477
345 503.000 394.537 388.290 378.476 382.166 380.942 390.323 395.415 376.700 396.686 384.052
346 448.000 462.617 459.505 469.703 463.693 459.573 464.568 462.043 477.125 455.845 463.069
347 363.000 386.703 381.886 379.549 403.399 385.343 389.623 386.583 387.117 386.881 386.959
348 386.000 380.084 377.461 370.241 372.796 372.451 374.800 370.417 384.187 377.036 382.063
349 330.000 330.644 330.957 331.534 334.006 330.382 327.570 327.961 325.707 332.347 328.667
350 488.000 374.308 381.997 384.152 384.023 374.302 400.463 379.258 396.669 373.627 367.525
351 479.000 473.032 470.011 458.738 462.142 479.157 468.777 469.057 480.221 480.469 473.466
352 338.000 392.845 385.201 386.396 385.694 388.270 386.326 389.558 391.644 384.207 385.882
353 456.000 453.353 474.833 464.057 458.151 466.810 472.438 468.286 454.819 471.494 464.030
354 418.000 421.124 429.692 427.290 415.174 431.298 429.080 423.822 424.599 427.726 418.942
355 322.000 327.283 325.825 326.551 325.587 326.181 326.810 326.832 326.590 326.472 325.477
356 321.000 321.509 322.793 322.472 323.259 321.869 322.746 325.056 323.930 322.196 323.548
357 335.000 372.706 370.864 374.984 371.433 375.893 369.251 379.683 379.772 367.716 374.206
358 394.000 406.107 405.616 408.163 403.671 402.895 403.367 401.924 404.888 396.990 400.659
359 398.000 410.930 416.707 395.051 412.494 419.553 430.806 427.808 412.740 411.297 416.280
360 421.000 403.744 416.292 408.872 408.771 397.493 408.960 422.994 388.675 409.634 395.793
361 364.000 370.803 383.070 380.746 380.736 373.966 382.393 376.768 373.548 380.051 373.780
362 322.000 327.283 327.680 326.889 324.961 325.820 326.810 328.074 326.361 326.535 328.365
363 446.000 482.716 489.921 496.546 503.792 492.761 504.067 483.959 487.328 487.600 483.350
364 340.000 349.119 345.263 346.887 342.267 344.248 339.742 345.049 344.108 339.866 341.554
365 340.000 378.826 382.405 380.925 368.922 394.934 382.401 378.897 383.989 372.433 397.613
366 452.000 454.001 449.569 423.134 439.252 440.921 438.697 424.224 445.254 417.962 448.494
367 367.000 400.177 386.986 394.268 398.363 395.912 389.295 390.287 399.648 400.355 395.759
368 425.000 429.807 429.574 421.864 428.591 423.517 430.622 423.519 424.329 423.022 429.500
369 399.000 373.636 364.889 363.112 362.330 359.143 369.186 378.191 358.189 359.268 362.917
370 420.000 418.813 413.795 416.406 415.368 417.541 415.861 415.833 418.563 416.250 418.674
371 526.000 533.705 546.064 544.959 547.983 547.549 551.765 543.175 552.170 554.919 536.550
372 343.000 365.031 361.658 362.494 359.768 359.605 361.058 362.422 361.279 358.138 364.231
373 420.000 422.952 427.514 422.986 430.914 432.635 429.035 423.598 433.643 418.990 429.187
374 403.000 388.171 390.186 389.288 394.036 387.574 379.667 391.220 374.556 396.143 384.448
375 495.000 490.821 491.748 488.619 491.630 490.367 492.392 491.052 484.366 493.146 494.423
376 564.000 457.244 463.049 460.993 455.171 450.100 458.867 459.187 456.206 454.096 455.212
377 420.000 433.910 456.186 454.246 450.991 478.878 450.228 437.852 430.679 457.093 461.259
378 414.000 412.882 408.651 416.841 409.408 423.226 415.882 410.658 417.722 416.057 415.328
379 328.000 327.567 325.611 326.889 325.830 326.690 325.100 325.030 326.555 325.252 326.434
380 546.000 456.493 449.382 453.836 452.594 451.870 458.963 454.789 453.993 454.555 453.713
381 323.000 325.663 327.166 322.295 324.657 323.952 327.552 323.067 322.737 327.445 322.650
382 413.000 411.964 416.582 410.328 411.655 410.061 413.072 414.482 414.811 415.726 412.701
383 360.000 404.707 400.841 414.336 404.458 423.396 397.154 401.168 406.656 404.530 426.138
384 411.000 412.405 413.108 408.403 420.192 416.515 414.080 408.572 413.561 412.911 411.867
385 346.000 330.635 329.066 329.229 327.769 329.407 328.818 331.223 329.656 330.641 327.558
386 449.000 447.089 446.587 447.239 451.970 431.185 441.611 442.464 449.311 441.575 439.625
387 389.000 417.396 417.337 413.452 413.348 408.628 411.641 416.112 417.104 415.475 411.103
388 340.000 363.279 361.917 361.949 364.589 359.859 361.343 360.463 362.613 359.415 356.282
389 343.000 330.472 326.901 327.794 328.246 329.458 327.625 328.025 328.990 328.670 325.295
390 404.000 421.887 423.446 418.616 415.930 421.271 420.119 416.740 419.556 416.624 426.699
391 451.000 432.165 434.787 442.645 446.924 445.308 444.662 446.671 440.954 442.643 437.345
392 359.000 350.401 362.085 361.101 355.999 353.757 367.921 355.869 360.278 356.875 356.953
393 410.000 423.550 423.119 427.776 417.008 423.934 422.337 422.817 418.941 422.714 415.633
394 340.000 327.869 327.352 328.071 327.828 323.939 324.961 331.039 327.367 328.183 327.113
395 504.000 460.229 455.898 458.706 458.934 463.394 440.600 461.077 460.859 447.731 453.110
396 546.000 460.417 464.982 451.401 486.429 494.817 479.245 468.050 460.566 469.732 481.832
397 392.000 381.932 376.565 387.896 376.055 385.886 377.479 381.004 383.150 376.133 386.826
398 413.000 422.412 422.899 426.198 429.407 426.996 425.622 421.865 419.227 418.679 419.375
399 325.000 374.228 375.952 386.789 364.123 371.159 366.517 378.190 375.444 365.328 373.824
400 297.000 325.796 323.502 324.478 322.152 322.531 324.736 323.895 322.729 325.115 322.514
401 397.000 406.258 411.254 409.311 408.001 410.569 414.600 411.406 409.242 406.863 410.599
402 428.000 403.812 412.824 413.709 420.488 414.200 412.690 419.910 416.167 410.750 410.126
403 440.000 438.707 427.846 433.495 426.130 433.647 443.795 431.452 427.650 433.132 435.147
404 604.000 577.971 578.595 579.987 588.740 579.218 582.663 580.547 583.632 586.969 578.814
405 442.000 427.489 430.014 423.510 427.885 437.634 426.411 432.415 431.067 443.065 425.156
406 462.000 476.076 480.139 498.749 483.937 494.483 485.724 487.041 486.150 481.151 487.406
407 491.000 458.504 462.224 457.470 448.060 463.409 455.030 466.675 462.734 458.855 469.905
408 495.000 472.151 468.368 477.603 470.597 473.247 478.084 474.771 467.897 475.417 482.004
409 394.000 373.207 359.538 357.749 354.214 360.393 353.384 362.718 356.364 372.828 355.206
410 320.000 329.506 324.993 327.483 327.902 332.348 328.921 328.243 327.292 327.008 324.214
411 445.000 436.931 440.732 439.413 437.352 428.333 439.725 435.468 432.080 441.340 438.541
412 350.000 346.930 354.199 356.195 358.776 346.174 353.858 355.669 351.646 355.560 362.339
413 332.000 329.043 328.978 332.905 328.952 326.862 332.156 334.824 332.614 331.339 326.687
414 411.000 430.029 433.759 433.546 423.759 429.588 429.564 431.100 433.170 434.650 431.994
415 341.000 394.689 400.001 378.840 390.902 390.277 391.682 394.955 382.666 395.572 405.436
416 452.000 449.453 454.562 452.050 454.941 459.413 451.984 443.358 449.471 455.261 442.861
417 398.000 401.459 399.272 396.007 406.331 401.590 397.984 400.803 399.324 401.040 399.816
418 357.000 351.940 349.709 351.123 349.653 348.969 353.898 348.442 348.604 349.114 346.462
419 410.000 423.768 422.681 422.835 424.828 420.873 423.757 421.948 421.152 422.370 421.951
420 411.000 428.873 411.540 420.041 427.268 426.188 428.274 425.243 421.502 426.010 445.320
421 316.000 327.193 329.667 330.550 334.772 328.906 328.526 329.779 329.742 331.882 329.469
422 454.000 429.261 425.018 431.337 433.941 424.905 430.906 426.291 428.557 424.871 427.853
423 492.000 495.684 495.124 515.979 491.011 482.284 481.333 489.740 499.928 503.235 510.390
424 405.000 418.519 413.423 414.187 411.643 419.737 416.277 416.428 413.036 411.457 417.043
425 357.000 368.922 370.917 378.155 368.700 375.209 365.860 370.538 372.899 360.844 366.536
426 424.000 412.087 413.697 416.605 416.088 412.215 414.171 421.023 411.348 416.280 415.925
427 335.000 359.255 360.690 362.327 362.027 360.937 360.803 359.008 364.191 358.243 362.491
428 438.000 460.242 460.609 462.093 454.176 453.137 475.443 471.819 451.205 443.738 464.346
429 525.000 443.467 440.052 438.272 458.286 441.562 443.109 415.868 405.672 426.297 438.717
430 331.000 434.361 416.872 448.623 436.718 461.557 429.534 455.872 427.743 454.268 456.894
431 431.000 398.644 397.045 400.323 406.300 393.078 387.332 403.833 387.171 387.980 391.087
432 591.000 586.950 589.022 585.801 579.956 586.276 584.643 586.784 589.939 586.969 581.068
433 414.000 412.816 416.735 417.249 411.311 413.104 418.113 412.831 415.044 411.345 411.546
434 388.000 391.651 377.955 379.501 379.383 373.924 371.645 370.354 376.765 368.090 379.403
435 585.000 562.037 564.049 561.916 560.475 570.918 556.792 572.980 567.439 568.657 570.516
436 398.000 401.493 401.614 398.862 404.209 402.844 405.013 401.855 402.655 403.165 400.911
437 441.000 438.637 456.444 447.294 448.353 445.606 449.086 451.399 448.978 453.014 443.469
438 309.000 324.174 321.762 324.446 321.723 323.008 322.746 323.004 322.074 320.271 322.026
439 518.000 513.939 516.143 507.691 520.836 520.003 515.637 518.124 519.147 521.237 509.380
440 416.000 437.061 433.158 438.390 436.656 429.166 434.349 431.070 430.191 428.176 426.712
441 412.000 415.472 413.447 415.993 412.610 413.281 416.264 412.287 414.811 414.310 411.562
442 385.000 367.080 357.780 361.102 359.382 363.507 366.095 369.300 354.031 357.893 391.474
443 325.000 325.548 325.825 325.161 324.860 327.320 326.445 325.745 327.045 326.580 326.316
444 325.000 329.632 326.614 327.975 330.115 327.663 329.597 327.125 330.905 329.167 328.864
445 328.000 329.017 338.268 337.798 327.162 336.097 342.315 336.132 331.643 337.484 345.644
446 397.000 410.265 403.639 408.133 406.253 406.472 411.553 408.637 412.581 404.900 406.222
447 407.000 413.409 413.644 412.573 411.924 415.183 417.169 414.758 412.405 415.509 417.039
448 491.000 456.044 461.341 454.509 457.138 468.186 468.253 454.738 456.206 464.185 452.370
449 328.000 326.441 323.952 326.405 325.830 324.150 323.981 327.125 324.702 326.616 324.643
450 430.000 449.840 444.523 445.632 440.539 444.585 440.604 439.824 440.155 434.284 449.132
451 413.000 409.940 403.250 405.471 401.054 407.497 402.578 411.700 395.661 406.786 417.535
452 364.000 385.139 384.240 380.377 388.370 387.623 384.606 383.444 383.426 382.723 380.427
453 404.000 398.566 398.715 398.679 400.383 401.992 401.206 399.526 401.748 396.219 401.922
454 431.000 434.597 448.634 439.307 439.842 446.885 446.696 442.253 442.079 439.398 431.076
455 461.000 438.011 441.268 438.666 450.935 444.343 441.827 440.667 439.042 442.354 437.451
456 346.000 363.279 362.771 359.882 364.546 364.725 362.709 359.525 362.788 360.632 360.476
457 461.000 441.584 445.070 442.394 444.518 431.185 442.040 441.372 441.978 443.007 444.683
458 446.000 450.063 448.019 452.547 442.795 461.740 457.068 447.177 444.375 446.253 440.603
459 334.000 330.743 330.440 327.794 327.095 326.296 323.981 330.644 328.662 327.373 328.598
460 368.000 362.770 360.055 359.882 359.768 358.453 357.297 362.422 363.887 358.786 356.310
461 421.000 426.831 421.746 427.658 417.874 426.016 510.428 411.963 493.256 431.579 386.127
462 536.000 536.730 523.998 553.353 539.009 530.977 525.339 534.811 518.600 518.022 541.673
463 399.000 434.864 431.085 427.789 429.622 428.637 435.514 433.814 434.362 432.087 432.758
464 584.000 564.370 571.813 565.756 568.401 566.452 561.226 558.103 573.647 558.187 562.189
465 592.000 582.506 587.951 585.801 581.702 579.218 588.044 582.342 581.482 585.635 581.078
466 450.000 439.582 448.840 436.704 446.202 431.185 443.686 444.117 445.816 441.994 446.007
467 359.000 371.790 371.443 378.155 368.784 373.425 370.231 368.264 380.696 360.844 366.113
468 325.000 327.283 325.903 324.737 327.936 326.463 326.445 324.808 326.873 326.580 325.697
469 315.000 321.660 323.272 326.219 322.152 325.859 327.626 324.724 323.930 325.179 327.682
470 411.000 429.161 434.583 414.002 433.648 428.257 412.263 427.957 435.299 432.345 427.290
471 548.000 521.720 535.034 531.338 507.733 502.523 508.487 518.837 533.021 510.545 523.477
472 450.000 423.118 435.041 431.002 443.736 435.947 427.614 438.217 425.771 433.347 433.515
473 310.000 399.750 399.213 395.986 399.323 388.180 377.172 382.057 386.656 380.395 392.702
474 362.000 329.737 334.520 328.185 329.856 325.058 332.734 336.086 327.872 331.660 353.001
475 322.000 338.208 332.207 334.824 331.479 338.275 331.401 328.497 344.662 330.074 335.925
476 396.000 402.515 397.429 402.414 406.806 404.832 406.014 404.521 403.025 405.380 405.403
477 408.000 423.768 421.642 424.072 424.845 421.147 420.018 420.770 421.137 423.258 422.629
478 540.000 502.696 499.885 502.106 508.322 499.997 499.105 503.503 501.917 507.132 502.921
479 399.000 406.807 404.630 402.823 409.388 409.219 405.547 402.200 405.255 398.760 405.079
480 448.000 448.792 444.986 446.421 433.810 443.984 442.591 442.202 439.796 443.483 447.987
481 460.000 418.837 419.901 412.905 420.818 421.707 420.943 419.165 417.098 421.427 418.641
482 331.000 325.274 324.355 325.872 326.650 326.767 324.871 326.219 326.590 323.931 325.477
483 448.000 436.627 429.224 427.623 418.788 426.714 418.544 425.203 432.008 425.530 420.375
484 444.000 437.868 435.322 437.646 431.662 437.168 440.126 437.662 436.455 451.444 444.125
485 336.000 327.064 329.670 329.017 332.297 327.291 328.781 326.068 332.468 329.742 333.586
486 502.000 435.240 437.214 461.403 451.063 470.827 433.031 446.777 467.505 456.493 465.875
487 409.000 425.364 422.162 422.376 427.038 425.546 422.749 422.732 424.443 423.379 425.111
488 405.000 414.265 411.614 409.521 413.828 412.836 416.452 414.868 414.493 418.206 412.485
489 555.000 551.909 545.983 555.230 552.141 548.326 554.403 556.822 552.452 553.927 552.274
490 427.000 421.134 419.745 415.497 416.594 419.881 418.601 423.065 418.575 419.780 421.283
491 452.000 441.584 445.236 443.466 441.788 448.237 446.062 444.560 445.181 436.044 441.891
492 329.000 328.686 325.081 330.770 326.326 326.359 326.299 326.171 326.523 329.246 328.204
493 491.000 488.363 474.831 471.223 474.320 475.464 487.207 482.330 487.167 477.816 482.982
494 440.000 435.123 419.093 437.101 436.224 422.086 429.361 429.469 434.917 433.630 436.616
495 363.000 344.121 339.590 334.482 331.392 328.667 325.946 349.794 334.942 347.425 340.660
496 432.000 415.140 419.962 427.290 430.909 417.547 419.779 418.550 422.429 422.257 423.969
497 514.000 483.273 481.662 481.420 478.457 478.588 496.754 487.505 478.166 485.799 487.052
498 536.000 547.566 548.202 549.982 549.504 549.370 550.390 544.198 530.613 542.183 549.810
499 462.000 429.899 435.169 426.808 421.990 433.360 425.984 434.183 423.875 427.864 426.284
500 510.000 474.774 505.846 484.839 505.425 492.053 495.622 495.358 501.446 500.266 495.432
501 357.000 389.210 390.625 391.021 389.499 379.770 389.813 392.319 393.944 391.601 387.081
502 418.000 414.346 419.464 417.010 411.899 414.692 416.151 412.836 410.875 413.018 416.963
503 406.000 460.342 455.083 470.585 468.706 467.618 462.633 479.987 465.684 468.374 471.220
504 464.000 450.518 451.102 454.967 447.019 445.930 451.194 453.288 448.758 452.817 464.558
505 400.000 408.557 411.415 406.812 409.138 407.760 408.537 411.210 409.083 407.999 404.596
506 400.000 417.457 416.639 416.641 416.770 419.463 416.937 417.631 415.282 420.054 417.195
507 333.000 328.345 330.759 329.557 329.895 328.429 331.872 328.252 327.096 332.835 331.242
508 452.000 443.689 439.721 436.537 442.596 437.602 452.265 437.475 441.600 442.711 437.141
509 586.000 532.309 540.997 524.416 528.056 530.689 526.481 531.642 526.645 515.260 524.537
510 461.000 452.320 445.996 440.585 442.464 436.469 456.957 446.038 453.213 442.869 442.998
511 606.000 576.591 573.857 568.979 579.956 586.308 582.872 574.891 583.632 585.980 583.548
512 338.000 384.188 384.666 393.235 387.252 385.862 388.632 396.991 388.279 390.925 388.110
513 368.000 380.597 379.065 384.193 375.342 384.148 384.312 388.431 372.835 383.814 390.329
514 442.000 420.014 423.514 415.346 421.920 417.404 430.306 418.584 422.630 421.693 424.613
515 417.000 428.359 423.248 431.443 425.775 425.147 422.718 424.099 427.094 426.873 425.875
516 328.000 321.253 323.875 323.866 322.572 321.975 322.018 322.587 322.847 322.241 321.061
517 477.000 474.597 479.885 455.827 471.050 461.272 482.520 474.320 470.954 475.094 466.548
518 350.000 340.337 343.819 340.548 346.579 342.777 336.180 335.957 340.249 334.328 346.118
519 421.000 423.422 420.606 416.543 420.740 420.845 423.633 419.296 421.152 421.180 419.634
520 592.000 554.150 542.986 547.290 552.916 553.249 549.197 553.440 539.494 550.112 547.946
521 422.000 451.306 439.101 441.975 450.373 456.522 448.090 444.457 433.219 448.601 445.958
522 473.000 489.844 475.867 465.137 458.558 462.621 474.237 469.399 462.977 477.245 468.080
523 567.000 571.584 574.933 569.182 575.915 567.757 565.218 569.391 570.763 565.451 572.267
524 425.000 413.288 418.274 414.348 415.415 418.503 420.909 415.265 416.550 411.857 418.619
525 429.000 421.304 422.691 426.182 426.773 418.307 426.431 420.913 416.777 426.118 422.657
526 351.000 350.744 346.789 349.696 351.501 349.274 343.991 351.502 347.730 347.986 349.269
527 416.000 414.553 417.942 417.803 417.042 419.688 420.677 418.150 412.896 418.206 418.677
528 354.000 351.443 348.431 350.591 357.258 355.416 352.273 350.750 350.347 345.550 349.302
529 524.000 531.362 525.555 527.732 527.319 531.406 521.070 533.229 539.949 531.935 527.740
530 334.000 365.031 361.608 361.356 356.701 357.293 362.779 369.429 366.741 364.987 366.024
531 462.000 419.254 423.665 424.911 425.584 418.564 431.626 423.244 418.799 415.732 425.127
532 477.000 430.295 448.856 438.181 446.429 434.281 428.843 449.321 439.383 439.580 437.103
533 528.000 516.899 517.385 503.214 503.848 511.880 511.550 513.833 496.279 510.258 498.791
534 335.000 329.697 328.369 328.715 330.277 328.946 327.680 329.688 329.590 331.975 329.347
535 323.000 327.126 328.617 325.568 327.623 328.783 324.771 325.751 326.799 328.277 327.135
536 412.000 413.137 417.201 416.765 412.149 424.768 411.934 412.935 419.186 416.290 416.671
537 551.000 545.106 545.018 553.770 547.776 548.724 548.037 546.454 550.258 541.415 549.574
538 406.000 410.362 416.747 415.691 411.802 414.836 417.220 415.302 414.166 421.024 416.499
539 502.000 518.911 518.946 518.863 526.627 524.419 525.248 516.472 511.584 516.710 517.932
540 415.000 416.899 416.266 414.560 414.060 415.218 415.164 413.922 412.727 414.699 413.255
541 336.000 330.491 327.935 327.507 330.154 329.458 327.712 332.734 326.555 328.687 329.162
542 312.000 323.507 321.981 327.134 322.282 325.767 325.871 323.004 323.510 327.445 324.878
543 330.000 329.172 331.284 328.975 328.663 328.536 331.479 330.640 331.383 328.503 330.626
544 508.000 432.524 422.041 434.732 431.934 433.738 429.045 412.885 438.808 437.459 427.145
545 588.000 579.577 583.965 579.166 584.578 587.383 592.358 584.374 589.670 582.948 583.689
546 410.000 427.059 431.349 430.037 430.723 429.784 424.885 429.495 427.837 434.836 426.795
547 540.000 514.792 515.944 511.869 501.195 514.140 518.638 518.807 521.063 521.284 520.441
548 362.000 365.571 366.500 374.078 374.023 373.115 369.942 371.704 367.747 369.169 374.834
549 404.000 400.100 400.274 400.790 404.605 399.882 405.013 401.061 402.106 401.824 404.159
550 370.000 348.634 347.303 348.333 347.416 349.212 350.020 349.137 349.418 347.059 346.462
551 482.000 453.479 437.733 447.310 431.831 447.790 442.551 459.648 399.020 422.209 446.990
552 398.000 400.753 400.372 400.008 400.906 397.421 398.474 401.177 400.928 399.250 401.922
553 466.000 467.441 469.493 460.489 451.743 463.344 472.367 453.311 447.042 473.065 455.241
554 405.000 411.930 411.341 413.298 409.573 409.145 413.348 413.438 414.047 410.166 409.460
555 576.000 536.458 540.680 534.611 554.327 542.902 542.948 528.684 541.297 530.264 541.846
556 457.000 417.044 420.529 422.303 418.190 423.367 418.605 420.770 418.719 420.706 425.988
557 478.000 441.090 449.629 450.319 445.052 446.362 451.210 449.596 445.228 450.791 449.013
558 431.000 424.489 424.668 431.367 402.488 412.906 415.551 414.978 420.733 426.812 421.723
559 411.000 362.240 351.768 394.056 373.386 361.492 355.616 357.688 356.949 376.599 348.916
560 409.000 419.770 419.406 412.769 414.145 412.971 416.223 419.308 417.248 413.914 416.547
561 375.000 441.581 438.535 442.247 423.961 443.346 439.949 447.932 430.986 433.047 449.387
562 400.000 383.377 400.889 390.707 397.087 380.056 392.978 397.832 393.520 383.961 401.400
563 331.000 328.049 328.165 327.667 326.758 328.447 327.806 327.092 327.096 329.742 329.062
564 412.000 428.890 426.140 431.443 423.982 424.184 425.214 427.233 428.109 430.662 429.266
565 485.000 480.207 497.980 494.085 498.498 494.047 491.418 485.083 474.780 472.751 480.166
566 407.000 419.931 420.960 417.863 422.053 422.009 422.266 420.770 421.137 424.266 421.951
567 405.000 411.425 419.079 410.552 408.698 421.092 418.149 414.545 417.566 407.027 413.770
568 406.000 401.748 401.614 401.899 404.209 403.556 402.257 402.207 401.073 400.921 402.132
569 342.000 344.809 346.094 343.486 347.602 348.698 346.415 349.193 345.741 346.767 348.799
570 321.000 324.775 325.081 327.667 326.901 328.486 325.311 326.663 328.168 327.478 324.843
571 361.000 382.187 382.183 385.896 375.576 378.189 381.456 386.993 378.740 373.135 388.862
572 387.000 376.784 375.774 374.631 374.496 372.389 373.799 387.128 378.467 368.836 373.346
573 323.000 323.571 323.875 324.658 323.933 322.502 324.736 322.334 322.847 322.964 323.613
574 390.000 380.288 405.378 384.609 395.816 396.082 393.968 381.769 390.370 391.880 387.558
575 440.000 446.832 453.191 445.589 452.466 429.267 439.334 456.630 442.169 440.951 442.164
576 332.000 355.098 348.467 355.417 355.722 365.283 343.490 349.271 359.320 355.711 359.823
577 456.000 466.520 472.290 470.825 465.664 470.488 468.266 462.297 467.264 465.332 469.611
578 488.000 429.646 432.622 429.457 434.340 433.994 428.930 426.472 428.708 438.069 436.768
579 332.000 414.398 346.175 356.643 365.785 340.451 352.110 357.718 343.105 372.382 350.791
580 316.000 326.116 323.970 327.687 324.961 325.676 322.914 325.751 324.410 322.016 328.970
581 459.000 429.079 445.699 440.094 431.627 440.964 432.801 427.714 421.804 440.890 439.278
582 335.000 322.809 323.422 326.889 324.177 325.596 324.341 325.030 326.555 323.381 325.963
583 332.000 334.637 331.840 340.030 337.615 332.952 338.739 337.577 333.993 331.936 339.470
584 459.000 486.170 498.419 481.384 473.785 498.459 513.199 493.573 486.695 481.038 483.105
585 396.000 412.816 407.099 412.076 412.117 412.719 413.732 409.398 409.229 413.115 414.411
586 489.000 512.806 500.818 514.586 505.289 509.544 509.725 505.215 506.384 501.443 515.183
587 417.000 402.083 406.588 403.774 404.996 392.671 399.152 401.225 400.935 403.617 413.995
588 404.000 400.100 400.372 400.008 399.174 403.191 401.071 397.953 400.432 400.118 400.850
589 400.000 418.913 404.138 411.304 416.912 413.105 411.899 413.466 410.080 411.663 414.102
590 357.000 354.456 354.199 357.487 354.101 353.184 354.795 359.988 351.646 355.560 349.992
591 437.000 457.332 447.114 459.703 458.116 450.947 454.827 424.750 446.886 455.563 446.648
592 542.000 546.285 555.058 551.365 549.195 552.462 544.352 550.099 541.741 549.419 553.160
593 419.000 423.422 422.436 420.851 421.958 419.594 421.848 419.296 421.152 421.172 419.634
594 350.000 354.854 377.538 360.174 366.495 357.456 353.243 369.366 374.396 363.050 356.621
595 424.000 438.629 437.801 434.048 429.602 438.481 427.820 437.350 440.591 430.015 441.437
596 443.000 441.061 451.591 446.636 429.517 435.141 437.909 417.467 445.188 441.723 452.453
597 439.000 428.422 427.454 426.218 422.602 427.568 421.986 421.539 422.797 423.551 426.291
598 324.000 321.509 322.505 323.866 321.723 322.550 322.746 322.976 320.320 325.115 322.372
599 311.000 350.978 342.315 347.327 349.553 341.516 351.329 339.699 358.829 350.969 348.748
600 331.000 333.635 333.565 334.666 333.131 329.129 328.225 333.883 335.352 333.191 328.654
601 428.000 417.656 416.053 418.912 413.509 423.587 414.194 416.198 419.550 424.698 414.509
602 400.000 434.027 431.587 437.396 428.817 432.861 422.732 435.949 433.170 435.025 432.206
603 309.000 327.283 327.236 326.647 326.287 327.619 326.642 326.588 327.273 323.931 325.901
604 375.000 366.880 371.494 365.439 368.700 363.856 364.687 363.408 375.016 367.898 363.511
605 450.000 428.921 432.351 424.475 429.974 430.812 430.611 442.143 435.649 426.963 429.541
606 388.000 400.318 394.330 388.692 394.437 393.924 401.372 390.301 397.316 391.871 398.098
607 323.000 335.796 331.392 335.865 331.879 333.207 329.483 327.756 330.078 331.230 333.085
608 448.000 422.814 425.292 426.589 426.844 424.193 433.332 426.432 422.225 425.289 426.353
609 372.000 354.368 356.731 350.862 355.115 355.878 351.941 356.087 357.412 353.176 357.537
610 328.000 326.635 327.177 327.667 325.460 327.157 325.536 324.808 328.168 326.460 325.377
611 460.000 435.300 435.589 439.246 440.439 438.824 434.494 439.755 435.803 436.808 427.751
612 504.000 498.917 510.099 513.653 504.912 507.466 498.575 499.649 504.264 509.293 500.112
613 433.000 445.245 432.166 431.411 443.787 433.123 446.493 439.465 433.158 437.962 443.239
614 564.000 580.450 580.467 584.532 582.261 584.187 581.435 591.537 581.306 589.247 583.397
615 439.000 397.822 402.906 421.218 398.748 402.489 402.706 408.144 396.286 401.994 382.159
616 440.000 413.452 423.315 419.964 415.356 423.950 422.943 421.269 415.458 423.300 419.695
617 484.000 494.359 494.362 491.165 490.473 480.114 479.454 486.264 479.378 490.186 487.572
618 396.000 405.176 402.508 404.117 405.253 409.219 403.442 405.136 407.193 409.711 405.079
619 435.000 416.759 416.131 415.978 416.978 416.517 421.633 421.880 417.731 420.777 418.674
620 397.000 387.413 385.132 389.048 388.733 396.269 405.791 387.957 392.123 384.386 389.939
621 420.000 414.917 412.714 422.012 418.695 418.242 415.517 414.927 418.957 420.044 415.426
622 408.000 384.614 384.487 377.368 384.787 377.690 390.496 376.561 379.692 394.151 391.447
623 437.000 440.017 417.341 433.061 437.704 424.866 427.090 433.334 420.988 427.944 423.570
624 406.000 370.289 394.854 380.979 378.450 366.311 366.488 383.816 372.966 386.797 381.592
625 393.000 388.928 382.616 377.294 378.618 378.871 369.197 384.512 373.565 383.856 383.139
626 452.000 443.488 446.985 441.889 446.072 450.687 453.968 443.975 467.701 433.884 448.107
627 466.000 423.121 430.303 429.265 425.969 433.946 419.367 423.975 416.389 424.248 439.323
628 410.000 417.963 422.392 439.118 420.667 419.919 416.507 424.440 425.633 422.897 413.132
629 447.000 427.562 416.322 415.265 422.548 421.309 415.833 422.143 424.977 421.131 419.236
630 487.000 454.674 446.953 447.815 449.577 456.280 485.939 443.227 465.820 442.699 445.700
631 420.000 427.598 424.978 430.488 427.346 425.100 419.901 425.328 421.319 424.792 422.833
632 565.000 541.500 547.628 553.549 541.357 545.988 546.053 540.296 549.829 549.546 545.062
633 309.000 327.283 327.236 326.889 326.287 326.678 326.810 325.745 326.315 326.472 325.477
634 437.000 422.589 438.856 430.264 431.232 428.847 433.588 428.612 419.544 428.120 428.907
635 481.000 506.106 501.259 516.824 500.661 502.110 505.087 502.942 498.244 499.239 511.520
636 390.000 410.733 407.470 410.122 408.962 411.415 411.191 398.702 405.700 406.921 417.049
637 329.000 325.274 323.396 324.737 325.460 326.767 324.573 326.832 327.231 325.635 325.901
638 349.000 348.520 351.303 347.839 349.961 352.416 352.273 348.994 351.076 351.229 350.662
639 336.000 328.293 328.984 327.807 328.376 329.904 323.981 328.025 327.361 328.314 327.053
640 550.000 477.033 477.831 476.918 480.940 475.859 480.764 476.529 468.147 470.948 468.754
641 315.000 322.893 322.372 322.599 323.933 322.550 322.746 323.927 322.074 322.241 324.096
642 420.000 420.905 421.373 422.253 419.018 416.512 420.771 422.093 421.923 418.616 417.405
643 466.000 467.811 454.107 455.928 462.994 470.470 469.230 462.225 460.709 462.021 460.184
644 315.000 321.990 319.687 325.859 320.385 323.716 321.643 319.163 321.363 317.261 322.792
645 345.000 342.972 336.291 342.379 347.887 337.134 325.946 335.751 337.946 334.552 334.280
646 451.000 427.492 435.589 423.496 442.066 423.034 438.535 427.822 417.621 415.435 438.293
647 337.000 387.754 393.240 389.150 387.845 388.418 386.639 394.817 380.899 385.155 382.181
648 439.000 415.064 417.250 417.397 417.399 413.941 417.871 415.612 415.146 414.470 414.638
649 330.000 322.809 322.793 322.599 321.723 322.426 321.555 322.976 320.320 322.196 322.650
650 538.000 531.916 524.257 520.934 535.381 531.286 530.725 532.434 526.037 530.629 532.743
651 326.000 417.890 368.267 363.684 351.717 355.174 342.495 358.818 352.109 346.322 373.849
652 392.000 400.574 416.153 410.203 414.849 419.327 420.748 415.334 422.992 406.221 417.892
653 366.000 383.569 392.186 388.321 394.892 388.365 391.696 397.877 394.783 382.280 389.877
654 318.000 330.073 330.906 326.919 325.651 327.015 331.439 328.424 328.326 329.457 331.704
655 561.000 452.832 493.650 479.061 465.650 425.669 485.298 479.612 525.513 517.402 485.513
656 436.000 451.797 459.353 444.430 446.299 440.151 444.064 429.300 448.306 452.842 451.806
657 463.000 444.824 449.560 438.673 440.595 451.735 438.907 437.497 438.189 453.121 441.707
658 348.000 348.636 351.439 351.123 352.604 348.055 347.978 349.907 348.604 349.234 348.379
659 313.000 327.155 329.670 327.549 326.175 329.269 327.635 328.073 331.028 328.718 327.151
660 451.000 438.117 441.886 438.851 436.712 449.087 448.783 431.266 445.656 447.188 445.972
661 384.000 384.568 377.247 382.456 396.354 380.018 381.328 383.740 389.477 378.995 377.464
662 459.000 439.760 435.843 430.594 429.443 434.578 446.696 436.232 435.934 432.563 431.076
663 421.000 360.183 378.159 359.358 359.169 364.674 369.341 348.939 351.252 362.877 360.586
664 481.000 493.975 502.067 517.490 501.822 496.326 505.087 501.456 500.612 508.149 511.520
665 320.000 326.559 325.081 327.667 325.258 327.320 326.965 325.539 327.273 325.796 327.412
666 310.000 361.128 345.394 338.127 345.855 350.449 349.690 342.068 348.093 337.068 344.832
667 402.000 414.284 415.719 416.636 414.778 413.281 411.547 414.894 413.588 417.794 410.861
668 530.000 443.490 440.085 429.876 435.291 437.839 434.907 428.025 434.296 427.522 435.228
669 583.000 529.582 540.213 540.420 539.229 493.088 544.505 557.188 541.629 538.382 536.577
670 421.000 417.676 413.358 415.632 410.276 415.901 414.486 416.486 409.766 415.088 412.118
671 415.000 417.398 416.533 418.364 412.149 419.224 413.874 416.939 416.954 417.708 419.169
672 387.000 399.663 399.545 395.361 398.667 397.427 408.084 401.967 401.277 395.153 411.761
673 584.000 564.834 561.537 561.488 573.141 560.946 558.318 567.195 561.520 555.914 569.915
674 307.000 330.794 329.610 329.812 332.582 326.899 329.589 330.640 331.432 327.373 328.458
675 424.000 419.931 421.133 418.701 417.496 421.651 418.441 417.840 413.585 424.266 420.731
676 449.000 454.349 446.427 442.516 456.867 454.097 443.855 454.767 462.374 452.294 433.146
677 610.000 476.822 482.057 468.067 459.571 449.303 458.563 466.580 473.004 470.831 467.508
678 505.000 512.203 518.712 518.831 522.376 513.857 527.401 513.965 524.081 512.324 522.973
679 408.000 401.724 399.033 398.862 399.644 397.421 398.197 400.340 400.045 401.227 397.804
680 377.000 377.282 390.064 371.733 368.551 382.735 371.689 371.749 372.289 376.505 373.053
681 502.000 428.395 441.519 452.813 459.877 469.540 453.104 455.963 462.703 408.606 467.926
682 319.000 326.881 326.542 325.320 328.014 323.915 325.855 325.612 326.190 323.157 323.506
683 394.000 398.263 399.387 402.289 398.155 402.433 402.513 403.631 403.814 406.676 399.439
684 290.000 328.535 328.401 329.321 329.213 328.021 328.438 328.073 331.028 328.370 328.150
685 407.000 422.900 420.529 424.072 424.037 420.199 421.848 424.308 419.171 424.037 421.951
686 444.000 440.097 437.619 438.718 442.720 440.777 427.462 431.714 451.028 424.180 439.871
687 322.000 325.276 327.236 324.764 326.141 327.916 330.109 329.861 328.030 327.779 325.683
688 331.000 331.233 327.477 330.377 330.980 330.693 332.433 333.515 333.339 332.227 330.276
689 402.000 408.675 411.890 413.096 410.975 409.616 413.199 409.480 404.270 413.327 408.768
690 320.000 326.557 325.827 327.667 324.860 326.463 325.463 324.808 327.045 327.478 327.192
691 386.000 363.759 369.999 376.464 370.542 373.966 371.034 377.594 365.264 365.599 376.410
692 364.000 446.275 433.770 451.892 435.418 431.716 448.236 454.373 437.316 439.417 434.651
693 328.000 324.623 325.288 325.088 324.428 324.829 322.914 325.828 326.555 322.016 331.147
694 312.000 333.847 336.331 334.198 334.395 326.970 333.140 331.770 331.898 338.553 329.213
695 378.000 355.913 356.731 349.101 356.942 357.291 349.643 353.148 352.158 362.742 353.206
696 331.000 328.167 327.779 326.856 326.464 325.364 328.541 327.674 328.271 325.635 328.943
697 330.000 347.929 347.880 346.021 352.026 349.526 343.585 348.810 345.179 348.655 348.965
698 451.000 432.778 440.284 442.876 435.742 434.972 438.658 434.010 442.584 446.916 432.343
699 313.000 363.810 338.511 333.917 345.272 340.408 328.813 345.427 327.781 335.538 327.135
700 408.000 411.690 414.915 412.694 415.433 409.960 413.951 410.452 411.348 411.373 415.066
701 440.000 432.814 431.522 432.728 428.662 422.086 434.470 432.963 436.287 428.477 427.879
702 375.000 371.334 375.925 369.074 378.372 361.721 361.470 376.611 378.090 367.743 375.494
703 462.000 435.897 440.311 433.771 436.187 426.812 438.926 432.381 436.408 432.491 430.978
704 450.000 430.258 422.090 424.273 432.636 432.654 430.996 428.881 432.379 431.748 431.750
705 417.000 412.716 413.445 414.377 415.116 412.487 416.264 416.673 415.577 416.582 411.562
706 452.000 454.690 452.883 473.285 458.924 453.675 460.152 462.523 454.756 462.166 436.589
707 526.000 497.689 525.252 518.420 508.014 515.595 494.901 497.756 506.346 518.064 513.807
708 460.000 444.230 450.946 452.882 449.682 452.051 452.096 452.249 449.796 449.197 446.856
709 428.000 417.594 413.270 416.461 416.882 417.378 410.985 413.521 426.675 420.489 414.807
710 310.000 324.989 323.614 321.935 321.512 322.531 324.930 323.004 325.225 325.115 322.372
711 412.000 413.827 417.115 418.703 419.180 419.558 415.279 411.931 418.704 412.668 420.615
712 320.000 393.820 397.487 399.200 406.041 394.794 397.167 420.375 387.027 388.814 396.019
713 468.000 476.908 458.431 478.146 473.737 469.731 479.476 467.289 471.678 467.896 483.982
714 316.000 350.013 338.138 349.845 342.132 339.941 351.329 337.387 342.209 342.057 344.052
715 602.000 585.485 588.761 585.782 582.531 584.620 574.449 588.166 587.560 587.438 579.047
716 328.000 362.923 360.825 361.765 365.402 376.705 362.111 368.358 364.728 359.208 367.250
717 579.000 524.386 510.021 522.421 525.646 486.296 527.337 529.348 527.407 527.345 512.971
718 354.000 346.930 359.648 356.016 358.776 361.097 351.927 353.116 353.979 358.639 360.531
