data_index lambdaa.observed lambdaa.predicted.repeat1 lambdaa.predicted.repeat2 lambdaa.predicted.repeat3 lambdaa.predicted.repeat4 lambdaa.predicted.repeat5 lambdaa.predicted.repeat6 lambdaa.predicted.repeat7 lambdaa.predicted.repeat8 lambdaa.predicted.repeat9 lambdaa.predicted.repeat10
1 342.000 386.653 384.669 384.798 377.670 383.608 388.206 381.889 377.082 375.059 378.263
2 336.000 351.859 348.122 353.836 354.637 356.013 354.931 349.370 355.172 355.067 345.967
3 434.000 427.457 430.911 432.703 431.433 426.278 428.278 426.495 431.347 432.431 430.314
4 320.000 319.978 317.821 318.048 317.518 317.416 319.170 318.610 318.225 319.590 317.949
5 317.000 332.756 336.482 336.398 329.333 332.358 331.710 340.862 332.001 330.227 331.511
6 432.000 455.069 456.367 456.939 453.945 459.103 453.929 455.052 455.188 456.707 455.796
7 419.000 420.689 421.749 421.909 420.163 419.501 418.820 422.247 420.389 418.457 416.027
8 554.000 497.893 537.978 528.512 519.157 529.120 534.066 527.764 520.648 525.453 527.281
9 438.000 449.416 456.953 459.429 463.813 453.821 451.070 457.180 461.151 466.622 464.252
10 315.000 320.536 321.558 323.151 319.691 320.924 322.037 319.003 319.437 324.064 319.974
11 325.000 330.131 329.317 330.536 330.463 331.644 329.288 331.573 331.370 331.302 331.429
12 492.000 395.873 405.954 402.568 405.065 394.639 403.515 404.713 404.863 397.945 401.931
13 370.000 360.690 367.250 359.578 365.621 369.487 366.487 363.056 364.064 363.142 363.000
14 424.000 414.997 410.490 413.286 410.709 413.840 416.881 411.631 412.419 412.963 414.775
15 400.000 408.305 406.372 405.914 406.680 405.858 405.045 405.476 407.711 406.996 406.095
16 406.000 403.939 406.770 407.071 405.705 404.772 404.829 405.670 405.321 405.753 406.126
17 429.000 442.048 438.442 427.729 427.519 440.191 439.985 429.045 415.707 437.058 431.367
18 450.000 414.546 423.749 430.636 422.869 429.691 431.394 430.717 420.803 425.700 428.916
19 342.000 333.052 332.672 333.583 338.052 332.724 332.157 335.559 335.589 332.466 333.233
20 302.000 335.050 334.402 334.306 336.297 331.251 332.819 336.806 336.841 331.233 332.639
21 437.000 438.126 435.873 438.991 440.277 442.473 440.725 440.857 432.588 442.807 439.848
22 407.000 416.600 419.025 418.467 418.860 417.750 418.954 419.533 417.661 417.246 418.163
23 384.000 392.866 394.270 392.189 393.420 390.434 392.587 391.610 396.139 394.249 393.717
24 371.000 382.883 393.441 396.762 388.267 383.107 387.163 386.035 404.465 384.683 397.297
25 417.000 337.248 344.931 336.939 336.902 338.904 347.921 342.629 333.213 342.726 340.058
26 425.000 436.158 440.112 436.456 431.992 436.486 435.279 429.644 431.927 444.694 440.077
27 350.000 367.435 366.301 351.977 351.252 357.365 350.044 352.270 353.110 354.960 352.903
28 444.000 432.813 426.101 432.235 431.314 433.332 428.580 432.427 430.708 434.360 432.028
29 379.000 397.032 401.970 393.048 395.423 410.709 391.217 395.577 403.207 405.559 404.665
30 400.000 419.168 418.723 416.918 416.469 417.920 416.492 418.675 419.614 417.238 417.006
31 378.000 388.705 395.565 401.054 409.670 405.144 384.115 391.582 406.967 400.181 390.960
32 364.000 384.282 389.514 384.369 385.600 386.981 385.538 382.097 393.809 383.066 386.053
33 360.000 358.559 361.714 357.844 357.183 354.048 356.403 356.002 356.145 355.921 353.064
34 382.000 425.559 410.751 423.051 421.332 404.006 403.008 404.404 403.249 409.794 407.563
35 527.000 503.024 503.792 470.041 479.249 493.023 499.211 505.804 505.044 475.301 485.280
36 408.000 405.687 406.337 405.256 405.859 408.861 407.427 404.975 405.464 403.952 406.648
37 421.000 364.024 360.793 367.275 356.571 355.098 364.801 357.847 364.935 359.590 359.383
38 346.000 331.213 329.822 329.449 330.256 327.498 329.901 330.422 327.778 328.566 327.085
39 478.000 477.497 500.677 509.041 505.685 490.131 500.509 503.797 504.893 504.707 502.639
40 420.000 435.130 438.114 433.968 430.830 434.731 428.925 427.738 427.540 434.744 425.266
41 430.000 442.578 434.014 444.171 441.723 437.486 438.959 441.498 440.979 438.764 439.434
42 623.000 558.130 557.659 552.128 560.349 555.250 564.076 560.028 535.328 557.970 554.007
43 457.000 434.694 429.616 428.887 431.689 427.736 435.146 430.630 423.910 430.287 428.618
44 424.000 433.069 429.096 433.180 432.415 431.726 439.113 430.587 428.035 432.374 430.503
45 456.000 445.842 448.633 447.412 453.615 443.176 445.917 443.974 443.992 442.358 431.008
46 411.000 412.684 412.865 411.210 413.197 409.524 409.504 411.603 410.570 414.212 412.860
47 413.000 432.623 437.151 436.635 433.640 433.666 439.505 430.767 432.236 437.259 431.867
48 332.000 374.361 366.164 367.171 370.171 368.772 375.093 368.944 373.947 384.109 365.558
49 489.000 469.749 475.406 476.023 475.106 477.923 477.721 475.776 472.302 475.765 476.962
50 425.000 439.913 439.056 428.233 415.150 437.667 428.656 425.622 423.165 430.250 441.259
51 359.000 381.413 382.594 384.653 386.686 377.795 382.217 382.048 382.222 386.506 394.471
52 418.000 415.292 419.018 418.448 417.069 419.506 418.957 416.906 422.050 418.818 420.414
53 325.000 319.920 322.913 321.984 318.919 321.505 320.944 322.303 324.399 323.519 322.052
54 447.000 424.822 421.316 425.839 425.491 424.801 425.080 423.989 424.756 423.466 421.639
55 464.000 485.761 483.613 481.224 485.280 490.258 483.220 484.303 482.279 489.243 482.773
56 431.000 424.562 423.867 422.721 422.456 422.505 422.845 421.072 423.500 421.767 426.495
57 332.000 339.664 360.055 347.442 346.750 348.105 343.562 346.971 340.521 342.573 347.524
58 329.000 417.529 417.236 415.674 409.980 418.418 416.274 414.118 420.996 413.163 422.262
59 315.000 318.913 321.665 321.949 321.734 321.213 321.172 319.152 319.409 323.347 319.599
60 396.000 408.901 411.336 416.103 414.605 414.955 413.629 410.704 412.994 407.538 413.293
61 390.000 372.219 371.471 373.386 369.687 376.721 376.622 370.817 373.273 376.204 369.788
62 423.000 461.622 429.744 436.556 445.202 449.071 452.093 456.092 448.598 430.022 442.303
63 430.000 435.786 437.779 437.238 438.913 444.225 432.872 437.259 438.519 443.430 438.629
64 429.000 424.445 421.503 419.931 420.144 425.260 420.699 426.303 420.408 423.811 423.790
65 467.000 450.219 444.289 446.530 444.004 445.801 445.080 443.165 442.745 442.939 440.712
66 602.000 565.999 560.223 571.521 566.576 569.629 558.521 559.444 555.765 565.509 554.970
67 461.000 462.352 460.373 477.548 466.233 479.880 466.912 455.033 475.804 470.595 451.182
68 342.000 343.019 341.995 343.978 342.449 341.221 342.190 344.236 345.041 343.536 345.425
69 545.000 487.679 495.529 496.103 487.585 497.405 494.105 497.824 494.669 489.663 488.252
70 415.000 416.345 417.945 417.435 416.995 420.217 417.179 415.866 416.764 416.100 417.469
71 365.000 378.410 378.225 379.915 376.042 376.457 380.774 374.117 375.878 380.658 369.479
72 429.000 451.557 446.273 440.200 453.574 444.880 448.330 442.382 444.235 444.263 445.734
73 336.000 331.335 332.947 335.266 331.749 332.140 332.802 332.665 332.397 332.294 332.745
74 302.000 327.254 329.035 328.086 330.810 333.232 327.374 330.508 328.303 332.329 327.217
75 426.000 437.170 435.805 435.704 436.633 429.891 432.767 434.120 434.686 444.734 435.728
76 364.000 385.406 375.796 382.083 377.181 371.810 376.135 391.677 376.803 377.735 378.413
77 451.000 425.303 426.086 424.999 426.451 427.852 425.706 425.314 427.336 424.798 426.421
78 573.000 560.525 564.757 573.201 566.032 560.409 559.653 560.639 558.277 563.456 562.206
79 447.000 434.425 438.642 439.924 435.691 437.496 437.730 436.597 437.044 436.211 435.366
80 322.000 341.334 338.189 341.803 340.170 343.004 339.027 337.051 337.640 341.883 347.489
81 586.000 573.123 572.014 571.250 573.759 582.338 574.467 572.525 566.718 558.523 571.715
82 459.000 435.258 437.713 431.608 428.525 428.275 439.701 424.781 436.445 436.544 434.854
83 405.000 413.038 416.387 415.220 418.253 416.597 416.327 418.988 417.241 417.898 418.829
84 434.000 424.873 426.074 423.621 426.571 424.597 419.951 424.802 420.992 422.278 421.604
85 441.000 452.044 458.340 454.950 455.124 455.484 454.163 454.325 456.958 451.478 454.197
86 403.000 412.611 413.117 411.394 411.632 411.607 412.461 411.410 411.724 411.073 411.018
87 450.000 420.999 421.784 420.887 422.486 422.894 419.498 422.611 417.286 420.409 423.197
88 372.000 371.650 370.146 375.189 368.020 368.866 364.850 368.332 371.423 372.602 369.127
89 400.000 418.358 433.201 420.246 420.838 408.157 417.862 430.013 409.273 419.749 429.600
90 545.000 556.390 563.391 557.514 559.385 553.453 556.215 551.328 545.338 558.678 551.970
91 411.000 410.173 412.345 409.651 418.050 413.594 405.554 410.122 407.548 411.166 413.851
92 344.000 355.316 351.920 349.086 352.773 347.236 352.706 350.163 349.023 355.522 348.294
93 502.000 528.732 525.328 537.388 530.192 529.138 521.220 529.488 545.807 532.276 528.008
94 401.000 428.941 427.756 420.217 427.455 421.160 429.142 421.444 431.128 420.529 429.143
95 407.000 409.031 415.338 417.323 413.408 416.335 411.518 415.056 415.441 409.688 415.029
96 444.000 431.945 426.773 434.596 433.669 429.540 437.202 431.032 433.961 429.957 437.499
97 321.000 328.843 330.850 327.058 324.320 330.211 330.134 328.444 327.649 330.893 331.206
98 584.000 589.914 587.243 592.615 585.815 588.766 586.945 582.269 583.143 587.850 586.521
99 480.000 510.853 570.495 498.768 517.772 500.313 504.925 505.055 501.644 507.688 515.191
100 510.000 508.972 511.973 510.248 511.239 509.131 511.672 521.494 504.293 510.647 529.866
101 408.000 409.567 414.232 420.159 417.288 411.867 419.062 423.529 422.315 415.128 414.283
102 323.000 331.150 329.050 329.304 330.340 331.390 330.775 330.469 330.259 329.519 330.426
103 438.000 428.979 441.822 437.229 440.664 442.623 433.069 439.531 442.526 426.892 436.486
104 417.000 417.829 415.095 417.289 416.576 417.572 414.767 415.952 415.602 415.794 418.010
105 429.000 424.642 423.617 425.882 423.595 425.095 425.313 423.744 424.108 429.805 423.795
106 434.000 420.602 423.013 420.510 420.790 421.141 421.943 422.637 420.857 420.899 422.216
107 442.000 425.174 423.195 425.149 423.915 423.532 420.376 425.927 422.539 424.052 427.909
108 410.000 413.339 411.866 411.698 411.716 411.975 411.852 413.701 410.784 410.203 411.663
109 335.000 423.051 417.829 411.776 403.408 407.175 407.352 413.990 411.790 406.156 398.901
110 515.000 520.415 525.831 518.037 518.452 516.074 524.300 519.791 516.389 520.758 514.549
111 400.000 407.596 408.499 405.377 406.458 406.636 406.873 405.773 405.798 406.408 406.276
112 429.000 424.919 426.398 424.794 426.496 424.568 426.993 426.373 426.146 427.119 428.686
113 432.000 448.314 455.479 442.804 450.514 451.411 451.898 442.094 446.866 439.444 439.370
114 335.000 334.405 334.165 334.676 331.896 335.086 332.910 332.711 334.836 334.917 332.159
115 395.000 391.619 396.239 389.771 390.010 392.077 392.569 394.534 395.298 397.332 394.843
116 341.000 333.329 331.815 331.786 333.543 333.869 334.269 336.918 332.929 333.187 330.412
117 425.000 416.466 419.309 419.332 415.928 418.640 417.740 416.823 416.719 416.497 419.689
118 351.000 368.921 373.645 372.397 377.485 371.570 373.812 372.033 368.216 370.426 372.447
119 315.000 326.711 323.279 325.935 324.063 326.191 325.171 324.463 322.149 324.389 327.308
120 320.000 321.283 318.262 319.616 322.627 320.444 319.244 320.992 321.278 317.582 320.532
121 588.000 561.649 557.920 562.282 549.786 563.695 559.199 558.462 558.261 562.606 560.380
122 469.000 462.665 464.283 473.361 458.853 460.127 470.086 462.991 456.912 467.176 453.125
123 321.000 342.936 339.257 338.532 345.410 339.277 340.474 340.367 335.845 341.363 341.563
124 310.000 437.916 443.349 441.961 442.263 434.731 447.580 443.101 447.642 436.960 447.482
125 362.000 336.379 350.237 338.816 338.217 341.373 331.995 344.971 343.631 344.047 356.491
126 332.000 395.303 381.836 400.158 395.654 398.240 392.636 398.560 383.794 381.276 377.903
127 307.000 357.259 358.277 359.867 364.714 360.301 363.685 375.105 360.871 359.906 364.376
128 400.000 407.985 405.623 404.688 408.556 406.575 406.456 405.216 406.927 406.655 405.842
129 490.000 457.734 462.527 461.661 466.474 466.066 466.848 469.136 468.310 470.402 464.349
130 354.000 355.172 352.509 351.897 352.192 355.254 352.295 356.509 355.650 351.631 352.698
131 326.000 330.249 328.991 330.484 329.638 329.814 329.255 328.045 329.306 329.776 328.928
132 326.000 331.972 329.430 328.832 330.319 328.822 330.026 326.889 328.001 332.074 328.574
133 409.000 411.590 409.853 409.969 410.527 409.777 408.260 409.789 409.633 410.289 410.662
134 562.000 447.937 456.920 459.853 462.764 461.193 461.827 465.236 459.591 460.830 458.783
135 332.000 357.956 389.499 380.209 376.854 367.371 385.414 358.893 367.388 372.410 374.917
136 472.000 434.590 433.054 439.396 432.317 433.663 432.829 427.349 446.849 437.670 433.305
137 405.000 413.421 415.267 410.325 413.698 415.139 412.259 413.853 413.670 412.581 411.505
138 394.000 401.860 401.576 406.453 404.997 403.063 404.535 401.615 403.314 405.524 407.008
139 324.000 334.209 332.534 329.632 334.405 333.953 330.099 331.492 332.128 332.305 334.389
140 555.000 549.320 558.566 557.367 559.462 548.809 552.703 559.987 553.347 551.966 557.861
141 324.000 332.877 335.277 331.341 332.143 329.609 332.321 331.140 334.665 334.597 334.993
142 422.000 419.240 416.967 419.076 430.219 423.363 419.007 427.241 420.911 417.354 418.631
143 429.000 436.872 432.765 438.596 437.832 440.338 435.333 436.725 439.401 432.828 433.487
144 314.000 322.303 321.346 325.703 323.390 319.995 319.942 324.818 320.529 323.764 320.789
145 445.000 438.487 437.534 439.285 441.362 447.237 440.734 434.104 439.725 431.623 436.772
146 420.000 425.045 425.536 428.778 427.433 429.609 428.143 425.369 429.741 429.524 429.219
147 350.000 352.448 349.951 352.174 351.093 351.683 351.454 352.021 353.151 351.370 351.699
148 381.000 370.197 363.948 362.438 363.626 364.349 363.448 365.825 368.976 367.400 366.848
149 340.000 338.438 333.859 333.979 335.060 333.962 338.452 331.918 342.535 336.758 335.063
150 462.000 458.381 457.753 454.178 468.324 457.757 457.728 472.904 463.346 461.978 463.544
151 545.000 498.513 528.652 528.238 525.998 525.183 528.775 530.134 517.419 527.533 522.320
152 401.000 403.398 403.410 408.508 400.114 408.288 399.078 406.761 400.611 401.194 404.156
153 450.000 466.390 483.978 502.069 494.155 475.372 514.533 505.632 505.268 500.840 492.667
154 495.000 520.174 513.713 508.855 514.722 517.649 506.941 511.610 513.904 527.245 520.390
155 415.000 424.908 417.259 432.794 436.958 430.698 417.641 416.952 429.129 429.808 423.842
156 580.000 527.907 519.236 518.453 531.158 521.855 520.969 524.697 528.362 512.233 518.867
157 412.000 411.637 410.374 411.283 408.472 410.372 407.806 412.065 408.607 408.183 409.220
158 446.000 463.977 474.896 474.143 474.791 450.437 468.755 468.079 464.454 475.523 475.049
159 330.000 336.186 339.716 337.573 336.996 341.535 341.146 340.030 337.930 340.972 338.378
160 325.000 333.442 334.987 328.445 336.498 344.106 339.469 328.883 331.918 342.595 347.842
161 316.000 323.371 324.171 318.016 325.326 322.671 324.019 319.626 323.031 319.894 323.967
162 408.000 405.823 405.643 408.710 405.641 408.889 406.325 406.583 407.294 407.924 409.179
163 428.000 426.542 424.197 420.183 427.265 426.155 420.698 428.727 425.473 429.666 426.297
164 396.000 486.382 497.458 491.896 486.801 486.886 492.272 494.047 497.607 492.446 495.994
165 385.000 351.552 355.882 359.674 356.578 355.743 353.346 354.304 346.029 349.613 363.846
166 335.000 331.925 332.112 332.192 332.228 332.420 332.912 332.481 331.772 332.226 332.531
167 339.000 333.506 328.936 334.571 333.562 329.918 331.693 330.513 331.572 329.874 327.209
168 419.000 427.789 424.683 427.632 428.097 424.372 428.901 430.198 422.720 428.743 425.275
169 321.000 318.900 319.702 320.052 318.401 319.602 319.219 319.388 318.598 319.290 320.843
170 419.000 414.886 415.011 414.183 414.751 413.471 414.110 416.017 414.271 415.610 415.521
171 423.000 424.147 427.220 421.041 425.950 423.272 425.112 421.721 428.035 425.760 423.802
172 416.000 421.857 425.941 426.457 423.343 424.329 425.030 425.474 427.220 424.763 425.818
173 434.000 418.194 420.822 428.053 428.848 430.877 422.298 430.380 427.505 423.676 427.861
174 329.000 344.763 348.745 347.632 348.711 345.614 345.312 356.711 348.163 351.879 350.968
175 450.000 430.260 436.971 436.693 436.148 438.899 440.644 440.254 429.063 435.083 435.896
176 333.000 329.693 330.296 331.020 327.661 329.661 329.942 328.292 328.083 328.071 331.146
177 420.000 429.177 430.652 424.744 428.725 430.089 428.775 424.305 429.961 429.310 424.665
178 315.000 328.524 329.416 326.758 327.149 327.509 325.650 325.444 324.684 326.052 323.477
179 349.000 356.364 349.980 354.701 353.777 356.026 351.306 360.911 357.124 357.651 364.162
180 431.000 415.483 418.289 419.754 413.013 414.157 417.656 414.281 418.043 414.360 418.346
181 407.000 416.288 412.425 412.643 415.211 416.350 411.413 414.753 417.122 411.500 416.251
182 424.000 415.487 418.132 418.781 416.600 416.017 414.908 415.308 416.320 417.053 415.607
183 425.000 417.802 417.224 420.563 415.110 415.817 420.591 417.091 418.471 418.627 417.372
184 588.000 579.834 574.438 574.239 575.636 575.089 570.054 581.008 577.127 575.631 577.990
185 332.000 331.924 331.935 333.809 332.042 331.514 331.887 330.866 329.881 330.608 330.173
186 379.000 419.174 417.856 417.141 416.806 418.660 416.343 417.593 419.128 417.040 419.973
187 586.000 582.534 587.924 582.723 585.557 587.375 587.710 589.335 586.461 589.981 583.814
188 528.000 536.698 558.915 557.640 560.897 531.384 556.624 563.233 549.763 563.381 553.997
189 425.000 433.808 436.560 427.714 427.836 423.576 436.746 433.363 425.334 426.826 430.809
190 398.000 409.199 406.699 406.528 405.184 406.638 406.267 406.488 408.493 406.497 405.405
191 492.000 504.581 506.620 506.277 511.205 505.585 499.803 503.556 512.801 509.411 504.884
192 395.000 417.968 415.196 412.015 414.478 415.859 416.716 414.895 416.635 417.026 411.497
193 503.000 465.966 465.298 458.928 463.252 466.135 462.815 466.183 467.741 459.440 463.668
194 402.000 412.906 413.270 411.820 411.888 414.543 412.869 413.650 413.549 412.878 413.942
195 316.000 330.817 329.318 330.862 330.389 330.799 331.006 331.528 328.415 331.047 331.009
196 537.000 518.405 513.377 513.708 513.115 519.233 512.376 519.196 509.368 512.780 512.753
197 426.000 426.753 426.179 422.313 422.222 423.833 424.724 424.350 425.468 422.704 422.343
198 414.000 433.162 436.171 433.392 434.312 429.001 437.445 433.695 435.319 436.793 438.780
199 460.000 524.382 569.515 526.930 520.944 526.859 528.360 524.940 524.922 520.478 529.512
200 438.000 445.126 447.885 439.694 440.063 438.620 437.849 430.446 436.015 446.912 440.637
201 418.000 420.862 415.716 417.443 414.946 417.744 415.830 417.294 419.716 416.084 418.214
202 432.000 402.008 404.072 403.508 401.810 402.663 408.672 403.015 401.903 401.232 402.372
203 422.000 429.817 428.571 429.755 424.688 426.867 426.001 423.433 426.521 431.721 427.578
204 450.000 422.702 428.097 425.785 425.985 426.748 424.783 427.034 426.472 426.688 420.018
205 362.000 373.306 378.890 367.453 367.398 377.306 375.037 378.242 366.670 382.206 372.150
206 500.000 432.204 429.954 425.571 435.005 441.029 431.468 427.285 447.854 435.676 431.253
207 361.000 366.322 376.825 377.778 375.488 364.397 370.867 382.145 356.133 379.341 361.440
208 439.000 440.491 442.740 439.474 431.939 433.380 434.742 435.107 438.751 439.105 445.294
209 382.000 468.690 455.285 457.753 465.649 457.867 461.912 460.345 465.582 460.776 464.289
210 446.000 438.855 444.450 446.692 441.377 450.647 443.260 453.475 444.208 445.756 447.155
211 420.000 429.132 429.782 425.117 427.744 428.375 429.745 427.175 427.578 430.323 428.727
212 420.000 420.971 416.672 421.252 419.805 420.998 422.580 422.145 418.384 422.343 421.566
213 488.000 412.054 402.513 391.949 402.871 401.244 405.171 401.312 402.149 398.860 402.946
214 395.000 407.408 405.573 404.940 405.924 404.401 407.245 405.208 405.006 405.528 406.031
215 399.000 410.710 410.345 411.184 410.360 411.073 411.091 412.238 410.933 411.013 411.004
216 356.000 355.506 358.932 356.436 356.306 358.245 355.994 356.937 356.639 356.468 359.542
217 440.000 428.846 431.998 434.777 424.166 429.445 430.180 431.403 430.003 432.633 429.562
218 342.000 349.142 349.334 344.372 351.837 353.699 348.957 351.840 354.394 338.770 349.268
219 535.000 444.543 440.510 441.025 450.714 453.608 452.135 430.225 430.470 448.440 437.701
220 525.000 487.815 476.290 483.477 502.557 481.349 481.079 483.237 489.012 491.853 485.268
221 526.000 491.851 513.126 497.366 501.136 505.839 498.744 503.201 505.169 506.824 495.970
222 318.000 331.948 332.772 330.945 329.687 331.281 331.596 331.147 332.167 330.608 332.298
223 518.000 421.809 417.395 435.762 428.665 417.177 427.461 420.383 433.290 433.513 436.321
224 366.000 357.215 353.451 355.505 357.215 356.869 358.071 355.398 355.889 355.178 353.358
225 349.000 364.375 363.929 371.836 371.074 373.750 365.926 366.744 367.123 370.094 366.015
226 396.000 406.846 406.515 406.169 406.614 407.305 405.620 406.405 406.490 406.522 404.962
227 380.000 368.017 374.703 369.836 371.837 372.878 370.451 373.180 373.610 372.157 371.555
228 375.000 373.182 374.479 371.567 373.667 369.408 373.521 374.425 376.383 375.083 376.775
229 455.000 445.841 451.365 451.144 450.952 448.912 450.298 449.725 452.074 454.268 445.938
230 428.000 442.288 446.896 439.953 437.584 450.325 439.731 448.536 443.321 446.647 443.531
231 334.000 330.800 330.191 330.769 330.492 330.063 330.619 331.225 331.295 330.923 329.483
232 337.000 335.924 333.020 333.956 330.271 331.880 334.731 335.577 332.195 331.300 331.535
233 418.000 427.865 426.346 425.164 427.826 432.191 422.258 428.546 426.861 428.420 426.981
234 310.000 319.238 326.162 326.166 319.358 326.419 318.952 321.018 327.176 320.281 323.357
235 395.000 407.900 405.621 407.196 406.752 407.663 407.710 406.226 408.520 407.197 406.651
236 450.000 433.856 441.412 422.669 432.281 434.529 426.237 441.083 421.521 426.655 426.534
237 368.000 357.494 362.823 362.750 356.897 358.014 361.137 361.429 361.497 358.657 360.534
238 468.000 470.589 472.622 468.773 474.551 467.685 463.261 470.763 469.030 460.745 466.602
239 305.000 321.629 321.526 323.473 325.118 322.521 323.765 321.527 320.820 323.839 324.164
240 303.000 325.007 326.267 326.199 324.504 325.923 323.108 325.146 327.203 322.178 320.090
241 316.000 335.868 337.142 336.510 333.839 340.301 340.407 338.587 340.433 340.539 340.815
242 360.000 362.857 361.362 383.355 369.651 374.682 376.888 358.101 360.866 369.079 371.539
243 466.000 436.217 448.329 445.787 451.875 442.586 430.226 444.864 448.149 448.592 445.433
244 422.000 426.241 430.685 425.845 429.440 427.221 431.974 430.798 429.692 427.983 425.902
245 418.000 417.613 426.167 422.759 416.039 421.655 422.476 416.747 420.453 422.993 421.021
246 409.000 419.744 418.119 415.558 415.944 419.870 415.420 415.754 416.047 415.938 414.772
247 326.000 346.629 343.621 343.485 344.275 337.296 342.090 338.548 343.707 336.494 335.071
248 328.000 374.702 370.719 368.681 370.047 384.030 376.843 370.807 377.893 385.362 362.361
249 369.000 384.380 381.722 379.609 382.201 381.842 386.471 384.799 384.921 376.400 387.543
250 346.000 330.131 329.351 329.137 329.176 327.715 329.288 327.077 331.913 331.302 327.807
251 407.000 419.474 418.868 417.675 420.546 419.085 418.439 418.820 415.949 418.835 419.407
252 414.000 375.171 383.035 387.366 386.705 390.750 388.902 381.118 386.844 389.309 384.001
253 501.000 478.124 478.672 480.107 482.617 482.078 478.219 479.638 483.254 476.428 480.016
254 421.000 414.910 415.688 416.078 416.174 416.264 414.932 414.670 416.458 415.648 414.788
255 316.000 336.838 332.853 334.696 341.438 336.619 329.678 343.189 345.948 337.235 345.655
256 328.000 329.769 328.968 331.626 333.281 329.787 331.428 327.542 332.742 328.772 335.183
257 445.000 479.009 471.273 481.879 481.617 476.250 480.826 478.130 489.292 491.309 479.502
258 371.000 413.436 420.309 407.007 422.475 426.183 404.712 413.829 419.201 417.217 414.770
259 484.000 453.617 429.964 438.889 444.705 446.040 441.522 443.854 439.241 445.251 445.257
260 418.000 416.920 416.721 414.003 417.237 416.612 414.915 416.771 416.454 416.278 415.768
261 371.000 369.888 367.205 368.439 367.420 365.596 370.784 366.630 368.663 368.213 370.707
262 331.000 332.000 330.199 330.685 329.880 332.638 330.683 329.150 332.461 330.608 329.252
263 586.000 540.403 543.979 525.963 536.896 542.804 544.227 538.832 542.760 545.200 537.372
264 434.000 429.860 423.274 426.612 430.841 427.984 435.802 430.021 429.483 429.574 425.920
265 412.000 429.901 436.355 434.910 431.690 430.364 435.502 432.495 433.885 430.651 434.094
266 483.000 394.432 376.714 383.100 400.094 390.520 381.554 399.901 379.600 395.300 401.474
267 393.000 405.808 402.809 401.058 404.278 397.614 404.290 401.284 401.826 393.310 409.048
268 386.000 383.820 382.603 384.435 388.786 391.374 384.094 380.963 388.375 385.235 387.259
269 344.000 353.191 361.084 368.332 355.489 365.962 358.068 350.391 377.763 365.916 355.142
270 392.000 370.983 375.011 368.113 365.773 354.850 371.618 360.726 374.250 371.504 375.932
271 460.000 434.622 441.995 438.391 441.396 433.369 431.686 430.623 438.889 435.875 436.181
272 321.000 331.897 331.931 332.876 333.082 331.201 330.677 331.440 332.326 330.421 331.209
273 311.000 364.709 359.989 342.976 354.278 355.502 365.504 353.557 349.182 348.416 357.819
274 391.000 352.618 371.625 365.538 359.455 356.435 359.614 358.082 357.350 355.511 356.356
275 431.000 441.685 432.075 436.186 439.335 438.098 435.653 444.285 443.134 437.204 442.634
276 357.000 355.812 354.954 353.278 354.613 354.231 355.825 354.945 357.076 355.374 356.553
277 414.000 410.661 406.122 419.644 410.867 413.347 414.774 401.634 409.096 410.255 407.548
278 452.000 430.844 437.396 437.312 434.844 436.815 432.907 436.783 437.414 433.609 435.156
279 437.000 410.886 409.853 416.149 416.800 415.863 411.053 415.201 409.649 423.011 417.152
280 315.000 320.450 321.486 320.906 322.211 319.795 320.277 321.007 319.516 320.773 320.974
281 435.000 434.742 458.729 464.592 450.582 448.179 448.353 452.986 437.564 457.929 448.669
282 448.000 428.133 434.121 430.091 435.418 430.456 429.492 433.395 437.348 432.248 430.147
283 416.000 418.325 417.526 415.719 416.091 416.778 416.993 416.617 416.291 416.045 416.651
284 328.000 341.153 341.293 337.478 339.663 339.926 337.853 342.119 339.875 339.326 347.222
285 390.000 406.727 407.639 406.945 404.865 407.192 406.719 406.838 407.018 407.114 406.025
286 310.000 319.992 320.822 325.703 321.823 320.520 319.266 324.818 320.666 321.698 323.621
287 365.000 361.999 359.535 363.505 362.956 358.258 363.388 363.670 366.284 364.245 365.605
288 402.000 417.653 416.039 419.322 415.652 417.005 416.234 415.634 415.516 414.531 415.034
289 372.000 393.309 389.688 391.352 385.473 390.822 389.723 389.086 402.030 384.913 384.453
290 428.000 458.283 451.042 457.693 438.174 450.087 452.884 455.238 457.848 445.395 453.254
291 267.000 434.066 439.557 438.061 440.456 429.874 430.620 451.424 442.245 445.753 436.177
292 330.000 339.848 347.480 347.956 347.989 346.590 346.824 345.151 342.438 340.689 345.324
293 598.000 575.919 583.173 580.316 574.751 575.508 576.945 580.923 579.762 560.550 579.775
294 392.000 415.237 413.254 410.736 414.653 414.440 410.867 412.090 414.910 411.945 413.484
295 430.000 512.006 501.037 520.768 496.953 508.500 508.672 508.426 507.477 502.597 517.938
296 340.000 390.955 386.095 386.989 390.826 382.231 388.477 382.722 396.866 386.169 397.193
297 312.000 342.636 334.282 336.100 342.939 334.774 334.201 337.489 341.240 338.769 334.046
298 327.000 348.136 332.841 345.248 345.635 344.203 349.324 348.004 349.658 347.594 348.799
299 342.000 365.499 355.354 359.973 362.776 361.706 361.861 356.606 355.398 362.394 357.071
300 417.000 413.888 415.770 415.343 416.267 417.258 417.148 415.649 417.738 416.795 416.095
301 318.000 320.611 319.897 320.180 320.112 319.816 319.920 320.697 318.400 319.472 319.220
302 329.000 329.729 341.647 334.779 331.163 330.668 338.007 341.673 333.000 339.349 335.370
303 339.000 342.423 350.201 342.311 338.259 342.400 339.196 347.169 346.980 350.108 352.784
304 334.000 331.263 331.112 329.128 329.403 331.474 330.880 329.280 328.249 331.358 327.013
305 346.000 379.246 377.629 373.952 376.700 373.560 371.328 382.668 369.052 367.913 385.224
306 420.000 425.593 425.100 425.271 425.024 422.939 423.776 421.499 424.946 420.130 422.854
307 371.000 388.339 390.380 376.504 378.496 379.943 387.705 384.553 392.356 385.189 375.747
308 560.000 570.427 574.548 573.206 573.720 572.953 573.683 569.631 574.019 575.734 574.902
309 512.000 453.067 443.739 453.401 455.215 444.408 449.189 458.922 456.262 452.583 450.543
310 410.000 419.009 423.054 423.408 421.696 421.500 419.715 423.928 422.842 422.180 417.856
311 473.000 459.099 463.774 465.426 459.715 458.743 460.873 460.687 464.705 461.501 457.807
312 427.000 416.692 413.075 415.139 415.018 414.999 413.786 414.906 415.947 414.247 415.063
313 326.000 359.277 365.452 366.826 375.312 359.471 377.901 360.844 367.061 358.392 373.111
314 405.000 405.991 406.135 408.583 408.413 405.252 404.724 407.507 408.431 404.291 405.151
315 442.000 483.216 476.438 479.639 490.234 489.885 494.741 481.517 488.009 482.152 479.788
316 330.000 335.941 338.386 336.368 337.004 339.942 340.158 335.993 337.181 337.950 339.912
317 328.000 357.438 353.728 349.100 353.070 343.352 344.256 337.421 339.199 335.407 340.106
318 436.000 428.807 431.111 431.472 424.635 426.027 432.226 430.864 429.292 428.085 428.847
319 410.000 413.666 414.540 414.666 415.356 414.347 413.137 414.682 414.587 415.329 414.446
320 462.000 450.759 447.860 450.029 450.694 462.512 449.409 448.609 453.334 443.678 452.251
321 471.000 446.708 446.741 447.614 445.504 448.580 445.311 450.837 447.053 444.607 445.158
322 427.000 423.217 419.421 421.569 421.311 421.516 423.146 422.848 421.462 423.266 421.458
323 464.000 443.707 442.813 444.503 444.535 444.427 446.498 445.611 441.921 444.010 441.139
324 446.000 435.570 433.122 442.113 446.118 437.816 436.244 432.015 438.390 437.142 436.854
325 583.000 578.961 572.670 573.468 589.154 568.579 580.614 578.244 582.527 558.636 574.492
326 562.000 476.563 483.657 480.079 485.113 489.977 480.758 481.633 487.800 483.469 472.533
327 313.000 335.745 335.222 334.568 321.409 334.510 328.848 324.110 331.032 334.601 325.943
328 422.000 439.520 439.489 434.946 437.193 442.580 426.358 438.090 437.571 437.292 435.863
329 382.000 424.516 424.549 417.092 418.245 416.819 421.508 419.458 423.365 416.501 420.302
330 398.000 404.416 404.602 401.416 404.374 395.342 392.425 406.316 410.653 401.442 398.917
331 371.000 383.414 389.719 382.346 380.461 379.325 376.703 370.785 385.075 376.929 381.844
332 414.000 410.891 413.794 413.593 416.799 413.909 414.649 418.017 414.374 411.982 419.017
333 440.000 437.015 440.339 437.442 433.773 437.803 440.656 441.169 433.823 440.676 432.458
334 599.000 581.500 586.147 554.104 593.101 586.441 583.203 583.632 591.481 585.929 581.729
335 353.000 351.600 354.519 355.712 356.657 354.873 354.547 355.970 357.817 353.281 354.133
336 404.000 438.768 448.820 444.517 450.050 455.910 443.758 441.942 454.244 442.539 451.376
337 406.000 426.656 423.697 422.648 418.187 425.340 420.746 424.203 423.416 424.548 421.507
338 324.000 331.549 330.676 333.379 330.081 330.012 328.947 329.750 329.753 331.109 330.031
339 337.000 331.904 332.746 332.212 331.538 331.276 331.357 332.118 332.078 333.314 333.857
340 395.000 417.351 417.594 414.044 416.250 416.484 415.159 418.276 414.554 414.112 414.131
341 407.000 414.516 414.391 414.002 415.692 413.827 415.073 415.726 415.891 416.111 413.694
342 330.000 369.041 380.575 384.022 374.782 363.830 365.922 370.099 362.538 358.673 381.471
343 417.000 432.925 436.049 436.507 436.980 433.163 450.311 427.924 434.989 434.445 443.071
344 395.000 406.874 409.036 407.964 406.653 407.140 406.781 407.518 406.315 407.166 406.265
345 503.000 391.091 390.687 392.305 394.128 396.397 397.275 396.255 395.335 393.985 394.481
346 448.000 441.935 450.780 447.157 453.187 444.298 443.172 450.669 446.544 441.063 451.091
347 363.000 361.952 354.765 361.375 357.865 359.206 365.413 357.812 362.280 358.168 360.288
348 386.000 363.350 366.601 366.388 369.449 366.468 365.015 363.506 365.207 368.598 370.003
349 330.000 330.078 332.732 332.401 330.011 330.815 332.568 330.718 331.621 331.288 330.687
350 488.000 352.870 343.517 352.463 346.082 366.658 354.489 355.690 351.237 354.694 355.880
351 479.000 468.310 468.331 467.563 466.879 468.902 473.802 475.012 468.594 465.862 469.233
352 338.000 385.797 383.022 385.378 379.150 370.621 375.744 380.282 371.295 378.255 404.892
353 456.000 460.634 465.371 455.166 477.351 463.765 473.058 455.787 460.183 473.783 466.497
354 418.000 429.615 430.512 428.827 424.927 428.608 424.669 431.015 426.378 425.010 427.254
355 322.000 328.888 328.169 328.492 328.345 328.227 326.512 327.829 327.610 327.155 326.612
356 321.000 317.067 316.740 315.131 314.690 315.353 313.737 317.206 315.760 314.519 316.192
357 335.000 365.608 365.393 368.821 365.535 364.578 371.828 373.184 382.509 365.216 351.162
358 394.000 402.473 401.829 402.291 398.355 405.242 401.029 405.506 401.543 403.371 401.824
359 398.000 432.191 392.301 426.143 388.092 423.606 425.359 421.776 426.736 423.859 435.340
360 421.000 407.823 416.068 408.111 413.216 414.733 417.394 408.018 422.395 420.202 417.838
361 364.000 385.237 376.055 372.572 382.714 390.081 377.098 385.108 377.431 381.447 377.367
362 322.000 331.619 330.846 329.925 333.179 333.967 336.030 334.581 336.869 331.934 333.913
363 446.000 474.215 474.844 474.225 479.099 474.301 474.109 484.757 474.052 475.954 473.473
364 340.000 334.087 330.714 332.234 330.496 334.467 329.151 327.760 328.785 329.872 329.876
365 340.000 350.425 384.722 384.248 399.024 370.603 383.061 389.828 379.137 391.068 377.228
366 452.000 416.557 416.094 415.765 426.236 419.556 414.929 413.423 414.172 421.671 429.073
367 367.000 382.611 380.395 384.455 388.190 385.462 381.317 380.631 383.580 382.212 393.640
368 425.000 426.326 429.116 423.981 431.826 426.642 430.778 428.824 427.705 427.643 424.181
369 399.000 358.004 358.654 355.134 358.281 356.298 349.309 358.506 357.454 353.511 358.023
370 420.000 416.409 416.107 416.049 415.664 415.387 418.052 417.146 415.441 418.084 416.975
371 526.000 516.962 520.386 519.844 518.569 517.303 527.800 521.782 517.768 515.370 527.224
372 343.000 363.820 348.382 351.822 356.490 362.751 361.983 355.679 357.255 353.516 360.529
373 420.000 422.471 421.673 424.857 425.608 415.731 421.760 420.284 421.050 420.055 427.983
374 403.000 387.818 393.275 394.909 395.361 399.182 395.280 392.873 390.166 397.997 398.497
375 495.000 463.836 464.800 481.657 459.325 462.688 463.905 466.806 464.031 468.315 465.603
376 564.000 440.586 446.949 446.673 444.424 440.376 450.131 452.281 439.052 440.993 442.457
377 420.000 515.674 509.525 499.310 506.485 514.807 512.777 517.117 517.271 503.115 513.570
378 414.000 416.209 413.047 411.961 411.711 414.286 412.760 413.308 412.364 413.131 412.938
379 328.000 328.092 329.653 328.210 328.596 331.579 328.242 326.167 328.802 327.174 327.803
380 546.000 467.577 467.933 461.029 464.180 455.250 461.297 469.973 445.057 459.694 456.337
381 323.000 321.100 320.847 320.669 319.794 322.372 321.339 319.644 321.782 322.687 320.784
382 413.000 413.264 411.963 410.789 412.114 411.897 412.635 413.138 412.458 412.021 413.630
383 360.000 403.750 402.221 402.484 402.738 393.680 401.439 396.132 416.405 400.344 394.739
384 411.000 414.071 413.904 415.032 412.004 414.340 414.118 412.630 414.187 414.118 414.138
385 346.000 330.373 333.700 330.076 328.761 329.049 331.995 329.543 329.582 329.594 328.020
386 449.000 444.397 446.364 446.043 441.644 447.492 443.355 446.124 444.464 444.849 440.854
387 389.000 366.486 372.168 374.774 372.316 375.288 375.075 371.289 379.087 367.134 376.995
388 340.000 380.873 366.597 379.178 382.384 391.736 381.735 385.965 382.176 375.540 375.888
389 343.000 330.111 332.974 329.528 331.114 330.816 331.394 330.702 329.710 331.732 328.993
390 404.000 411.373 410.890 411.248 411.457 411.972 412.577 412.404 412.379 411.700 412.281
391 451.000 454.411 458.390 456.124 459.638 454.896 454.383 456.303 458.183 452.801 456.348
392 359.000 351.913 352.797 352.793 353.851 354.599 353.419 353.282 352.947 351.824 356.353
393 410.000 423.644 424.164 421.176 426.008 425.679 421.249 420.083 423.488 422.317 422.464
394 340.000 341.248 340.756 336.520 333.007 338.151 338.773 338.808 342.338 335.934 339.674
395 504.000 445.935 450.720 453.600 447.673 452.752 445.156 457.319 443.816 443.552 452.060
396 546.000 524.762 525.385 514.860 472.394 510.462 520.916 456.824 519.384 511.975 502.558
397 392.000 403.411 397.507 408.153 401.223 409.417 409.402 406.244 401.775 399.448 404.923
398 413.000 413.436 412.662 412.006 412.206 412.939 414.730 413.196 409.404 413.998 410.632
399 325.000 386.435 395.618 378.590 382.274 377.496 388.871 387.045 377.890 380.660 390.021
400 297.000 322.000 321.068 320.559 321.373 320.103 320.430 322.341 322.558 321.713 319.430
401 397.000 416.738 413.257 412.048 412.159 413.554 412.594 412.387 412.053 411.656 414.133
402 428.000 430.416 428.326 432.559 428.473 430.913 427.567 428.163 428.329 431.220 433.715
403 440.000 442.160 439.835 436.652 442.433 447.663 447.573 427.160 438.241 437.466 443.672
404 604.000 594.699 591.010 593.525 598.486 595.895 596.175 594.195 596.541 589.829 595.188
405 442.000 448.587 449.295 449.815 449.269 446.202 445.452 445.891 449.869 447.071 452.682
406 462.000 471.456 472.283 467.314 479.911 476.941 468.027 467.974 469.194 466.938 467.952
407 491.000 421.448 429.042 419.530 435.132 432.435 430.556 433.812 439.515 426.411 436.784
408 495.000 481.740 473.130 472.085 475.820 469.442 469.692 473.223 472.877 477.500 476.147
409 394.000 375.312 371.424 370.537 359.179 375.866 359.277 366.464 354.854 365.291 366.562
410 320.000 334.651 334.929 332.718 333.768 333.388 330.998 334.105 336.241 339.088 334.567
411 445.000 445.371 440.011 439.900 445.641 449.931 443.702 454.875 442.649 446.437 445.066
412 350.000 355.370 354.635 355.631 352.723 356.813 352.845 355.434 351.491 354.611 354.688
413 332.000 331.768 330.941 331.702 331.351 331.490 332.491 329.607 332.342 330.013 331.255
414 411.000 416.067 420.888 423.649 420.277 416.258 419.511 419.820 417.733 417.670 417.148
415 341.000 403.280 411.097 416.217 418.579 417.757 416.697 353.514 400.868 408.800 409.592
416 452.000 448.821 450.298 453.623 452.696 449.613 450.108 450.086 451.414 452.885 456.976
417 398.000 405.038 407.570 411.820 404.369 407.310 408.054 407.204 408.548 409.778 403.583
418 357.000 356.074 356.664 358.869 354.834 358.516 358.161 357.714 359.392 357.998 358.341
419 410.000 417.601 416.514 415.364 416.592 414.898 416.324 416.532 416.647 416.432 415.685
420 411.000 393.550 382.931 377.105 386.732 382.410 383.497 393.869 386.242 385.308 380.757
421 316.000 322.496 319.819 325.860 319.498 320.709 320.798 320.992 319.096 324.399 321.863
422 454.000 422.394 420.621 424.974 423.366 425.787 419.832 424.364 423.365 422.218 421.798
423 492.000 501.712 503.211 499.552 502.256 497.920 501.482 502.470 503.541 505.567 502.758
424 405.000 416.918 415.858 414.407 415.887 415.098 416.469 415.208 415.250 415.879 415.035
425 357.000 364.155 367.818 363.032 366.301 367.894 358.442 363.488 369.234 366.071 363.547
426 424.000 416.222 410.740 415.013 414.585 411.782 411.758 416.090 413.890 414.633 412.817
427 335.000 359.575 359.217 364.711 363.059 356.582 363.587 360.790 362.127 359.170 363.304
428 438.000 441.004 442.968 443.260 445.805 446.814 449.700 446.016 443.541 452.587 443.537
429 525.000 410.644 451.938 465.103 462.761 463.367 474.731 395.303 447.050 453.578 465.787
430 331.000 424.101 437.499 418.014 425.282 426.934 400.918 407.778 424.063 427.127 417.266
431 431.000 394.192 400.228 400.956 398.472 394.380 394.507 397.872 397.362 394.468 389.603
432 591.000 581.896 587.405 585.160 573.279 585.148 585.056 584.349 583.056 586.050 583.920
433 414.000 417.402 417.066 413.773 416.459 413.729 415.159 415.388 416.485 414.661 415.359
434 388.000 369.789 369.987 372.908 369.354 368.566 369.644 366.217 367.428 365.562 366.411
435 585.000 572.345 567.473 562.068 569.575 570.206 564.300 571.722 568.409 574.344 568.809
436 398.000 405.064 405.972 406.301 405.927 405.561 405.354 406.313 405.655 407.320 405.976
437 441.000 367.256 364.404 361.375 356.596 364.211 366.133 360.763 353.675 380.419 372.979
438 309.000 321.203 321.036 320.191 320.713 321.059 320.673 320.582 320.393 319.178 319.775
439 518.000 504.587 502.956 513.552 502.864 504.874 513.844 513.831 513.174 507.828 499.566
440 416.000 420.716 416.816 417.327 417.005 417.421 416.309 417.708 419.341 416.149 417.045
441 412.000 412.635 415.837 411.565 413.496 414.601 416.316 415.183 412.874 412.923 412.354
442 385.000 418.361 403.781 402.941 393.834 416.041 412.864 403.493 405.189 414.636 399.375
443 325.000 328.063 325.762 325.788 326.832 328.406 326.905 325.837 325.524 327.155 327.080
444 325.000 333.469 335.502 330.769 341.235 336.263 337.538 335.291 332.576 346.070 336.720
445 328.000 333.004 330.597 329.622 335.855 335.665 336.120 329.909 331.511 332.513 338.661
446 397.000 411.762 410.857 410.579 410.881 410.788 411.915 412.056 411.988 410.551 411.244
447 407.000 416.035 414.531 414.807 414.763 414.294 414.100 415.481 414.846 414.496 413.666
448 491.000 454.044 450.445 452.207 455.233 437.870 452.264 454.543 448.443 454.647 438.875
449 328.000 331.779 329.832 330.993 334.958 329.306 328.128 327.802 332.930 328.286 327.485
450 430.000 440.510 429.689 426.888 429.779 435.457 435.732 424.141 424.148 435.275 431.500
451 413.000 392.097 390.934 388.721 402.579 396.380 402.039 401.637 403.074 393.799 404.570
452 364.000 369.021 367.021 363.651 374.270 369.120 372.379 363.197 375.872 367.950 362.500
453 404.000 404.439 407.702 407.273 405.884 404.962 403.645 408.428 404.669 405.676 406.348
454 431.000 440.574 440.132 442.843 438.556 440.317 440.807 442.974 436.239 440.985 440.038
455 461.000 449.385 456.419 457.364 457.270 455.180 454.987 452.893 450.081 450.727 451.825
456 346.000 362.179 356.414 364.689 352.065 350.302 358.592 355.674 349.962 350.763 344.404
457 461.000 444.056 444.285 442.263 445.337 443.875 444.651 445.237 444.393 442.566 446.348
458 446.000 450.006 447.369 449.332 445.160 446.894 445.395 447.622 446.682 445.179 452.593
459 334.000 330.578 332.726 333.406 332.830 332.929 332.550 331.876 331.943 332.944 332.149
460 368.000 359.196 355.491 354.277 359.585 356.670 361.663 352.730 357.234 354.273 348.183
461 421.000 377.271 387.487 396.606 379.598 382.604 386.595 400.957 377.843 381.328 371.974
462 536.000 538.914 532.898 524.951 529.420 526.685 532.254 533.484 550.043 543.315 536.528
463 399.000 423.575 418.933 420.154 421.466 421.378 417.281 421.127 420.315 420.637 420.614
464 584.000 578.956 582.761 582.296 580.196 577.552 588.003 581.980 582.524 578.244 580.389
465 592.000 582.158 582.993 585.664 588.546 587.818 584.099 582.634 587.768 585.761 587.944
466 450.000 444.205 445.043 440.297 442.196 445.024 446.419 442.141 443.248 443.755 445.260
467 359.000 362.127 360.222 364.153 364.099 363.984 365.946 363.245 363.594 363.425 365.764
468 325.000 320.403 321.805 321.676 323.231 322.700 321.647 322.585 320.143 323.189 321.998
469 315.000 330.896 322.458 328.650 323.765 324.166 327.751 328.964 325.979 330.065 335.958
470 411.000 407.652 403.613 381.815 397.527 391.613 384.616 400.210 397.870 402.983 404.496
471 548.000 538.355 541.589 545.257 536.411 539.566 541.327 551.523 542.761 549.705 539.974
472 450.000 440.502 448.247 437.821 443.127 445.970 432.821 437.417 446.724 436.959 438.403
473 310.000 350.410 363.680 369.855 362.835 360.527 363.893 355.773 357.048 360.134 352.737
474 362.000 350.207 348.473 347.755 345.408 349.948 346.123 343.492 345.287 347.877 340.870
475 322.000 329.447 330.278 331.823 342.457 330.294 329.862 333.614 331.407 333.270 334.831
476 396.000 411.517 410.223 410.503 409.566 412.371 410.134 410.834 410.464 411.023 410.568
477 408.000 416.516 416.946 417.558 417.041 415.648 417.676 416.970 418.250 414.525 417.925
478 540.000 481.110 489.832 490.527 508.864 487.442 493.191 500.202 499.226 501.114 491.646
479 399.000 409.135 409.240 413.663 410.910 401.271 417.930 413.057 413.689 414.583 415.707
480 448.000 450.466 454.676 453.698 455.888 458.241 451.328 453.840 451.962 454.465 453.050
481 460.000 414.913 414.226 416.378 415.785 414.514 414.931 414.892 416.811 416.921 417.161
482 331.000 333.447 332.622 332.322 330.424 332.912 333.306 333.842 327.730 330.670 331.118
483 448.000 430.276 438.157 431.167 438.467 439.213 436.689 436.102 442.113 434.419 433.713
484 444.000 434.009 438.145 439.034 434.085 452.642 435.741 441.606 429.891 445.059 440.060
485 336.000 330.988 331.626 330.876 330.325 332.881 331.778 330.397 330.603 329.739 333.974
486 502.000 396.042 381.571 392.664 390.649 400.708 391.260 389.811 404.270 389.835 390.806
487 409.000 421.094 418.597 420.059 415.785 417.827 421.832 419.100 421.091 419.015 417.161
488 405.000 412.364 410.308 411.158 412.686 413.148 412.882 412.216 414.278 411.548 413.473
489 555.000 576.095 578.752 580.349 577.321 575.160 578.801 581.076 578.183 580.221 581.876
490 427.000 421.410 419.250 421.457 421.991 422.126 420.020 421.053 425.510 423.266 424.282
491 452.000 439.706 443.698 442.118 437.313 442.832 435.793 437.991 441.405 443.678 442.247
492 329.000 334.515 329.843 333.318 332.746 334.062 331.510 331.562 331.760 333.488 337.305
493 491.000 430.840 433.349 446.348 453.697 428.956 445.451 445.415 437.179 455.265 445.108
494 440.000 434.891 439.322 437.011 431.713 446.897 440.107 428.516 439.412 441.259 440.272
495 363.000 349.491 359.835 353.649 346.718 350.407 349.312 348.003 342.877 349.642 346.266
496 432.000 434.542 436.022 428.963 428.168 428.573 428.788 427.910 426.840 431.179 430.012
497 514.000 485.970 489.389 509.041 497.022 482.235 488.100 493.180 488.377 491.165 473.725
498 536.000 554.403 557.450 559.227 561.533 560.337 556.462 556.359 560.139 538.960 551.174
499 462.000 440.300 436.270 438.215 436.518 435.742 436.583 438.311 438.005 438.245 439.454
500 510.000 512.380 494.707 511.646 506.137 513.969 518.045 483.519 513.765 499.619 511.719
501 357.000 399.179 394.536 391.912 388.707 390.584 396.831 397.478 399.214 392.568 393.651
502 418.000 420.423 420.086 418.879 421.807 420.422 419.462 421.481 417.161 419.352 420.118
503 406.000 423.140 427.280 421.760 423.260 422.001 422.576 422.632 421.382 420.300 424.729
504 464.000 453.426 463.040 455.778 454.159 451.649 452.561 453.871 452.286 453.614 449.939
505 400.000 406.728 408.063 406.393 405.164 406.881 407.301 405.999 406.004 407.263 406.244
506 400.000 416.889 415.637 416.842 414.693 417.722 415.182 416.140 415.929 415.854 416.064
507 333.000 333.066 332.393 332.756 330.576 328.947 330.319 331.571 328.377 330.298 332.695
508 452.000 460.255 456.139 454.098 458.403 455.286 461.657 461.041 455.538 462.382 452.022
509 586.000 571.622 558.406 534.000 561.374 559.630 557.316 564.741 558.208 558.389 562.267
510 461.000 434.943 430.945 434.875 436.317 433.952 433.277 435.519 440.697 434.433 432.774
511 606.000 581.567 574.734 556.182 573.358 580.774 578.165 587.570 581.958 576.151 582.877
512 338.000 382.974 379.104 371.492 377.845 383.019 374.243 373.464 380.433 383.868 405.332
513 368.000 394.104 390.154 392.144 389.825 398.085 392.944 382.391 390.930 392.967 390.897
514 442.000 423.998 422.670 418.317 424.284 422.153 428.392 427.779 419.173 426.853 422.775
515 417.000 413.951 414.233 415.404 412.993 413.205 411.483 415.634 414.007 413.589 412.864
516 328.000 319.104 321.251 317.472 320.423 319.147 320.293 320.590 322.359 319.235 318.777
517 477.000 428.330 412.145 415.986 422.867 418.731 417.392 426.573 421.793 425.905 412.497
518 350.000 341.549 345.913 343.617 349.363 342.233 346.144 365.869 335.804 351.029 346.490
519 421.000 418.802 419.469 417.823 414.545 419.420 416.291 415.418 419.487 417.963 416.700
520 592.000 543.588 536.993 544.154 510.794 537.726 540.791 534.400 507.723 529.449 539.966
521 422.000 437.889 436.227 437.302 440.642 439.153 440.842 443.258 441.275 448.073 438.031
522 473.000 470.786 470.610 473.622 471.143 464.583 474.553 474.369 462.529 478.915 472.088
523 567.000 564.982 560.217 570.392 565.879 561.705 568.602 568.189 565.051 569.281 566.482
524 425.000 415.418 417.253 418.164 420.346 416.207 414.047 422.097 411.451 426.799 418.067
525 429.000 441.713 436.076 435.047 444.372 438.872 446.713 437.594 441.178 437.804 437.659
526 351.000 351.677 351.306 350.829 351.398 353.073 355.032 351.610 353.947 353.313 353.983
527 416.000 414.539 413.209 414.368 414.475 414.183 413.265 413.029 413.961 415.232 414.783
528 354.000 353.739 354.371 354.263 353.589 351.742 356.797 351.931 354.646 354.234 358.275
529 524.000 506.233 512.900 516.429 506.992 525.908 513.120 512.746 511.789 511.339 513.224
530 334.000 368.950 376.805 362.971 358.891 360.760 362.690 365.557 367.243 366.257 369.262
531 462.000 432.196 437.727 433.445 439.622 435.680 438.658 432.947 433.864 436.445 437.799
532 477.000 438.426 445.829 433.495 443.477 443.012 440.044 447.167 434.785 436.281 433.134
533 528.000 488.946 501.487 501.922 491.952 493.153 496.954 500.233 491.717 493.591 505.444
534 335.000 331.600 333.810 340.738 333.734 335.179 333.537 331.765 333.425 336.847 331.939
535 323.000 355.030 349.131 345.705 357.589 336.898 342.649 356.757 342.524 351.009 350.159
536 412.000 414.620 414.567 413.629 414.904 414.940 415.138 414.892 413.961 414.688 415.434
537 551.000 537.864 536.996 536.380 506.496 534.528 532.432 525.672 532.203 544.176 543.028
538 406.000 412.113 410.119 412.893 412.046 412.336 411.389 412.183 412.263 411.508 412.685
539 502.000 519.552 515.536 509.541 520.662 519.988 520.594 512.922 523.703 515.783 516.811
540 415.000 413.903 413.172 414.419 410.348 415.970 413.804 415.986 411.903 412.865 413.582
541 336.000 333.160 333.168 336.174 333.247 333.061 332.422 333.063 332.350 333.895 334.182
542 312.000 320.703 324.562 322.174 323.354 322.798 320.544 321.883 322.407 319.835 325.628
543 330.000 331.636 332.853 332.749 332.457 332.258 333.342 331.709 331.750 332.107 331.772
544 508.000 402.021 458.942 442.228 461.137 472.922 464.405 383.791 462.388 458.940 452.717
545 588.000 580.986 573.660 577.041 576.784 577.172 574.229 576.081 570.851 574.583 566.713
546 410.000 425.888 426.928 423.215 423.662 422.642 425.196 426.187 427.058 424.291 426.404
547 540.000 528.876 520.131 526.348 522.174 514.444 521.949 522.041 516.708 519.966 524.089
548 362.000 372.450 370.230 376.961 369.530 375.712 369.715 373.172 378.800 377.843 377.981
549 404.000 405.814 407.010 404.883 406.352 406.320 407.168 406.664 405.460 405.873 406.115
550 370.000 354.890 361.074 360.059 356.849 357.631 358.498 359.899 358.707 358.170 364.405
551 482.000 383.013 399.522 382.884 392.220 407.503 409.967 367.475 391.789 396.692 398.708
552 398.000 406.190 406.614 406.447 407.272 404.867 403.931 406.477 405.754 406.247 405.684
553 466.000 451.187 443.447 444.576 447.058 462.719 435.737 455.935 449.360 457.647 455.780
554 405.000 412.721 413.117 412.130 413.421 412.404 412.153 413.237 412.960 412.430 412.407
555 576.000 545.046 544.137 553.537 545.864 546.641 548.104 547.847 539.131 548.344 551.329
556 457.000 413.414 413.967 415.345 412.994 414.898 415.107 415.556 415.286 414.525 415.288
557 478.000 454.931 459.958 458.870 456.777 455.535 460.968 463.822 456.867 459.455 458.409
558 431.000 442.272 439.360 440.389 439.164 433.072 441.191 437.632 443.709 441.716 437.472
559 411.000 378.103 372.145 375.857 376.231 375.386 371.785 385.469 369.535 373.751 382.157
560 409.000 411.709 409.689 409.677 410.766 413.582 411.986 410.703 410.073 411.856 406.835
561 375.000 378.519 382.036 385.556 383.630 381.498 386.570 378.802 378.109 385.117 379.015
562 400.000 403.065 393.889 404.248 411.760 374.382 394.073 399.197 404.026 408.352 394.624
563 331.000 329.354 330.175 329.453 329.499 329.001 329.224 327.431 328.995 329.669 331.208
564 412.000 414.711 415.622 416.098 414.793 418.356 416.885 415.793 416.582 419.878 415.707
565 485.000 482.474 489.992 482.793 481.844 474.528 481.748 487.773 478.539 492.401 486.818
566 407.000 417.319 418.340 414.461 416.007 415.448 417.115 416.391 417.645 417.481 418.098
567 405.000 407.879 411.515 409.044 410.387 412.060 412.592 411.745 411.305 414.464 406.776
568 406.000 406.975 408.753 404.945 405.681 409.158 406.830 408.166 404.871 405.409 406.580
569 342.000 345.417 342.913 342.085 343.283 340.938 344.238 341.951 342.879 344.014 344.859
570 321.000 331.505 332.449 329.864 332.192 328.488 328.321 330.733 330.580 328.781 332.825
571 361.000 367.513 367.180 368.280 373.507 365.572 368.534 363.783 375.211 365.836 373.711
572 387.000 371.602 372.640 374.973 369.628 371.844 373.523 369.475 371.955 374.869 370.822
573 323.000 320.694 319.848 321.141 318.507 319.399 321.089 320.486 318.763 318.855 319.124
574 390.000 394.849 415.256 404.658 405.352 412.073 417.110 409.893 420.490 416.305 403.825
575 440.000 442.902 444.006 443.955 452.496 433.051 443.858 452.141 442.705 439.652 447.733
576 332.000 363.755 366.233 380.275 365.221 373.148 371.189 364.773 361.645 365.332 364.106
577 456.000 462.343 453.169 452.922 459.424 457.957 458.167 457.955 459.957 448.675 457.261
578 488.000 448.083 448.894 449.438 451.284 451.845 455.258 451.067 446.631 439.767 435.820
579 332.000 411.326 372.294 374.933 376.499 397.311 389.718 393.458 399.620 388.708 415.746
580 316.000 327.659 328.103 332.634 329.478 329.732 327.545 329.660 327.983 329.287 329.147
581 459.000 433.690 436.232 434.434 440.739 427.397 431.167 441.014 437.387 433.113 427.073
582 335.000 329.960 331.532 332.416 330.179 331.357 329.065 331.068 330.794 330.181 333.626
583 332.000 338.762 344.662 350.942 342.728 346.783 348.770 344.856 342.958 349.245 344.292
584 459.000 477.025 475.019 467.804 467.520 468.165 470.679 486.384 471.476 465.259 463.489
585 396.000 411.240 412.724 410.380 409.787 412.215 411.019 412.495 411.255 410.784 411.135
586 489.000 471.260 475.464 478.079 477.012 473.511 476.600 476.952 474.868 475.009 467.300
587 417.000 409.512 404.351 402.976 405.989 397.828 405.269 403.767 402.947 402.014 395.380
588 404.000 406.582 406.527 404.945 406.073 406.245 405.425 406.728 405.992 406.001 406.293
589 400.000 422.529 421.419 422.148 422.440 426.551 424.115 425.867 421.398 423.361 422.263
590 357.000 354.867 355.657 354.475 354.569 353.552 354.210 353.494 356.042 355.627 355.567
591 437.000 462.979 462.376 457.526 468.636 466.219 451.783 468.702 459.177 469.948 460.896
592 542.000 548.569 545.550 537.888 498.871 549.008 541.956 548.719 505.830 544.535 547.415
593 419.000 416.583 418.427 416.412 416.144 418.121 417.993 416.744 418.802 417.886 416.529
594 350.000 379.218 387.383 389.125 383.416 392.101 389.997 386.193 390.762 387.182 386.573
595 424.000 426.817 430.744 428.077 429.033 430.363 427.105 427.107 427.508 429.456 428.828
596 443.000 446.945 447.842 447.936 452.309 437.409 443.323 445.041 449.540 441.238 444.967
597 439.000 424.145 427.204 425.487 427.068 427.580 429.005 428.808 425.805 430.063 428.186
598 324.000 317.171 318.600 318.221 321.025 318.523 321.445 320.747 316.801 317.773 317.944
599 311.000 334.159 344.231 343.893 340.912 357.297 344.948 351.450 343.568 351.394 354.095
600 331.000 335.748 333.673 332.495 333.056 335.653 336.343 332.859 332.327 334.936 334.598
601 428.000 423.442 425.015 421.107 427.134 428.425 425.160 431.461 425.468 428.015 423.535
602 400.000 420.425 420.273 422.750 418.933 419.200 419.013 414.892 420.137 418.817 416.921
603 309.000 322.387 322.595 320.258 324.671 322.304 324.980 320.917 322.569 323.938 323.242
604 375.000 367.566 366.072 368.229 369.132 364.629 368.840 372.374 368.414 370.101 374.094
605 450.000 423.003 417.997 420.555 419.795 424.550 418.626 421.044 420.227 419.144 420.383
606 388.000 389.203 386.084 388.540 392.159 393.210 393.592 390.930 390.102 392.221 391.520
607 323.000 380.164 376.106 357.651 357.388 357.304 375.934 357.171 350.180 370.157 374.022
608 448.000 432.637 428.464 437.606 436.972 431.440 433.204 437.466 429.713 434.392 435.463
609 372.000 371.973 363.833 374.821 372.111 372.109 369.078 371.722 367.390 383.594 365.169
610 328.000 331.171 332.656 330.190 331.182 328.785 327.981 330.377 329.711 326.999 329.449
611 460.000 452.821 447.062 446.233 460.929 448.436 451.865 448.940 452.859 446.355 453.387
612 504.000 494.227 483.535 501.280 490.852 484.473 492.190 498.650 482.709 497.103 480.099
613 433.000 438.955 433.224 434.858 434.740 438.971 434.730 431.736 432.463 437.542 437.297
614 564.000 570.452 572.967 576.210 570.307 575.304 573.517 575.068 573.323 574.487 575.330
615 439.000 385.524 390.103 382.414 390.670 385.400 386.109 386.677 395.141 386.740 385.043
616 440.000 440.652 444.528 445.489 444.016 442.459 439.853 431.900 441.611 442.441 444.567
617 484.000 481.302 481.647 489.131 484.518 483.133 485.866 485.295 484.446 485.584 483.171
618 396.000 412.084 405.920 408.582 413.756 411.176 409.301 414.320 409.976 413.136 407.895
619 435.000 413.564 416.171 413.782 415.501 414.442 415.789 414.069 414.962 412.912 414.817
620 397.000 397.190 411.003 404.170 405.687 421.014 403.845 398.051 392.673 404.330 407.199
621 420.000 416.079 414.552 414.368 414.904 413.255 413.921 413.029 414.383 413.929 413.470
622 408.000 433.659 419.616 415.779 425.736 422.347 425.349 398.915 433.041 420.819 422.981
623 437.000 418.802 431.429 431.652 432.644 430.363 430.822 431.382 432.559 431.416 433.882
624 406.000 403.742 404.237 403.837 404.817 419.834 413.338 407.852 397.086 404.720 402.436
625 393.000 373.260 382.472 387.538 385.964 390.373 388.351 384.593 384.841 384.102 381.331
626 452.000 450.056 458.782 452.722 449.980 455.073 459.720 461.727 456.265 451.097 445.390
627 466.000 444.255 434.387 442.625 438.796 447.772 432.763 442.360 449.599 447.929 443.951
628 410.000 410.215 412.536 411.816 403.737 404.822 409.880 407.336 403.170 403.990 408.768
629 447.000 433.894 434.737 437.587 435.829 439.211 438.133 436.597 432.937 436.596 436.591
630 487.000 451.790 462.085 443.592 446.519 443.520 456.686 448.056 443.883 447.890 448.075
631 420.000 434.956 430.543 439.436 425.214 434.499 437.203 429.934 433.579 429.333 432.444
632 565.000 554.974 556.494 557.513 556.439 556.424 552.407 554.951 559.663 555.989 554.805
633 309.000 320.618 322.702 322.387 319.600 322.641 322.892 322.027 323.423 320.082 323.696
634 437.000 435.652 436.165 436.556 435.055 437.072 431.941 439.205 433.999 436.883 439.752
635 481.000 475.565 479.848 476.385 479.895 477.000 477.697 473.903 476.674 478.301 471.941
636 390.000 404.280 400.349 401.925 402.128 401.226 407.167 403.870 403.831 402.933 402.643
637 329.000 330.866 329.335 333.379 330.873 329.593 331.012 329.750 329.753 328.800 330.031
638 349.000 352.866 353.676 353.362 352.218 351.100 352.496 354.387 355.677 353.584 356.558
639 336.000 329.925 327.338 329.039 327.977 328.096 329.427 331.637 327.952 327.897 327.846
640 550.000 487.968 490.766 498.284 501.283 493.453 487.400 484.650 491.215 488.062 489.254
641 315.000 320.694 320.777 321.063 325.052 322.064 320.522 322.112 319.790 323.312 321.043
642 420.000 417.163 420.418 415.760 419.934 420.663 421.481 421.304 419.122 419.818 419.446
643 466.000 446.032 444.776 443.950 451.806 450.507 430.226 447.276 445.299 443.277 449.390
644 315.000 339.956 341.750 349.590 337.525 336.967 346.333 344.031 340.189 342.639 343.089
645 345.000 363.878 366.014 361.278 369.007 362.347 368.496 357.008 360.581 360.254 366.462
646 451.000 439.295 431.867 435.813 429.491 433.902 432.618 441.711 431.226 436.148 443.268
647 337.000 387.640 398.914 385.181 386.602 386.521 378.137 381.106 381.392 384.281 375.312
648 439.000 417.599 418.243 418.278 418.274 420.265 415.904 418.675 416.550 418.205 417.012
649 330.000 325.163 321.849 321.415 321.173 322.445 321.134 322.379 323.497 319.929 322.303
650 538.000 540.511 547.046 544.528 536.398 538.420 528.915 546.744 530.451 540.810 540.203
651 326.000 395.484 379.786 394.673 369.330 379.209 375.791 391.269 371.645 376.095 401.053
652 392.000 404.401 413.728 408.196 409.935 399.751 396.613 392.990 401.311 411.244 401.535
653 366.000 411.314 407.855 407.903 416.328 413.972 414.194 419.648 406.855 410.625 417.674
654 318.000 351.278 334.412 339.629 338.163 339.411 344.594 332.646 342.281 346.123 339.759
655 561.000 462.101 476.480 472.891 479.162 470.979 472.825 487.933 470.925 469.301 482.815
656 436.000 445.417 449.592 432.285 443.019 443.719 439.593 450.259 443.417 441.501 444.808
657 463.000 451.249 456.350 450.933 449.951 452.053 448.217 447.007 449.577 449.780 454.385
658 348.000 356.489 357.401 354.550 352.745 354.240 357.427 356.325 354.771 355.095 356.127
659 313.000 329.876 328.677 326.660 326.209 324.497 325.079 323.886 324.763 325.896 324.197
660 451.000 452.863 451.474 450.707 459.646 450.507 452.822 449.190 454.675 451.514 453.554
661 384.000 392.661 381.648 383.695 379.744 375.917 384.498 378.494 381.272 384.540 377.456
662 459.000 443.652 444.018 452.199 449.572 448.140 446.029 444.794 450.761 445.240 447.055
663 421.000 340.514 342.233 342.055 342.588 347.540 337.659 341.695 337.174 339.244 341.958
664 481.000 475.773 481.158 477.345 477.730 480.931 470.384 481.482 479.198 476.873 478.476
665 320.000 331.505 332.449 330.289 332.192 330.404 329.454 329.508 326.646 331.729 333.169
666 310.000 405.738 414.565 420.537 406.694 410.880 398.573 395.325 394.826 393.930 394.509
667 402.000 412.271 411.062 411.578 412.764 411.774 413.993 413.878 412.113 413.042 412.739
668 530.000 442.154 449.175 445.056 442.639 432.587 444.101 438.235 441.900 439.814 441.156
669 583.000 526.722 531.426 534.175 535.657 539.636 534.455 537.082 528.914 534.852 535.585
670 421.000 418.254 418.496 419.577 415.955 420.020 418.981 418.914 418.094 418.773 417.684
671 415.000 416.052 414.715 413.962 414.492 413.460 415.138 414.087 414.246 413.946 413.788
672 387.000 389.867 389.449 385.944 389.004 388.027 390.658 394.612 388.770 389.063 390.659
673 584.000 564.009 558.913 572.079 570.278 574.750 566.017 563.168 571.705 575.197 572.903
674 307.000 332.896 332.360 334.755 332.894 335.102 333.002 332.797 335.042 333.460 333.456
675 424.000 414.469 415.748 412.551 414.440 416.778 411.225 415.579 413.106 414.567 416.667
676 449.000 449.187 447.257 445.374 447.052 453.769 453.185 454.828 453.100 446.500 449.325
677 610.000 504.583 502.719 495.132 472.520 510.180 499.441 469.426 504.525 506.165 500.497
678 505.000 500.384 507.857 502.013 506.588 502.033 494.080 499.163 512.534 503.951 499.658
679 408.000 407.118 404.581 407.145 404.379 405.495 405.986 405.956 405.761 404.624 405.608
680 377.000 386.659 374.551 361.354 377.916 362.948 380.044 376.571 387.450 383.907 374.151
681 502.000 395.751 382.112 392.658 403.246 393.415 384.873 387.579 389.781 389.893 380.453
682 319.000 343.193 344.604 351.090 350.233 340.711 334.149 342.362 337.138 342.094 342.605
683 394.000 406.437 404.163 403.786 405.868 406.132 401.564 406.443 406.542 404.089 406.361
684 290.000 329.192 329.752 330.088 329.113 332.448 326.988 326.342 326.728 333.931 328.927
685 407.000 416.533 416.514 415.594 414.897 417.337 415.837 415.596 417.863 416.228 417.934
686 444.000 422.484 425.775 419.583 427.185 427.694 426.967 427.117 426.948 426.977 422.117
687 322.000 338.175 331.863 330.008 335.979 334.090 335.419 332.797 332.654 333.134 339.866
688 331.000 334.619 333.822 334.900 329.712 338.622 329.896 328.291 331.215 332.483 334.132
689 402.000 408.676 412.576 413.213 409.208 409.453 411.021 412.221 411.196 411.531 409.907
690 320.000 330.477 331.604 332.134 334.331 331.337 330.518 332.417 333.007 333.419 332.088
691 386.000 368.039 369.325 367.976 372.548 371.085 368.231 375.018 368.915 368.747 370.632
692 364.000 443.587 443.253 443.265 441.173 443.718 441.648 443.152 442.105 440.428 447.032
693 328.000 329.520 332.313 331.866 331.354 331.492 329.670 330.764 330.772 333.081 331.595
694 312.000 333.144 338.303 332.955 325.562 340.569 333.174 336.943 333.150 342.147 332.287
695 378.000 358.508 357.282 365.483 359.647 362.414 362.675 362.521 359.107 362.574 354.252
696 331.000 332.569 339.482 334.668 334.047 331.370 334.619 333.432 335.876 337.162 332.548
697 330.000 366.952 365.909 361.712 359.060 365.674 362.078 362.096 365.590 370.965 363.596
698 451.000 436.600 441.621 433.903 433.429 438.877 425.724 433.799 429.858 432.429 431.253
699 313.000 355.846 361.296 365.869 363.469 368.426 355.175 362.280 351.895 363.453 361.213
700 408.000 414.175 413.748 413.101 415.045 413.344 413.566 414.410 415.302 415.933 412.358
701 440.000 437.061 439.495 436.500 435.523 435.572 437.079 441.498 435.046 437.613 436.115
702 375.000 373.101 370.875 370.027 368.402 367.778 370.795 373.834 372.816 365.562 366.098
703 462.000 452.560 457.149 441.586 447.899 464.116 453.761 456.944 456.748 445.903 455.560
704 450.000 430.592 435.553 438.811 443.776 438.099 435.592 436.254 430.199 438.963 444.807
705 417.000 414.744 418.737 417.254 413.634 413.921 412.693 418.143 419.816 417.019 414.094
706 452.000 419.036 431.475 428.619 431.050 428.734 433.571 430.183 426.823 436.121 453.029
707 526.000 529.538 527.979 530.459 522.972 526.650 533.095 526.750 527.920 524.280 522.546
708 460.000 431.556 443.492 441.098 429.512 434.161 433.995 443.525 435.716 438.218 441.642
709 428.000 429.738 431.150 431.325 437.853 429.667 430.456 426.926 429.719 425.340 420.826
710 310.000 326.914 323.836 324.493 320.782 322.707 326.455 322.887 321.628 327.193 321.044
711 412.000 414.157 415.448 412.974 413.660 418.127 411.642 420.522 412.971 414.029 418.386
712 320.000 346.532 348.789 343.189 349.315 347.195 352.179 344.932 343.280 346.785 349.538
713 468.000 468.366 469.087 465.157 466.773 468.114 471.018 470.308 461.723 472.170 473.827
714 316.000 334.712 334.721 336.814 336.154 350.297 339.370 346.505 332.923 335.958 332.719
715 602.000 591.142 590.292 595.052 591.856 591.495 597.781 591.645 595.434 591.130 595.261
716 328.000 371.229 376.025 375.347 366.908 364.400 366.367 371.085 386.052 369.117 379.780
717 579.000 536.698 534.120 529.846 533.668 531.384 528.574 526.908 539.881 532.033 526.583
718 354.000 357.349 354.956 355.415 354.613 357.191 354.389 356.449 354.798 356.867 358.784
