data_index Htime.observed Htime.predicted.repeat1 Htime.predicted.repeat2 Htime.predicted.repeat3 Htime.predicted.repeat4 Htime.predicted.repeat5 Htime.predicted.repeat6 Htime.predicted.repeat7 Htime.predicted.repeat8 Htime.predicted.repeat9 Htime.predicted.repeat10
1 4.857 4.509 4.480 4.667 4.586 4.546 4.675 4.604 4.253 4.540 4.468
2 2.679 3.401 3.262 3.140 3.266 3.253 3.211 3.321 3.374 3.307 3.699
3 4.721 3.795 3.772 3.685 3.583 3.600 3.846 4.034 3.864 3.865 3.912
4 4.999 6.347 6.216 6.398 6.308 6.082 6.176 6.296 6.223 6.149 6.072
5 2.954 4.955 4.897 4.903 4.912 4.981 4.845 4.882 5.011 4.943 5.036
6 4.732 4.662 4.867 4.500 4.799 4.496 4.781 4.688 4.744 4.715 4.673
7 2.542 2.987 3.197 2.804 2.560 2.813 2.893 2.886 2.694 2.909 2.920
8 4.437 5.793 6.375 5.727 5.321 5.646 6.146 5.515 5.693 5.961 5.986
9 4.511 4.919 5.036 5.079 4.952 5.119 4.941 4.977 5.180 4.497 5.027
10 4.561 4.668 4.623 4.763 4.644 4.752 4.693 4.787 4.745 4.784 4.711
11 4.515 3.544 4.124 3.929 3.979 3.744 3.829 4.163 3.966 3.969 3.954
12 6.033 5.022 5.171 5.204 5.231 5.179 5.195 5.113 5.168 5.211 5.091
13 4.401 4.839 4.894 4.904 4.858 4.818 4.857 4.765 4.747 4.773 4.910
14 4.565 4.858 4.787 4.670 4.579 4.569 4.740 4.784 4.784 4.693 4.669
15 4.500 4.124 3.988 3.818 3.794 4.005 3.742 4.124 3.890 3.511 3.825
16 4.459 4.494 4.550 4.604 4.624 4.289 4.780 4.728 4.705 4.558 4.481
17 4.782 5.119 5.024 5.019 5.180 5.154 5.074 5.015 5.219 5.397 4.709
18 6.644 4.347 4.726 4.303 4.548 4.231 4.718 4.270 4.385 4.480 4.663
19 4.008 3.827 3.508 3.833 3.756 3.592 3.742 3.646 3.749 3.821 3.605
20 5.749 4.742 4.911 4.875 4.830 4.794 4.861 4.885 4.670 4.577 4.845
21 2.954 3.823 3.989 3.940 3.976 3.912 3.893 3.994 3.999 4.180 3.929
22 4.724 4.783 4.752 4.784 4.787 4.790 4.742 4.740 4.758 4.772 4.787
23 4.861 3.928 3.796 4.083 4.066 3.419 3.765 3.797 3.800 3.980 4.163
24 9.159 6.621 7.037 6.476 6.538 6.583 6.540 6.648 6.547 6.498 6.469
25 2.824 3.524 3.799 3.564 3.573 3.689 3.577 3.730 3.559 3.399 3.713
26 2.235 3.008 3.109 3.231 3.173 3.223 3.054 3.486 3.154 3.196 3.167
27 3.787 3.842 3.965 3.751 4.123 3.837 3.945 3.915 3.964 3.713 3.902
28 -0.165 1.174 1.317 1.209 1.088 1.675 1.617 1.255 1.029 1.413 1.271
29 4.365 3.097 3.438 3.196 3.188 3.154 3.033 3.090 3.072 3.113 3.155
30 6.982 5.713 5.929 5.627 5.821 6.057 5.635 5.881 5.912 5.693 6.038
31 5.556 5.115 5.237 5.205 5.287 5.235 5.213 4.941 5.187 5.174 4.660
32 4.605 4.813 4.791 4.805 4.773 4.780 4.749 4.808 4.780 4.775 4.792
33 2.381 3.535 3.658 3.049 3.283 3.372 3.467 3.287 3.157 3.127 3.305
34 5.016 4.121 4.210 3.967 4.069 3.865 4.048 4.124 4.103 4.172 4.359
35 0.255 2.674 3.060 2.919 3.049 3.128 2.964 2.946 2.671 2.645 3.243
36 5.937 6.119 5.753 6.398 6.172 6.236 6.092 6.109 6.082 6.065 6.254
37 1.196 3.448 3.467 3.870 3.654 4.043 3.678 3.744 3.656 3.749 3.527
38 2.475 1.128 0.870 0.738 1.029 1.015 1.699 0.965 0.939 0.953 0.952
39 3.525 3.771 4.073 4.208 4.324 4.110 3.971 3.959 3.900 4.137 4.133
40 6.946 6.711 6.564 6.615 6.710 6.525 6.628 6.571 6.575 6.517 5.849
41 6.519 5.288 5.545 5.511 5.583 5.702 5.507 5.659 5.460 5.572 5.730
42 2.001 3.003 2.889 2.723 2.697 2.623 2.414 2.706 2.527 2.566 2.419
43 6.167 5.849 5.482 5.409 5.832 5.660 5.733 5.409 5.639 5.628 5.404
44 4.459 4.289 4.242 4.257 4.167 4.214 4.178 3.878 4.187 4.012 4.258
45 4.673 4.750 4.721 4.725 4.748 4.732 4.750 4.688 4.681 4.755 4.697
46 5.617 5.087 5.095 4.778 5.179 5.171 5.180 5.254 5.202 5.235 5.034
47 1.358 2.654 2.806 3.284 2.702 3.360 2.880 2.737 2.768 2.669 3.024
48 4.228 5.076 5.005 4.987 4.955 5.028 5.017 5.054 5.006 5.013 4.978
49 4.475 5.260 5.776 5.755 5.568 5.544 5.358 5.270 5.358 5.129 5.221
50 2.682 3.093 3.030 3.695 3.687 3.255 3.449 3.130 3.005 3.058 2.992
51 4.297 3.872 3.975 3.945 4.016 3.874 3.983 3.791 4.019 3.946 3.895
52 4.702 4.666 4.606 4.753 4.726 4.713 4.684 4.760 4.718 4.637 4.756
53 4.804 3.802 3.647 3.629 3.814 4.097 3.882 3.855 3.844 3.809 3.783
54 4.741 4.805 4.802 4.774 4.826 4.789 4.803 4.833 4.802 4.839 4.772
55 6.083 3.894 3.257 3.628 3.570 3.889 3.764 3.509 3.738 3.700 3.535
56 4.401 3.810 3.879 3.789 3.793 3.924 4.180 4.211 3.624 3.940 3.659
57 6.101 5.065 5.166 4.960 5.005 5.050 5.063 4.935 5.172 4.975 4.982
58 3.561 4.284 4.062 3.647 4.282 4.546 4.504 4.471 4.417 4.323 4.454
59 4.376 3.958 3.877 3.868 3.927 3.829 3.834 3.748 3.863 3.871 3.781
60 7.960 6.273 6.170 6.288 6.285 6.447 6.281 6.333 5.954 6.105 6.301
61 2.475 4.142 4.225 4.047 4.248 4.107 4.197 4.171 4.441 4.207 4.091
62 4.183 2.982 2.950 2.880 2.893 2.865 2.796 2.700 2.670 2.759 3.058
63 2.857 3.089 3.072 2.895 3.040 2.967 3.246 3.068 3.056 2.998 3.157
64 0.776 0.420 0.473 1.030 1.122 0.641 0.766 0.518 0.581 0.616 0.936
65 6.190 4.884 4.886 4.912 4.902 4.978 5.048 4.911 4.994 4.888 4.751
66 5.520 4.884 4.902 4.887 4.871 4.918 4.879 4.905 4.848 4.869 4.882
67 4.613 4.793 4.692 4.741 4.673 4.742 4.788 4.715 4.739 4.759 4.724
68 0.670 1.123 1.474 1.657 1.170 2.019 1.910 1.139 1.314 1.710 1.403
69 6.056 5.031 5.102 4.786 5.109 5.077 5.189 4.945 5.077 5.160 4.641
70 4.598 4.933 4.976 4.912 4.964 5.033 4.938 5.022 4.999 4.923 4.988
71 5.317 4.889 5.205 4.975 5.093 5.160 5.123 5.180 5.088 4.604 5.004
72 4.635 5.971 5.973 6.070 5.913 6.643 6.033 6.073 5.893 6.182 5.907
73 4.529 3.950 3.742 4.022 4.034 3.932 3.830 3.884 3.972 3.910 4.684
74 5.700 5.776 5.750 6.327 5.724 6.666 5.746 5.986 5.652 5.409 5.742
75 0.325 3.258 3.018 2.911 3.070 3.087 2.724 3.065 2.952 3.036 3.103
76 3.984 4.031 3.656 3.712 3.451 3.783 3.817 3.683 4.474 3.863 3.708
77 2.208 3.078 3.353 3.011 2.944 2.951 3.030 2.909 2.892 3.033 3.038
78 1.653 4.131 4.084 4.058 4.123 4.101 4.149 4.119 4.079 4.122 4.055
79 0.088 2.607 2.164 2.696 2.633 3.035 2.572 2.506 2.604 2.899 2.260
80 4.196 3.272 3.049 3.073 3.070 3.405 3.245 3.110 3.264 3.192 3.274
81 5.336 5.026 5.121 4.849 5.156 5.094 5.061 5.111 5.010 4.784 4.661
82 1.105 3.483 3.286 3.479 3.701 3.251 3.451 3.298 3.409 3.237 3.443
83 5.846 4.228 4.323 4.126 4.441 4.305 3.928 4.064 4.025 3.995 4.228
84 4.113 3.887 3.883 3.824 3.917 3.998 4.025 3.927 3.766 4.015 4.045
85 2.631 3.687 3.515 3.870 3.970 3.689 3.963 3.874 3.898 3.840 4.042
86 6.261 5.451 5.774 5.686 5.882 5.720 5.778 5.794 5.949 5.757 5.769
87 5.048 4.607 4.797 4.654 5.114 4.755 4.919 4.896 4.815 4.759 4.504
88 4.858 4.872 4.980 4.992 4.910 4.908 4.926 5.016 4.981 4.993 4.994
89 4.779 4.737 4.723 4.675 4.746 4.686 4.663 4.781 4.775 4.738 4.721
90 3.835 4.148 3.416 4.454 4.360 4.374 4.400 4.385 4.478 4.494 4.764
91 5.064 3.946 3.871 3.667 3.944 3.484 3.860 3.905 3.832 3.408 3.831
92 4.003 3.925 3.930 3.816 3.884 3.930 3.946 4.047 3.820 3.634 3.922
93 3.404 4.307 4.248 4.264 4.258 4.186 4.320 4.387 4.284 4.256 4.317
94 4.951 4.437 4.390 4.355 4.434 4.291 4.455 4.413 4.035 4.304 4.216
95 5.505 4.158 5.013 4.479 4.195 4.463 4.335 4.378 4.347 4.570 4.119
96 1.857 4.457 4.326 4.482 4.328 4.393 4.213 4.618 4.242 4.123 4.541
97 4.632 5.304 5.695 5.873 5.637 5.348 5.453 5.339 5.400 5.268 4.970
98 5.177 5.148 5.150 5.166 5.022 5.203 5.221 5.207 5.098 4.945 5.209
99 5.978 5.828 6.120 6.098 5.966 6.726 6.184 5.889 6.090 6.488 5.898
100 4.146 2.549 2.824 3.092 2.926 2.978 2.626 2.680 3.178 3.204 2.803
101 4.954 4.950 4.968 4.916 4.888 4.936 4.959 4.981 4.946 4.860 4.922
102 5.806 5.106 5.269 5.393 5.464 5.166 5.265 5.268 5.187 5.240 5.360
103 5.033 4.717 4.860 4.680 4.677 4.770 4.766 4.651 4.728 4.632 4.622
104 4.395 4.379 4.273 4.418 4.380 4.022 4.226 4.404 4.089 4.510 4.034
105 5.093 3.882 3.867 3.638 3.569 3.740 3.677 3.698 3.683 3.698 3.858
106 3.250 4.394 4.264 4.280 4.335 4.331 4.183 4.234 4.239 4.312 4.175
107 2.760 4.342 4.279 4.316 4.231 4.313 4.298 4.318 4.272 4.186 4.303
108 1.182 4.908 4.644 4.857 4.812 4.841 4.919 4.975 4.937 4.926 4.777
109 4.028 4.698 4.653 4.609 4.780 4.433 4.716 4.735 4.706 4.588 4.694
110 5.190 4.365 4.336 4.133 4.339 4.126 4.168 4.333 4.267 4.329 4.592
111 4.988 4.880 4.964 4.849 4.897 4.918 4.930 5.068 4.888 4.877 4.881
112 6.799 5.823 5.883 5.851 5.733 5.805 6.067 5.914 5.589 5.629 5.803
113 5.414 3.268 4.650 3.423 3.795 3.613 3.516 3.468 3.400 3.275 3.502
114 4.414 3.738 3.831 3.716 3.852 3.863 3.937 3.986 3.688 3.623 3.827
115 5.635 4.805 4.813 4.897 4.799 4.978 4.854 4.704 4.818 4.709 4.894
116 4.883 4.270 4.337 4.180 3.979 4.458 4.190 4.150 4.322 4.351 4.293
117 4.712 4.114 3.898 3.875 4.051 4.211 4.168 4.032 4.197 4.096 4.098
118 4.758 4.666 4.566 4.611 4.583 4.588 4.631 4.703 4.623 4.704 4.714
119 3.147 3.675 3.615 3.556 3.738 3.971 3.793 3.675 3.669 3.771 3.735
120 5.580 5.098 5.335 5.205 5.340 5.154 5.281 5.136 5.154 5.358 5.288
