data_index lambdaa.observed lambdaa.predicted.repeat1 lambdaa.predicted.repeat2 lambdaa.predicted.repeat3 lambdaa.predicted.repeat4 lambdaa.predicted.repeat5 lambdaa.predicted.repeat6 lambdaa.predicted.repeat7 lambdaa.predicted.repeat8 lambdaa.predicted.repeat9 lambdaa.predicted.repeat10
1 342.000 332.073 333.882 333.280 335.392 344.945 338.200 337.575 332.156 330.754 332.949
2 336.000 350.159 351.138 350.656 351.085 341.834 349.076 354.520 353.359 351.697 346.080
3 434.000 419.118 417.612 397.228 420.874 420.747 429.363 416.313 424.481 403.306 423.244
4 320.000 329.931 326.537 331.122 329.774 330.697 330.022 328.879 327.865 327.430 327.890
5 317.000 330.880 328.990 333.165 329.839 329.063 330.098 333.388 335.217 335.417 329.355
6 432.000 450.725 446.998 443.916 449.688 449.341 448.515 446.232 450.739 444.750 452.963
7 419.000 426.538 427.596 426.216 425.395 428.485 427.001 432.385 425.765 433.570 424.612
8 554.000 510.137 521.590 527.666 534.052 521.806 518.073 535.698 525.165 523.153 530.999
9 438.000 462.345 453.773 438.632 454.064 448.163 454.745 450.589 476.964 434.326 444.829
10 315.000 330.742 327.778 326.717 328.596 330.334 330.518 329.899 328.991 326.959 327.117
11 325.000 334.361 333.379 332.119 346.820 329.063 329.600 343.868 341.065 339.065 344.802
12 492.000 427.445 426.769 397.990 409.354 416.245 415.126 415.776 412.838 427.783 423.700
13 370.000 380.241 385.589 377.641 385.213 381.728 380.907 378.391 390.472 370.798 388.223
14 424.000 415.820 412.956 417.311 411.649 410.965 418.889 411.868 417.230 412.063 413.597
15 400.000 402.751 405.358 403.855 404.496 404.336 402.247 402.689 404.293 401.645 403.062
16 406.000 400.625 399.986 406.038 403.727 402.670 403.564 403.523 407.773 402.725 402.602
17 429.000 428.677 429.361 436.959 441.839 421.824 432.392 435.564 431.258 424.105 422.940
18 450.000 424.816 415.647 417.659 420.903 426.535 420.640 424.769 421.814 431.582 423.304
19 342.000 331.811 344.084 349.549 331.051 329.084 332.360 328.293 337.548 350.872 365.805
20 302.000 326.365 329.555 327.418 324.952 329.644 332.168 328.009 327.607 329.444 328.915
21 437.000 419.012 420.456 423.489 427.283 415.037 421.220 419.968 424.505 409.400 437.387
22 407.000 420.894 422.245 426.265 419.500 421.671 421.795 424.447 418.276 426.029 420.577
23 384.000 400.947 391.024 394.970 399.108 390.349 396.374 397.008 391.984 405.336 402.076
24 371.000 358.530 360.009 360.557 357.896 362.080 364.010 365.507 365.872 368.073 360.802
25 417.000 368.394 382.511 402.821 385.744 387.751 396.180 391.323 392.408 397.415 378.740
26 425.000 429.428 431.524 432.855 430.850 436.399 426.638 432.506 416.945 438.333 430.653
27 350.000 337.575 334.562 339.682 328.828 336.703 343.224 340.912 331.405 338.217 344.804
28 444.000 419.988 418.534 413.275 414.564 412.765 413.370 411.466 414.298 422.501 415.145
29 379.000 442.613 412.150 409.423 430.536 402.386 420.911 392.703 404.573 405.582 394.214
30 400.000 422.588 419.652 426.265 421.594 423.356 424.195 422.938 423.456 424.083 422.775
31 378.000 359.564 421.431 415.204 382.989 375.507 350.660 380.177 410.469 352.359 398.954
32 364.000 367.934 363.076 359.733 364.368 367.163 365.611 364.409 366.662 366.807 363.507
33 360.000 362.440 366.634 361.506 359.566 360.059 362.880 367.284 359.934 354.307 363.316
34 382.000 389.047 394.794 376.977 377.596 384.241 366.136 382.707 368.147 378.821 396.571
35 527.000 498.918 530.579 523.765 555.494 533.395 517.860 533.466 530.567 542.922 528.656
36 408.000 401.171 400.499 405.042 405.803 403.850 402.233 403.461 405.031 402.486 405.343
37 421.000 395.579 373.018 359.228 359.366 359.814 355.038 366.345 355.328 381.976 378.482
38 346.000 332.873 334.055 332.671 330.251 338.126 335.709 342.885 341.295 330.296 329.355
39 478.000 494.043 474.017 477.787 504.494 467.348 500.231 487.840 492.762 502.796 483.403
40 420.000 433.334 420.403 437.868 425.727 436.242 443.419 439.684 429.137 441.213 442.962
41 430.000 445.521 435.409 429.535 426.012 433.008 431.896 435.508 427.546 435.134 430.323
42 623.000 570.359 573.963 568.256 572.835 567.627 562.733 576.829 564.219 554.239 563.681
43 457.000 428.068 439.123 432.134 436.375 427.742 439.917 430.794 437.936 430.564 434.540
44 424.000 434.078 447.448 439.426 438.405 457.981 442.022 453.707 450.932 468.025 447.009
45 456.000 420.241 426.081 435.307 430.033 421.110 437.407 426.890 433.423 424.531 424.787
46 411.000 404.249 403.791 404.016 405.452 402.098 406.460 401.261 404.293 402.865 406.103
47 413.000 421.877 420.391 429.062 421.828 427.327 427.189 418.014 427.378 420.893 430.161
48 332.000 337.474 343.299 365.780 343.968 342.428 347.172 354.334 349.316 340.150 349.859
49 489.000 486.814 483.918 476.234 484.418 485.752 485.919 479.511 483.610 474.318 477.325
50 425.000 418.277 431.281 424.934 421.442 425.866 431.838 427.694 416.243 424.295 408.569
51 359.000 348.781 357.308 350.833 354.217 348.751 347.249 368.757 344.788 347.811 350.762
52 418.000 419.166 418.090 420.300 422.121 420.879 419.937 418.445 421.098 420.796 414.754
53 325.000 328.666 328.321 328.371 327.959 325.415 328.945 328.830 329.986 329.024 329.378
54 447.000 424.471 419.862 424.985 421.592 415.838 422.777 427.375 420.031 426.456 419.297
55 464.000 480.952 481.427 483.037 478.300 483.788 486.393 479.688 487.681 477.864 473.101
56 431.000 410.243 415.291 413.347 412.533 414.808 422.122 427.431 418.259 420.544 419.979
57 332.000 345.579 368.169 335.069 341.652 344.408 352.636 340.135 338.433 327.804 342.485
58 329.000 336.383 336.710 333.105 329.879 332.861 346.928 341.813 331.381 335.417 333.203
59 315.000 329.931 329.639 330.818 327.812 328.567 330.022 328.420 329.869 327.012 328.481
60 396.000 407.280 398.600 412.700 404.333 402.367 405.265 398.390 404.423 402.602 406.347
61 390.000 381.336 378.585 374.115 384.820 382.509 376.077 371.231 374.049 383.816 381.312
62 423.000 429.148 436.144 419.828 426.951 415.707 423.058 439.622 429.370 415.543 422.865
63 430.000 443.406 464.740 458.821 460.918 432.126 479.474 463.330 456.159 464.055 435.771
64 429.000 418.932 424.812 424.829 421.672 423.616 422.753 420.609 425.697 425.758 420.319
65 467.000 441.665 419.438 439.954 427.236 445.778 441.061 441.899 437.368 430.717 420.680
66 602.000 563.362 566.174 558.731 560.972 528.710 555.892 542.721 533.731 547.506 555.864
67 461.000 439.355 445.488 448.135 446.111 427.821 470.155 466.647 456.203 441.139 437.441
68 342.000 355.558 354.146 363.422 354.052 361.311 357.430 359.219 347.637 356.486 370.295
69 545.000 487.718 523.715 473.685 471.179 528.101 475.486 490.398 486.083 471.184 483.926
70 415.000 421.386 419.358 416.443 416.895 414.770 419.117 417.323 414.693 420.209 419.881
71 365.000 411.667 379.348 390.013 364.990 391.249 397.452 394.291 399.140 399.937 369.221
72 429.000 422.263 415.052 426.211 419.969 425.123 433.631 427.964 407.346 423.383 422.988
73 336.000 331.571 330.357 335.470 330.563 331.408 332.360 328.293 331.251 332.602 330.350
74 302.000 328.126 328.932 327.872 321.713 330.048 327.960 329.859 327.454 328.305 330.693
75 426.000 436.535 435.115 436.676 433.327 425.846 435.347 432.796 433.121 436.413 435.428
76 364.000 358.479 360.196 369.934 365.721 378.570 364.301 374.762 376.370 365.167 373.600
77 451.000 377.932 377.122 395.389 385.067 377.329 380.912 397.715 377.808 380.226 389.619
78 573.000 584.953 573.533 560.038 570.021 560.195 574.604 577.876 572.459 572.080 577.581
79 447.000 429.955 429.956 430.067 427.506 435.083 432.745 428.990 429.825 430.671 429.541
80 322.000 340.118 351.656 349.912 335.636 353.374 341.258 339.457 359.370 341.229 344.997
81 586.000 526.915 541.950 483.070 501.722 517.049 559.388 507.069 535.984 577.004 511.139
82 459.000 422.916 429.216 428.531 417.858 428.139 434.209 415.797 429.683 438.378 428.645
83 405.000 418.932 425.430 418.622 410.322 425.208 424.760 421.660 426.518 418.112 424.911
84 434.000 423.909 423.511 423.447 422.877 423.524 424.770 424.791 420.106 424.345 422.643
85 441.000 451.250 440.480 446.471 438.568 440.012 440.747 438.158 449.013 443.612 453.094
86 403.000 416.921 418.811 420.544 419.411 416.361 419.534 422.738 420.780 419.594 419.160
87 450.000 409.784 409.558 423.695 411.732 420.310 425.177 418.332 408.539 425.540 405.930
88 372.000 363.630 360.117 369.992 368.307 361.808 356.396 364.194 371.304 376.368 359.640
89 400.000 429.267 425.324 442.365 433.789 417.224 406.102 441.159 433.926 415.388 420.844
90 545.000 531.170 525.892 509.940 535.985 537.956 539.443 538.400 542.642 540.644 542.478
91 411.000 415.883 404.751 411.926 407.545 410.833 411.913 405.933 406.925 410.558 413.966
92 344.000 350.385 345.331 347.283 342.064 355.808 352.248 347.822 350.405 367.120 344.599
93 502.000 520.311 520.343 516.117 508.436 530.332 521.680 550.536 534.945 553.339 526.516
94 401.000 402.418 392.099 393.342 434.373 413.505 391.925 411.531 408.959 402.195 398.807
95 407.000 421.409 419.613 416.764 419.835 420.383 418.475 418.952 424.743 424.126 423.308
96 444.000 427.531 425.818 427.523 432.020 429.539 430.194 421.659 428.018 429.381 425.552
97 321.000 328.953 326.844 329.098 327.431 330.334 329.326 328.356 327.014 328.977 329.034
98 584.000 568.279 577.342 580.206 588.286 548.488 562.596 585.563 573.999 576.900 585.673
99 480.000 513.000 502.538 542.586 581.179 517.977 534.036 533.132 517.188 531.623 516.175
100 510.000 478.128 477.327 468.484 495.425 481.904 463.903 481.806 463.520 483.563 483.146
101 408.000 414.040 414.266 416.190 396.362 417.934 412.742 399.062 417.353 422.596 397.225
102 323.000 330.880 330.267 332.971 335.592 330.048 332.360 331.383 328.564 328.016 328.845
103 438.000 424.136 411.648 427.123 427.303 419.550 421.921 422.417 440.630 425.793 422.928
104 417.000 421.640 422.746 422.312 421.397 421.501 421.124 421.468 422.827 421.805 422.664
105 429.000 422.769 410.015 415.128 418.108 418.832 415.960 417.863 415.643 424.021 428.770
106 434.000 429.878 429.035 431.981 415.316 436.861 425.207 440.429 431.070 428.377 429.852
107 442.000 418.800 424.431 424.245 417.279 427.344 421.228 414.228 425.125 419.287 421.086
108 410.000 418.599 422.344 417.083 419.638 418.995 421.057 418.622 419.767 418.091 420.786
109 335.000 376.067 367.529 345.411 338.719 347.389 361.148 345.861 348.038 343.075 344.777
110 515.000 514.092 505.996 504.304 522.238 515.242 520.638 504.763 516.375 511.668 511.631
111 400.000 404.435 403.869 411.100 413.673 407.716 408.734 405.308 410.316 405.017 407.097
112 429.000 428.314 430.004 429.614 434.387 425.740 431.897 416.401 427.598 429.443 428.814
113 432.000 439.324 442.681 444.429 443.527 444.953 444.246 440.838 438.332 432.460 436.426
114 335.000 333.230 329.276 329.810 329.854 330.079 334.346 333.157 331.447 329.443 329.186
115 395.000 398.350 396.891 395.671 398.336 392.925 396.011 397.008 397.741 405.336 398.627
116 341.000 355.437 350.042 350.617 345.924 362.704 375.379 356.324 367.260 352.343 367.385
117 425.000 422.111 423.284 422.871 420.896 420.488 421.124 421.641 424.730 421.805 420.532
118 351.000 367.185 371.958 363.403 361.229 362.417 363.494 363.859 360.868 361.685 365.516
119 315.000 329.931 329.276 329.569 327.431 326.529 330.518 325.286 327.345 332.155 328.531
120 320.000 330.911 350.716 330.509 339.822 341.590 335.266 351.775 337.577 330.540 323.807
121 588.000 567.451 561.423 548.738 568.893 568.956 557.630 557.336 550.102 563.724 560.906
122 469.000 439.516 448.116 450.886 441.830 438.348 445.829 451.519 458.987 444.268 466.246
123 321.000 330.880 338.010 332.736 335.365 333.730 331.891 335.878 347.114 331.289 339.792
124 310.000 341.907 377.755 375.542 363.758 351.460 372.326 359.596 369.980 358.855 387.092
125 362.000 346.908 411.887 376.866 389.032 376.508 403.465 354.966 372.129 393.551 383.596
126 332.000 350.691 366.801 359.228 352.061 352.465 352.041 349.630 352.699 351.904 350.280
127 307.000 338.696 340.108 351.132 339.320 339.537 340.547 340.762 338.267 336.728 352.375
128 400.000 397.673 397.750 388.430 403.022 406.427 396.825 396.744 400.830 395.544 395.439
129 490.000 446.371 447.258 458.104 454.664 453.319 437.921 445.869 445.089 448.437 455.267
130 354.000 363.630 367.389 368.188 365.125 352.318 355.092 367.934 361.628 375.513 362.964
131 326.000 331.951 329.972 335.470 337.940 329.063 330.915 331.944 342.306 339.861 333.485
132 326.000 328.551 329.276 328.529 336.265 330.048 328.677 329.285 329.817 330.441 329.355
133 409.000 423.895 420.591 421.657 425.591 421.210 423.237 427.210 422.525 425.047 421.976
134 562.000 449.073 446.453 442.757 458.962 451.864 441.187 445.318 469.133 454.847 455.645
135 332.000 360.475 372.893 331.203 361.128 356.322 350.099 337.311 352.644 339.111 350.267
136 472.000 434.971 432.369 431.920 437.288 423.898 436.851 437.101 425.497 429.064 427.153
137 405.000 422.795 421.532 422.562 423.845 417.063 417.605 420.472 420.629 424.275 422.159
138 394.000 403.689 414.634 397.582 410.134 404.713 411.528 404.733 408.734 403.390 415.417
139 324.000 329.984 333.023 332.971 336.265 331.408 334.951 327.542 330.653 329.760 328.845
140 555.000 567.442 566.211 562.787 568.022 570.075 562.953 561.664 563.094 563.998 567.140
141 324.000 338.479 342.356 336.746 335.158 335.691 334.400 337.813 333.503 337.646 335.517
142 422.000 395.370 420.602 418.073 433.959 413.845 413.934 428.364 418.784 425.957 427.364
143 429.000 406.187 407.357 399.872 408.354 406.420 409.418 405.093 406.793 400.337 402.160
144 314.000 357.557 353.949 366.838 345.734 357.095 336.359 347.165 363.018 331.474 323.627
145 445.000 431.483 435.108 446.410 422.424 431.347 432.943 422.426 433.042 429.610 402.147
146 420.000 417.191 425.014 426.096 428.499 424.712 427.639 427.355 431.374 422.803 418.127
147 350.000 359.375 372.814 358.649 353.653 354.083 355.981 357.856 354.771 361.013 358.777
148 381.000 347.389 349.756 354.636 353.796 348.574 356.591 334.970 346.703 353.668 364.849
149 340.000 343.281 334.626 334.787 339.504 333.367 336.924 335.193 335.694 335.737 342.732
150 462.000 460.096 447.784 470.999 464.340 470.607 472.868 464.899 460.345 452.432 456.496
151 545.000 510.452 521.937 530.822 512.353 504.875 519.114 515.958 536.537 503.534 499.826
152 401.000 397.629 418.525 415.453 405.179 400.731 408.562 405.642 406.055 419.091 417.038
153 450.000 459.251 453.497 449.493 457.749 450.892 475.186 450.649 465.324 445.935 446.282
154 495.000 511.619 514.020 540.632 538.444 505.033 512.327 538.762 500.010 530.079 537.465
155 415.000 428.479 430.498 440.093 417.630 430.324 411.652 431.453 419.896 441.569 424.755
156 580.000 526.955 537.898 540.277 540.212 536.232 538.399 546.547 531.521 527.988 512.023
157 412.000 417.804 413.767 414.531 420.132 413.262 418.166 415.712 424.344 398.197 420.556
158 446.000 463.915 462.274 465.014 467.202 469.884 457.218 456.373 459.260 460.420 448.331
159 330.000 334.160 340.615 329.593 330.251 330.993 332.423 334.478 329.132 332.748 333.640
160 325.000 330.433 328.321 329.024 332.162 337.242 324.579 333.726 327.295 347.620 330.284
161 316.000 358.597 371.264 344.713 367.724 345.211 380.805 361.629 339.763 352.747 371.597
162 408.000 397.238 400.834 405.560 410.267 404.153 408.838 407.075 407.145 412.381 396.368
163 428.000 411.481 410.215 402.185 409.313 407.815 408.453 404.032 406.420 411.540 400.939
164 396.000 499.668 494.380 493.023 493.707 467.643 501.240 486.272 487.685 481.667 486.537
165 385.000 355.424 359.928 363.097 355.855 357.028 348.640 355.261 362.918 361.735 367.693
166 335.000 331.951 333.048 328.529 334.390 331.408 331.283 331.219 332.199 331.102 332.387
167 339.000 330.302 334.346 329.810 328.907 330.226 329.470 329.737 330.704 330.441 328.665
168 419.000 432.549 423.448 423.086 417.339 414.226 422.995 418.204 424.336 424.705 424.258
169 321.000 329.984 329.876 329.098 329.035 326.446 326.992 328.029 330.902 326.995 329.034
170 419.000 424.263 418.310 424.328 421.592 421.025 419.667 422.859 420.106 423.813 421.429
171 423.000 424.240 425.288 425.121 424.724 422.889 427.301 426.635 426.077 423.821 424.677
172 416.000 414.377 419.977 421.554 413.114 414.870 420.155 414.195 406.912 416.994 420.710
173 434.000 399.552 422.462 428.581 421.281 417.769 423.361 409.222 425.332 418.227 414.116
174 329.000 329.012 332.473 350.428 331.260 334.694 341.282 337.805 342.042 333.271 329.378
175 450.000 418.566 422.317 433.260 436.322 426.386 422.388 438.198 439.149 436.185 426.687
176 333.000 331.594 330.808 329.458 327.431 332.563 332.360 330.511 330.653 332.155 333.703
177 420.000 420.519 403.723 414.282 409.803 415.483 416.746 410.164 407.643 420.126 414.191
178 315.000 332.853 331.682 328.529 329.546 335.608 329.470 331.383 335.217 329.182 329.701
179 349.000 349.807 349.871 348.079 360.258 353.504 351.571 348.277 353.690 370.244 349.267
180 431.000 410.544 411.534 418.130 413.901 417.091 423.061 426.627 417.785 415.687 411.203
181 407.000 419.727 421.805 424.338 418.175 417.316 421.986 424.100 418.374 422.965 419.015
182 424.000 419.410 420.629 420.934 421.592 421.501 421.897 422.443 420.106 423.686 423.514
183 425.000 420.977 423.270 418.145 423.163 423.128 422.641 421.503 420.727 421.229 421.498
184 588.000 549.785 561.683 582.716 567.805 576.448 578.467 575.277 548.318 585.708 564.407
185 332.000 332.684 340.884 336.551 337.061 348.237 342.713 349.831 338.061 332.807 345.330
186 379.000 422.657 420.057 424.552 414.457 416.936 421.597 418.002 419.481 416.487 422.320
187 586.000 581.487 577.298 593.626 565.958 579.796 568.367 554.917 578.058 548.922 577.809
188 528.000 547.692 545.776 560.110 517.283 505.785 564.003 552.289 512.212 538.849 529.361
189 425.000 443.643 434.099 433.406 419.609 433.515 425.256 450.847 439.026 429.499 425.875
190 398.000 400.559 401.278 395.013 387.923 398.533 390.729 387.556 409.636 410.359 395.801
191 492.000 464.164 478.459 467.415 495.604 488.367 470.567 476.832 487.903 472.331 492.162
192 395.000 418.136 418.254 416.859 418.131 420.077 420.573 420.557 421.031 421.028 416.792
193 503.000 427.296 414.804 426.299 413.533 440.440 420.907 402.522 422.990 454.523 428.505
194 402.000 422.783 421.212 425.161 421.889 423.680 425.154 422.714 422.431 424.345 420.021
195 316.000 330.880 334.055 329.741 335.592 332.861 329.470 333.281 329.132 331.289 333.203
196 537.000 465.520 501.745 463.445 483.462 497.386 504.306 494.123 479.960 488.972 455.668
197 426.000 423.728 427.576 423.048 431.885 429.328 424.861 425.595 434.468 429.738 432.686
198 414.000 428.089 434.063 432.468 430.154 425.172 432.321 417.148 418.026 430.237 441.704
199 460.000 545.301 534.815 534.298 580.994 544.714 524.791 539.077 528.850 536.190 501.136
200 438.000 412.800 407.334 413.294 398.844 421.860 417.947 407.725 396.935 402.298 423.445
201 418.000 419.345 420.892 422.987 423.163 417.482 418.686 419.087 420.159 422.849 421.037
202 432.000 375.427 385.892 388.706 383.890 382.565 384.482 390.053 392.829 386.437 380.737
203 422.000 422.803 419.330 417.244 421.073 421.943 417.810 416.280 421.248 419.694 420.557
204 450.000 422.971 424.449 421.930 429.036 420.461 422.355 423.506 424.277 436.063 421.469
205 362.000 396.012 380.420 398.725 378.606 392.970 402.850 386.121 399.290 379.502 367.126
206 500.000 486.708 468.226 463.633 474.774 472.081 453.671 482.339 470.175 480.088 495.260
207 361.000 360.646 372.344 366.486 374.558 361.489 378.785 367.750 352.380 357.268 370.256
208 439.000 407.165 434.657 419.374 437.733 424.795 425.944 435.123 420.985 435.691 435.718
209 382.000 438.956 419.210 443.087 431.343 437.399 413.374 415.231 413.413 414.474 431.598
210 446.000 444.790 451.853 465.493 455.010 477.074 434.971 456.905 460.152 461.738 448.067
211 420.000 417.794 421.363 419.881 411.433 419.660 412.977 426.568 426.151 425.331 416.197
212 420.000 426.091 422.453 421.930 424.072 424.087 420.324 419.211 424.019 426.632 421.844
213 488.000 439.122 446.931 432.568 445.623 449.501 449.192 421.014 459.661 441.805 441.755
214 395.000 407.722 406.293 401.386 405.455 405.946 412.679 406.641 405.065 400.619 406.267
215 399.000 416.980 416.349 420.569 422.870 419.239 423.477 420.626 418.454 421.305 415.349
216 356.000 366.820 374.623 365.754 371.312 362.879 360.161 363.825 376.080 371.089 367.051
217 440.000 420.536 421.774 431.726 444.772 426.549 415.622 437.555 430.179 442.458 438.852
218 342.000 334.700 354.568 352.813 368.090 341.038 335.888 363.737 349.278 349.314 341.883
219 535.000 560.115 525.775 529.939 568.108 548.932 562.824 543.743 552.259 559.154 523.033
220 525.000 435.496 448.920 480.229 469.661 466.972 454.883 467.054 478.813 489.951 453.365
221 526.000 513.095 518.003 506.155 509.198 526.283 516.328 514.375 522.436 516.760 522.449
222 318.000 330.495 334.055 332.736 329.126 332.735 330.098 329.930 333.689 329.760 333.837
223 518.000 453.378 468.382 471.391 462.717 454.141 455.651 452.838 453.874 464.411 454.719
224 366.000 362.382 372.658 366.848 359.432 358.172 362.780 368.102 357.008 363.474 360.279
225 349.000 361.314 366.516 359.517 367.707 359.179 363.755 361.754 358.731 369.614 361.325
226 396.000 401.461 401.933 401.125 404.445 405.553 402.538 405.388 404.256 402.203 402.703
227 380.000 371.924 383.499 379.206 373.826 373.102 376.406 375.217 370.029 377.999 378.299
228 375.000 374.948 369.124 379.844 378.261 366.715 375.503 373.367 373.456 371.114 369.586
229 455.000 442.492 431.764 427.957 438.389 441.497 443.154 436.502 426.456 437.903 435.113
230 428.000 447.463 442.271 438.719 444.385 445.165 442.057 438.641 445.105 453.033 439.165
231 334.000 330.742 333.094 331.702 329.116 332.015 331.247 330.636 330.704 332.400 331.474
232 337.000 344.278 349.031 345.751 350.589 339.133 342.634 345.979 346.932 345.684 345.009
233 418.000 414.826 420.829 418.723 421.906 424.420 424.697 423.078 421.935 413.507 415.942
234 310.000 326.338 325.255 342.256 320.915 330.257 337.390 333.066 327.389 330.588 336.131
235 395.000 407.280 405.358 403.777 403.282 405.337 406.041 398.965 400.209 402.865 407.447
236 450.000 419.990 429.243 421.788 429.797 424.411 417.138 413.787 426.375 406.203 419.319
237 368.000 368.859 361.692 369.710 361.908 363.912 364.567 362.978 363.508 354.307 360.279
238 468.000 462.738 432.236 452.979 438.850 439.056 440.035 439.497 447.462 452.561 442.870
239 305.000 325.856 333.023 322.575 337.422 328.284 327.857 330.987 328.251 329.444 333.239
240 303.000 327.882 331.662 328.649 335.644 336.866 342.455 328.832 345.710 338.324 327.529
241 316.000 331.788 333.310 327.346 328.722 340.204 326.362 328.420 328.188 331.601 331.947
242 360.000 350.881 372.780 340.308 333.466 346.076 358.822 355.851 342.792 338.317 347.713
243 466.000 463.035 454.199 449.614 443.938 451.392 436.182 466.206 449.152 449.694 441.950
244 422.000 440.151 457.802 437.157 439.653 433.465 442.916 443.538 445.913 424.041 443.704
245 418.000 401.008 413.322 387.789 403.376 398.306 401.561 404.794 401.840 398.118 401.374
246 409.000 424.425 419.058 423.001 422.877 422.000 422.761 422.491 420.106 420.518 423.554
247 326.000 331.951 352.137 341.952 342.792 351.792 335.137 343.760 338.592 341.079 338.576
248 328.000 353.111 385.397 354.831 351.779 341.643 379.151 355.303 375.472 351.060 359.257
249 369.000 363.751 360.210 363.165 360.960 361.960 358.993 359.722 360.687 359.969 365.738
250 346.000 330.880 328.321 328.529 343.401 330.507 330.332 328.541 329.804 329.485 334.273
251 407.000 419.730 415.411 419.399 424.433 423.356 420.671 414.397 420.159 420.429 431.458
252 414.000 363.492 363.634 370.239 372.239 371.153 364.808 378.015 369.061 371.557 371.248
253 501.000 487.982 506.719 502.826 508.513 487.291 480.237 499.207 498.259 489.526 487.847
254 421.000 419.585 418.310 422.996 420.207 421.815 422.153 423.977 420.106 421.251 420.532
255 316.000 370.518 369.992 347.041 403.560 337.325 364.623 372.736 352.500 354.734 334.825
256 328.000 333.348 334.659 334.220 336.667 338.949 340.199 340.172 337.125 335.922 345.019
257 445.000 461.935 460.004 402.338 447.896 463.900 447.934 469.299 456.212 432.520 434.316
258 371.000 352.830 355.288 353.607 374.157 367.968 353.380 364.018 351.082 344.647 344.050
259 484.000 465.682 463.174 488.919 457.599 473.365 463.985 468.004 462.983 467.675 459.505
260 418.000 422.923 421.138 421.706 421.901 420.823 420.227 417.855 421.475 424.995 421.488
261 371.000 367.426 363.046 362.707 360.252 357.783 364.969 369.902 362.840 367.593 364.759
262 331.000 331.897 329.782 329.741 328.870 337.488 335.936 337.995 330.417 332.155 333.203
263 586.000 550.336 542.196 537.576 552.504 543.774 545.424 533.918 561.357 531.963 542.151
264 434.000 426.542 452.415 438.505 424.867 432.249 429.555 422.877 435.300 441.023 425.699
265 412.000 428.068 432.547 432.120 433.223 423.012 429.196 425.288 426.096 431.253 435.960
266 483.000 446.834 439.895 413.246 442.303 436.537 428.513 411.984 432.941 431.040 430.584
267 393.000 426.381 420.256 421.483 409.453 425.417 423.262 432.146 421.114 422.922 413.319
268 386.000 402.726 408.408 397.302 410.809 394.595 391.636 386.993 398.595 391.833 403.499
269 344.000 358.225 400.890 395.810 394.274 394.855 416.874 413.253 403.600 408.959 389.293
270 392.000 366.675 351.990 362.324 362.890 360.161 360.801 356.475 373.903 348.507 370.256
271 460.000 429.668 422.317 429.535 429.428 426.386 424.445 433.357 428.593 422.744 433.214
272 321.000 325.470 330.703 324.324 323.902 326.785 327.663 326.972 331.834 327.313 328.228
273 311.000 337.121 340.781 355.058 337.199 334.985 332.692 328.534 342.099 357.197 334.168
274 391.000 438.532 450.619 442.605 423.569 446.232 456.110 435.763 423.550 430.032 435.601
275 431.000 458.546 450.474 479.776 439.495 445.122 440.554 463.062 446.473 433.301 441.456
276 357.000 365.087 373.873 372.808 370.206 365.319 362.688 364.585 363.685 370.765 379.590
277 414.000 442.454 413.497 407.099 396.483 394.318 404.973 408.669 420.448 390.792 422.711
278 452.000 429.181 433.362 430.301 430.403 429.865 427.648 428.909 431.654 430.161 427.949
279 437.000 410.636 421.484 392.347 409.760 412.329 415.245 417.934 418.809 414.469 416.207
280 315.000 330.180 331.759 329.420 330.245 331.672 330.108 331.662 330.040 329.695 329.701
281 435.000 432.316 437.095 429.394 430.239 452.647 427.486 437.226 433.218 438.411 447.828
282 448.000 439.466 441.379 442.802 431.009 439.625 431.955 438.662 446.383 438.011 436.364
283 416.000 426.229 432.960 428.382 429.128 429.932 433.403 428.281 438.640 439.537 430.426
284 328.000 336.925 344.068 334.669 336.977 338.465 339.873 339.527 338.025 338.012 333.958
285 390.000 401.171 403.783 400.775 403.393 401.925 405.180 404.875 405.031 402.738 402.303
286 310.000 356.837 353.175 325.860 331.445 346.646 330.149 322.304 349.718 357.667 333.915
287 365.000 361.511 366.938 362.913 363.624 358.074 355.580 368.521 362.961 361.281 363.726
288 402.000 421.191 424.426 420.612 422.847 425.840 421.802 417.940 424.453 422.871 424.952
289 372.000 367.934 365.546 367.225 360.296 358.159 367.287 365.485 359.778 359.969 371.581
290 428.000 448.549 470.916 444.479 463.185 450.778 442.156 438.818 448.603 450.381 434.911
291 267.000 428.007 426.766 403.094 415.842 410.742 399.982 405.725 427.341 402.440 399.978
292 330.000 337.194 343.651 345.142 347.365 343.505 336.887 338.974 342.948 341.520 336.274
293 598.000 538.854 541.040 486.786 569.401 558.611 535.591 524.083 537.285 538.597 558.710
294 392.000 410.972 408.483 414.466 422.873 399.795 415.713 406.104 405.355 395.608 402.753
295 430.000 463.435 412.056 478.609 434.632 481.111 442.440 431.529 462.417 437.014 435.548
296 340.000 357.730 351.631 334.193 353.298 347.873 368.802 331.010 347.304 348.350 345.985
297 312.000 339.762 357.561 357.625 335.896 353.872 346.110 344.574 348.713 370.683 349.431
298 327.000 337.121 345.382 346.548 332.553 333.740 341.148 346.979 335.902 353.253 349.503
299 342.000 359.423 344.057 348.786 342.797 350.634 343.338 350.069 342.270 347.028 348.134
300 417.000 423.327 422.098 424.906 419.361 421.739 421.429 421.850 425.899 424.797 424.291
301 318.000 329.984 329.976 329.420 328.007 330.786 329.234 332.166 329.986 330.263 330.080
302 329.000 320.662 345.905 330.624 338.703 351.524 337.595 322.452 334.622 341.550 341.415
303 339.000 341.655 344.569 350.995 337.473 348.908 348.090 334.233 334.416 342.349 358.852
304 334.000 331.993 332.900 331.809 330.563 328.037 332.046 338.722 332.295 330.659 334.704
305 346.000 384.555 384.756 415.483 402.181 395.344 403.833 372.566 379.119 404.006 370.686
306 420.000 421.612 422.384 422.123 422.290 416.381 422.829 423.853 424.019 424.294 423.140
307 371.000 365.922 356.765 362.548 360.333 362.738 359.268 370.356 366.062 363.353 370.873
308 560.000 568.033 559.563 564.764 570.524 565.389 565.485 570.266 566.147 556.963 554.930
309 512.000 478.485 492.646 482.661 472.902 499.418 497.733 472.040 489.841 483.103 500.575
310 410.000 423.028 425.880 413.227 423.256 418.577 425.729 420.693 421.438 423.647 422.447
311 473.000 456.356 442.059 448.676 439.224 459.642 438.739 460.229 454.692 453.158 452.739
312 427.000 419.536 425.988 420.511 424.840 422.542 434.580 429.806 425.315 426.042 428.588
313 326.000 343.333 351.201 340.666 334.604 354.569 339.389 362.554 345.990 340.433 363.034
314 405.000 409.752 400.902 396.869 410.995 414.887 407.239 398.119 403.901 413.760 413.112
315 442.000 449.967 421.709 437.450 436.930 450.797 451.462 440.199 444.005 432.450 442.347
316 330.000 366.892 357.152 351.492 369.698 349.799 351.860 353.338 368.402 376.655 364.035
317 328.000 354.461 359.675 372.303 335.712 360.601 357.878 363.485 369.183 369.483 369.515
318 436.000 425.130 423.315 429.735 419.768 431.802 432.596 424.655 424.624 415.562 438.706
319 410.000 423.891 419.487 419.287 420.837 420.586 422.153 417.116 421.712 420.398 422.681
320 462.000 452.427 455.308 448.681 448.233 459.388 448.257 442.825 450.903 449.814 442.011
321 471.000 429.168 426.085 430.511 433.041 434.919 436.236 432.575 428.491 444.654 425.010
322 427.000 430.411 428.944 425.841 425.203 426.492 425.738 424.822 429.186 425.583 426.676
323 464.000 433.448 435.310 439.488 427.365 436.038 429.318 432.088 428.595 426.033 429.651
324 446.000 429.621 442.217 438.364 444.431 439.157 431.273 439.082 433.499 438.122 438.410
325 583.000 572.265 566.998 580.861 581.412 553.264 576.237 564.206 555.497 550.623 576.125
326 562.000 478.122 479.112 476.444 478.859 463.638 475.939 464.296 475.900 473.210 473.131
327 313.000 356.120 369.113 360.034 358.010 356.335 358.081 359.162 349.421 355.932 351.568
328 422.000 426.457 427.197 435.854 413.923 419.221 428.168 453.580 419.897 438.659 429.980
329 382.000 347.832 359.093 356.928 383.513 356.372 350.111 368.927 379.643 375.121 352.379
330 398.000 362.156 358.166 373.357 384.164 365.348 369.839 379.369 384.705 381.310 372.575
331 371.000 360.199 356.389 353.592 360.333 359.263 363.952 364.714 361.612 364.986 358.275
332 414.000 418.751 419.613 421.716 419.638 415.948 421.830 419.958 416.519 419.001 419.887
333 440.000 419.627 431.220 425.431 405.628 424.109 415.324 432.341 426.017 423.968 430.212
334 599.000 580.679 571.069 596.197 541.306 582.500 566.079 558.418 577.324 585.804 567.194
335 353.000 362.407 357.530 371.592 358.699 357.688 367.414 358.298 358.079 366.022 358.155
336 404.000 404.814 408.140 382.939 412.155 407.898 404.310 373.070 400.700 384.903 405.822
337 406.000 421.995 423.066 419.630 422.241 421.420 418.227 419.666 433.964 421.015 424.558
338 324.000 330.495 335.200 328.529 327.959 337.911 330.194 329.930 330.255 333.282 333.326
339 337.000 331.951 329.972 331.809 330.742 335.518 330.974 330.145 330.746 333.817 334.739
340 395.000 420.848 423.425 421.763 422.749 420.077 416.306 423.543 420.811 418.667 419.667
341 407.000 423.780 420.768 423.762 418.530 420.658 416.634 420.510 412.636 422.110 420.298
342 330.000 378.707 369.434 381.331 365.851 372.234 377.187 372.106 375.759 384.498 380.451
343 417.000 429.946 432.961 421.803 432.900 441.272 431.947 438.705 423.327 438.018 431.022
344 395.000 402.941 400.019 405.653 405.901 407.760 406.041 403.621 400.811 405.175 405.663
345 503.000 399.967 387.395 396.031 408.807 399.156 389.315 393.353 402.157 395.020 389.224
346 448.000 438.604 443.027 443.158 428.928 428.017 432.150 435.548 437.625 442.709 443.447
347 363.000 334.180 347.599 340.462 343.190 350.326 336.887 363.175 336.403 344.586 342.056
348 386.000 381.336 370.414 382.188 372.786 376.297 377.720 363.719 367.718 373.741 376.645
349 330.000 331.951 333.379 331.844 330.563 331.408 332.360 332.950 330.746 337.770 328.845
350 488.000 354.558 348.924 344.397 359.391 346.374 379.489 360.294 381.954 349.671 352.101
351 479.000 478.311 479.387 469.064 465.726 470.667 472.436 482.330 478.477 468.689 470.816
352 338.000 343.025 352.113 348.905 348.975 362.671 344.686 347.988 350.953 335.894 350.244
353 456.000 453.367 438.013 436.650 446.788 446.212 449.911 439.881 433.119 446.643 436.344
354 418.000 430.450 432.588 430.406 421.842 424.016 447.512 456.836 418.257 435.300 414.727
355 322.000 330.495 330.857 332.971 330.174 329.063 330.915 331.383 333.689 331.454 329.701
356 321.000 327.225 329.876 328.288 326.717 327.116 326.724 328.356 326.778 327.227 329.340
357 335.000 386.724 368.175 372.741 407.044 386.359 393.735 381.064 386.931 383.307 378.599
358 394.000 402.459 402.991 401.898 399.497 402.959 404.114 403.659 405.646 402.137 405.116
359 398.000 436.048 417.923 416.035 434.547 422.483 412.720 423.539 422.562 424.531 411.383
360 421.000 413.665 425.438 428.029 413.243 410.689 416.194 399.782 421.931 426.155 405.521
361 364.000 362.861 362.180 354.682 358.213 369.029 365.611 363.333 370.307 362.670 366.771
362 322.000 332.905 329.276 333.804 331.833 336.641 332.912 336.682 330.781 335.196 333.981
363 446.000 475.093 468.733 472.412 488.736 480.423 475.461 477.187 477.881 475.690 482.837
364 340.000 351.282 351.987 357.474 348.008 352.001 358.604 352.626 359.620 354.429 350.348
365 340.000 394.095 396.657 380.895 420.725 408.688 389.818 366.736 385.496 399.674 388.083
366 452.000 372.087 393.837 389.684 409.021 390.205 396.918 387.027 372.153 375.547 391.720
367 367.000 349.915 355.426 348.529 345.220 364.516 358.108 370.297 357.169 346.981 372.130
368 425.000 457.130 448.532 446.264 437.267 446.180 440.204 444.274 432.024 437.254 432.083
369 399.000 375.831 390.568 354.441 370.619 387.315 380.532 396.523 399.117 377.728 371.888
370 420.000 419.166 418.090 422.253 422.013 417.307 418.287 424.093 420.355 419.185 421.578
371 526.000 575.157 562.276 537.891 552.076 562.278 555.470 568.684 561.790 545.033 561.366
372 343.000 358.797 349.268 343.497 345.240 352.542 341.555 338.180 378.863 352.343 338.170
373 420.000 421.007 419.762 418.600 416.013 413.657 418.796 424.420 437.623 417.647 424.854
374 403.000 401.728 403.180 393.132 404.967 400.994 407.573 401.606 395.839 405.207 404.130
375 495.000 467.258 452.342 448.764 456.145 457.220 447.765 451.064 463.860 460.067 460.054
376 564.000 423.970 408.255 417.386 435.586 427.427 421.101 437.030 420.270 425.329 436.836
377 420.000 472.581 518.655 511.949 509.996 517.119 521.991 511.534 520.838 534.561 522.051
378 414.000 422.817 418.639 431.026 423.215 425.221 421.523 429.622 429.686 426.118 425.487
379 328.000 340.920 325.476 326.260 323.796 322.381 332.473 327.430 325.354 325.010 328.487
380 546.000 444.086 437.535 443.663 444.579 445.649 446.991 445.821 439.000 441.426 452.742
381 323.000 330.742 327.294 331.149 330.089 331.672 328.945 328.293 331.365 328.908 329.601
382 413.000 420.947 419.058 420.899 420.914 419.126 423.904 422.714 422.827 422.641 419.329
383 360.000 356.874 360.391 358.346 369.077 383.746 372.223 363.691 356.823 365.987 366.220
384 411.000 420.593 422.727 422.320 420.158 422.121 427.659 418.820 418.468 426.868 421.353
385 346.000 331.571 328.535 332.740 328.777 331.408 330.974 330.636 332.952 330.958 329.113
386 449.000 431.711 424.334 425.547 439.646 421.450 429.495 427.447 420.429 431.815 416.419
387 389.000 396.245 413.177 398.696 401.233 398.409 400.867 395.329 398.761 412.494 410.938
388 340.000 376.980 372.409 373.401 371.493 366.112 365.941 350.424 356.139 359.708 355.585
389 343.000 330.942 329.276 334.286 328.777 330.851 333.313 328.293 330.158 332.261 329.922
390 404.000 420.068 428.352 419.320 420.647 419.906 420.600 418.507 421.920 419.127 418.724
391 451.000 444.445 446.524 445.357 444.206 447.167 451.481 447.016 447.646 454.754 448.998
392 359.000 344.942 339.164 345.709 344.147 337.327 349.544 342.232 347.297 341.990 350.582
393 410.000 427.101 416.989 423.904 425.429 417.491 420.399 421.357 422.905 425.032 418.480
394 340.000 330.942 330.256 328.529 329.116 330.226 336.907 331.354 332.952 332.837 334.205
395 504.000 440.002 474.356 456.798 426.697 407.276 441.635 416.093 437.676 457.137 450.826
396 546.000 476.358 476.504 529.478 458.947 514.587 509.135 540.712 512.638 510.140 543.204
397 392.000 418.952 411.633 417.122 416.317 423.079 414.909 414.907 421.317 416.773 415.342
398 413.000 420.838 412.777 416.092 409.680 409.572 421.474 425.378 426.389 419.412 414.603
399 325.000 349.434 385.397 373.120 346.037 345.243 379.151 359.783 367.517 350.318 366.802
400 297.000 326.978 326.137 324.851 327.271 324.865 323.566 325.042 324.263 325.392 327.746
401 397.000 418.751 420.545 421.852 418.234 418.951 418.071 419.764 420.429 418.667 419.326
402 428.000 427.116 414.718 411.557 411.705 418.243 422.944 429.058 421.089 427.397 428.096
403 440.000 438.223 423.467 430.499 431.234 427.579 432.135 422.904 437.741 421.619 434.380
404 604.000 574.762 583.936 573.506 553.868 560.162 575.620 564.962 562.127 583.301 566.645
405 442.000 434.446 426.070 426.565 433.448 438.002 431.013 425.219 424.131 434.164 433.617
406 462.000 470.825 467.571 476.185 467.376 469.480 478.917 476.753 479.145 480.926 471.466
407 491.000 477.925 479.987 452.731 478.443 479.503 474.926 471.465 465.104 483.938 476.748
408 495.000 477.659 477.183 482.830 490.151 482.553 479.148 482.102 508.980 473.684 474.184
409 394.000 345.811 350.700 341.586 347.558 340.898 338.199 337.769 336.027 342.476 339.803
410 320.000 365.294 355.424 364.782 358.831 366.418 353.534 383.376 365.102 353.936 366.341
411 445.000 481.118 452.486 460.379 463.555 472.734 430.407 473.094 460.052 455.340 435.424
412 350.000 339.148 347.316 341.157 352.268 344.717 340.437 348.386 340.847 340.011 352.113
413 332.000 331.485 342.356 335.367 329.196 339.488 335.974 338.700 330.091 336.839 335.517
414 411.000 421.538 421.558 426.993 425.491 423.187 419.353 415.882 419.181 429.207 411.905
415 341.000 403.666 385.584 389.184 401.070 423.766 384.318 396.691 395.794 397.669 401.891
416 452.000 458.195 460.548 457.644 466.638 471.054 473.008 464.091 465.079 457.274 464.231
417 398.000 408.539 406.358 406.935 412.392 402.551 404.247 416.475 426.851 408.998 416.048
418 357.000 357.611 365.209 358.271 367.612 361.233 359.494 364.439 353.424 371.089 366.803
419 410.000 422.848 420.652 417.665 422.800 423.657 423.782 422.797 423.669 425.032 420.613
420 411.000 384.379 400.004 400.156 410.582 393.247 396.132 409.974 397.494 400.750 404.427
421 316.000 337.216 350.816 330.109 337.282 318.592 326.066 340.680 336.727 331.221 320.777
422 454.000 423.471 427.884 429.378 424.522 420.981 422.790 420.393 421.475 423.343 430.451
423 492.000 503.410 504.409 517.995 511.840 507.904 496.677 509.643 508.869 516.872 513.325
424 405.000 413.034 424.943 416.890 416.225 421.464 419.479 422.093 419.586 416.636 420.543
425 357.000 369.087 362.227 368.732 365.487 368.684 358.993 368.619 366.932 365.918 364.622
426 424.000 419.410 418.310 421.372 420.923 422.743 422.005 417.116 421.067 419.636 421.429
427 335.000 364.484 355.421 362.845 350.549 350.785 370.425 346.803 368.580 364.172 350.408
428 438.000 442.655 437.933 450.144 462.419 452.902 428.616 440.254 450.725 446.803 446.869
429 525.000 400.373 412.212 374.241 383.957 365.621 419.204 372.943 395.775 394.451 387.991
430 331.000 374.163 381.464 366.071 366.331 398.865 372.909 379.646 385.593 385.264 383.744
431 431.000 414.417 416.100 417.494 412.996 414.874 422.406 416.681 413.415 416.237 420.155
432 591.000 556.660 574.226 563.077 534.731 558.207 547.110 568.828 578.815 564.805 564.366
433 414.000 421.050 416.225 420.480 416.667 419.592 423.465 422.668 423.716 421.960 421.429
434 388.000 383.888 384.056 375.866 381.235 376.259 377.215 380.714 369.963 374.386 379.796
435 585.000 545.707 555.169 560.448 569.780 552.390 578.298 577.445 573.486 553.750 549.324
436 398.000 409.481 403.705 405.444 403.515 404.636 406.152 404.371 405.031 403.220 406.103
437 441.000 442.750 421.127 440.795 430.043 451.909 443.781 442.713 432.940 463.035 435.830
438 309.000 317.914 324.136 329.929 328.700 324.370 321.168 318.441 328.584 326.120 323.274
439 518.000 494.750 506.152 476.134 497.425 520.781 467.905 482.094 482.233 517.326 482.250
440 416.000 421.702 421.125 423.789 422.375 421.681 421.346 424.712 422.827 422.172 420.996
441 412.000 410.144 413.207 421.242 419.484 420.446 418.501 412.684 421.152 418.709 416.884
442 385.000 385.099 399.274 382.673 409.851 372.058 384.540 396.347 398.515 386.332 374.801
443 325.000 328.551 334.055 331.668 338.233 329.305 333.313 329.899 332.134 333.282 329.442
444 325.000 341.182 345.745 346.863 345.013 345.594 336.924 358.235 365.489 346.504 344.882
445 328.000 336.052 349.460 345.265 359.192 350.751 342.958 338.700 347.932 336.068 350.669
446 397.000 422.723 416.006 419.111 416.797 417.860 420.640 420.258 417.273 420.432 420.786
447 407.000 421.381 420.671 421.023 416.202 419.494 421.783 417.323 417.277 421.781 418.760
448 491.000 427.352 435.410 446.404 434.801 423.850 443.698 428.559 453.853 433.787 428.331
449 328.000 327.244 323.415 334.587 323.441 322.839 332.399 328.914 326.153 325.010 327.746
450 430.000 411.867 429.440 421.554 413.529 425.413 427.287 437.682 424.655 414.527 416.783
451 413.000 399.130 386.622 397.769 399.415 398.340 398.282 392.251 399.242 393.420 399.338
452 364.000 376.131 372.856 377.448 391.279 371.743 372.702 380.999 381.603 382.344 374.343
453 404.000 404.232 402.589 398.983 404.878 405.010 396.352 400.465 405.996 399.608 403.913
454 431.000 417.913 431.889 433.333 421.392 423.200 438.809 434.947 411.660 417.171 419.824
455 461.000 447.713 440.259 445.707 443.141 443.690 441.697 441.877 441.468 440.434 446.074
456 346.000 359.423 346.153 354.092 347.463 349.799 351.206 353.330 348.377 353.324 344.910
457 461.000 437.435 427.384 435.612 435.629 428.730 431.946 435.484 427.130 426.033 439.773
458 446.000 438.901 437.592 432.028 425.189 428.730 438.081 438.739 430.571 427.485 436.131
459 334.000 329.984 333.815 331.325 329.677 330.622 331.042 332.298 332.323 332.470 334.739
460 368.000 358.378 346.925 344.212 347.189 342.136 343.338 342.990 348.377 352.520 348.361
461 421.000 364.902 354.518 362.800 364.473 351.283 376.012 351.163 360.733 338.677 354.940
462 536.000 559.493 559.167 556.561 579.602 564.502 551.671 572.667 562.853 572.270 564.611
463 399.000 420.913 422.339 433.872 431.613 428.645 424.864 429.195 416.137 421.505 426.965
464 584.000 555.555 574.108 577.371 583.088 552.722 575.888 573.121 563.919 578.494 564.995
465 592.000 557.163 553.571 561.557 566.160 560.789 564.839 580.277 560.822 578.339 574.684
466 450.000 432.628 439.440 435.612 437.293 433.091 436.082 435.484 436.649 430.810 438.425
467 359.000 367.932 364.608 364.091 363.624 359.762 367.508 367.156 358.222 364.200 363.726
468 325.000 328.551 330.533 329.512 329.126 329.435 330.122 328.007 329.331 331.585 329.019
469 315.000 366.936 379.942 360.522 366.302 371.795 390.387 366.186 368.496 366.372 364.244
470 411.000 403.957 396.405 423.996 410.886 400.634 405.179 400.294 410.369 393.828 408.491
471 548.000 534.276 541.316 540.942 542.056 535.442 536.597 559.592 550.370 531.737 541.780
472 450.000 442.146 440.930 437.137 432.909 430.780 435.426 428.157 435.634 442.840 435.342
473 310.000 348.680 395.375 345.021 330.174 368.377 368.318 350.231 354.961 343.550 350.092
474 362.000 340.356 354.053 342.071 342.477 342.514 349.076 351.565 348.856 338.471 343.878
475 322.000 331.097 352.100 329.997 338.644 328.936 332.351 339.872 335.983 332.615 344.420
476 396.000 420.604 417.414 420.751 420.467 420.125 419.534 422.738 420.157 420.090 420.786
477 408.000 425.029 425.332 423.238 422.305 419.566 423.910 424.422 422.784 424.901 422.869
478 540.000 475.211 484.230 482.655 479.592 511.493 479.511 502.764 484.812 470.057 510.606
479 399.000 404.182 403.203 406.323 415.778 410.269 400.390 399.751 406.031 405.378 406.095
480 448.000 447.018 453.610 451.350 442.583 443.695 456.816 446.468 435.725 454.288 453.783
481 460.000 421.319 419.816 419.791 422.549 416.788 416.592 418.218 420.490 419.685 417.518
482 331.000 330.002 335.200 335.470 338.233 331.408 334.051 328.541 332.134 331.289 329.442
483 448.000 428.991 433.326 433.627 435.990 433.971 432.363 425.082 424.871 427.394 427.633
484 444.000 427.594 439.356 433.253 430.732 434.563 447.732 441.791 425.123 442.946 437.652
485 336.000 336.979 334.055 330.066 328.704 335.739 341.175 331.383 334.811 330.215 336.653
486 502.000 486.245 474.769 485.939 467.247 462.020 474.440 482.782 471.899 462.991 476.926
487 409.000 420.272 422.844 416.742 421.838 419.917 424.916 426.444 417.680 417.111 424.187
488 405.000 422.795 420.472 422.562 423.554 428.269 421.986 421.126 424.232 420.858 423.906
489 555.000 570.054 583.081 566.568 557.857 575.256 565.697 573.553 548.799 574.889 560.214
490 427.000 430.411 424.556 426.291 427.327 426.751 425.499 424.822 425.125 420.147 423.178
491 452.000 424.906 436.641 436.167 424.622 424.857 426.023 437.186 437.477 425.683 432.407
492 329.000 328.485 335.610 332.736 327.431 335.608 333.313 340.355 341.715 329.760 333.703
493 491.000 473.421 466.033 473.793 469.292 474.090 467.421 457.219 451.325 474.075 479.654
494 440.000 435.756 433.259 432.621 435.784 419.890 436.710 444.357 434.275 439.149 420.145
495 363.000 334.097 337.228 331.828 340.659 342.409 332.089 337.605 342.325 332.063 341.243
496 432.000 422.732 416.586 399.502 420.735 423.334 405.971 413.375 422.394 416.185 429.640
497 514.000 479.682 482.430 473.396 486.451 483.660 481.744 494.710 491.651 490.267 477.689
498 536.000 552.202 559.420 515.645 552.035 498.406 506.883 540.420 507.972 544.263 542.913
499 462.000 433.978 428.308 435.162 432.937 434.094 447.131 442.439 445.638 434.405 433.645
500 510.000 479.439 501.542 488.257 521.041 516.997 503.954 510.503 501.783 495.862 507.378
501 357.000 356.547 375.798 380.179 373.760 365.560 380.815 377.157 376.745 376.622 366.360
502 418.000 422.164 422.889 415.296 421.719 424.327 421.394 421.770 423.037 420.526 421.480
503 406.000 415.769 414.784 423.559 425.109 407.095 421.415 407.354 391.703 421.000 411.372
504 464.000 452.099 451.798 444.869 455.854 450.262 444.904 434.573 450.116 452.752 456.560
505 400.000 398.278 402.277 400.862 401.311 409.917 406.521 403.333 405.393 396.733 395.439
506 400.000 405.147 426.551 422.784 421.294 423.517 418.557 426.626 418.853 419.308 413.306
507 333.000 345.196 335.886 341.537 330.355 333.521 344.524 334.862 338.858 329.760 340.408
508 452.000 430.710 441.557 447.954 433.170 461.223 439.259 427.805 422.282 436.163 438.913
509 586.000 550.418 540.330 534.240 543.325 572.978 561.907 544.734 545.449 561.344 542.060
510 461.000 427.995 428.842 436.950 427.661 437.725 427.270 429.757 426.005 429.938 420.911
511 606.000 552.938 575.184 579.865 541.001 576.259 563.112 573.925 549.331 583.343 570.042
512 338.000 347.067 341.895 348.905 344.555 358.412 347.315 345.021 366.804 346.958 344.158
513 368.000 373.357 381.368 375.812 361.051 369.960 359.704 363.158 365.735 362.765 372.134
514 442.000 447.048 434.527 430.420 436.963 422.506 424.218 420.885 436.118 423.357 424.696
515 417.000 423.994 425.988 428.457 427.199 422.542 420.740 433.696 434.327 430.502 424.789
516 328.000 329.931 329.826 327.746 327.959 329.123 326.822 325.505 328.592 328.530 329.109
517 477.000 497.769 471.336 476.726 488.324 497.550 482.068 476.776 464.119 476.572 488.943
518 350.000 339.492 340.585 333.439 342.742 334.875 336.979 334.610 339.614 337.759 339.738
519 421.000 422.325 421.500 422.591 422.108 421.577 421.480 422.096 419.118 419.185 414.754
520 592.000 557.337 546.347 555.917 539.799 549.073 563.546 550.085 562.388 557.314 564.925
521 422.000 433.604 434.172 432.331 431.087 436.396 433.552 432.985 433.728 441.759 435.683
522 473.000 464.766 479.884 474.401 454.171 474.329 472.416 468.062 457.570 459.068 458.936
523 567.000 525.380 546.838 563.806 554.810 541.199 535.245 568.371 562.397 538.521 562.649
524 425.000 425.880 426.668 433.374 432.834 428.014 437.381 427.742 425.787 429.261 430.171
525 429.000 446.685 433.170 445.474 420.177 434.293 434.204 434.568 438.015 470.527 424.620
526 351.000 357.318 371.458 367.518 359.291 351.406 358.421 364.777 350.983 361.277 362.132
527 416.000 418.877 422.938 422.307 421.379 418.528 419.756 431.802 428.775 417.269 427.736
528 354.000 376.137 364.187 372.627 376.716 375.948 370.059 371.597 376.485 367.379 379.928
529 524.000 534.009 537.611 538.202 529.743 538.993 539.285 539.100 540.190 521.762 524.136
530 334.000 352.906 343.503 348.220 348.887 349.630 374.480 346.324 354.138 345.099 342.209
531 462.000 436.349 437.616 434.446 445.236 427.879 438.421 436.570 428.122 437.170 442.661
532 477.000 439.507 453.249 431.773 428.291 430.772 438.238 445.678 430.765 433.442 432.848
533 528.000 510.919 487.223 472.848 488.868 484.780 511.370 511.050 481.889 508.718 450.335
534 335.000 329.281 333.379 337.286 331.697 328.037 330.689 335.367 332.199 329.479 329.186
535 323.000 331.951 355.124 348.576 357.826 345.631 336.369 332.814 338.279 336.065 343.628
536 412.000 426.080 423.507 430.610 425.591 424.871 426.564 428.606 434.954 430.160 434.635
537 551.000 570.935 535.522 562.821 534.660 565.249 560.989 543.680 547.037 558.536 554.517
538 406.000 420.217 419.471 420.894 419.400 415.618 417.972 421.602 416.369 418.032 416.391
539 502.000 501.976 512.176 496.785 475.667 504.257 511.097 511.232 496.882 531.940 508.750
540 415.000 420.945 419.613 421.716 419.285 417.261 421.394 418.922 419.009 415.658 419.887
541 336.000 330.742 334.192 331.325 328.907 330.622 330.961 332.944 330.032 333.327 328.845
542 312.000 330.742 327.127 327.146 330.089 331.760 329.272 329.899 329.190 333.282 329.378
543 330.000 330.880 330.357 328.529 328.907 332.213 331.247 330.511 330.032 333.327 331.563
544 508.000 424.881 404.809 419.700 433.160 423.828 415.465 462.214 407.875 451.841 437.952
545 588.000 543.817 578.521 573.497 567.468 573.382 568.812 579.394 582.890 556.117 567.855
546 410.000 428.370 429.285 421.789 422.881 427.201 427.148 426.103 424.823 430.017 426.451
547 540.000 500.005 490.898 510.758 489.128 467.892 493.699 500.490 507.640 484.249 496.643
548 362.000 345.291 345.860 340.390 345.940 345.583 335.027 345.920 350.318 341.829 347.737
549 404.000 403.033 402.986 410.488 405.258 403.156 406.150 400.894 401.512 406.088 403.378
550 370.000 362.447 361.192 369.710 368.724 358.172 361.738 365.882 361.370 363.474 369.550
551 482.000 419.697 437.090 447.685 440.971 457.694 439.691 434.441 402.837 422.073 448.884
552 398.000 404.249 402.589 412.700 404.392 403.089 408.131 404.007 405.031 402.160 405.068
553 466.000 438.292 434.842 432.744 438.328 434.799 443.044 438.096 420.824 429.012 427.191
554 405.000 423.242 423.284 421.623 421.144 418.420 421.367 419.478 419.375 422.769 421.488
555 576.000 561.772 571.945 559.623 540.702 562.585 569.487 572.201 561.820 565.032 573.210
556 457.000 424.059 419.654 420.730 425.417 421.577 420.541 421.850 421.986 425.794 422.103
557 478.000 449.194 442.059 442.168 439.224 463.397 441.841 449.007 442.694 445.292 444.442
558 431.000 434.397 427.617 421.941 423.913 432.858 418.878 431.371 425.342 430.493 431.669
559 411.000 351.070 344.157 340.373 360.972 337.327 337.554 339.427 343.378 343.581 347.018
560 409.000 420.055 415.994 418.896 417.091 411.803 416.415 399.043 417.719 407.192 413.973
561 375.000 361.975 366.255 351.731 351.925 351.681 355.412 356.864 358.620 357.652 364.902
562 400.000 416.283 406.158 404.241 424.526 413.387 416.701 410.626 417.704 420.883 402.275
563 331.000 331.049 328.321 332.671 329.879 332.618 330.881 333.987 331.202 339.861 329.355
564 412.000 423.198 433.298 430.557 434.701 430.192 436.799 435.069 437.585 437.215 429.117
565 485.000 486.070 478.092 472.595 474.114 488.238 487.923 473.529 477.492 489.368 491.761
566 407.000 422.025 420.537 424.906 422.881 423.120 422.821 421.850 425.899 425.718 418.885
567 405.000 405.333 399.536 408.954 416.128 408.748 423.092 411.284 419.650 405.416 417.744
568 406.000 402.192 402.342 404.988 404.849 405.714 405.309 401.577 402.535 402.729 403.727
569 342.000 346.934 346.297 346.011 345.725 344.324 349.172 351.980 345.982 344.935 350.393
570 321.000 331.049 334.055 329.512 336.265 332.563 334.951 327.542 329.331 330.296 333.703
571 361.000 376.016 386.889 387.996 380.845 377.217 392.059 386.555 385.733 390.205 392.771
572 387.000 382.766 373.748 376.778 394.635 378.662 387.722 383.054 380.019 384.908 374.146
573 323.000 328.666 327.177 329.420 327.526 331.672 327.513 327.218 328.765 333.282 329.296
574 390.000 417.295 393.081 399.991 405.717 407.363 394.645 400.799 401.640 399.743 407.850
575 440.000 441.922 454.513 452.372 445.374 442.302 435.658 438.567 437.214 437.465 432.996
576 332.000 359.989 373.235 366.760 370.526 367.550 366.791 369.047 375.746 374.480 359.018
577 456.000 448.355 450.275 445.213 447.242 450.139 456.360 447.233 459.573 450.935 453.407
578 488.000 468.043 419.362 465.270 439.511 434.696 442.634 437.773 431.166 440.632 442.711
579 332.000 393.848 429.849 436.084 383.015 394.451 384.438 375.860 385.335 378.077 405.383
580 316.000 329.491 326.165 324.793 327.836 327.403 327.475 327.192 325.031 325.494 326.342
581 459.000 425.790 422.094 424.852 423.379 431.904 421.372 429.780 428.006 427.486 428.519
582 335.000 335.678 334.363 332.557 334.865 331.408 336.556 328.541 329.090 329.552 329.701
583 332.000 331.571 329.276 337.012 336.238 332.967 334.081 336.267 332.952 332.470 331.642
584 459.000 491.631 471.452 492.915 489.692 481.149 493.267 481.001 477.376 478.452 478.214
585 396.000 412.818 411.159 407.390 396.890 419.259 414.154 419.979 403.661 418.362 430.621
586 489.000 475.740 483.918 497.542 474.035 482.356 479.620 464.788 483.610 474.575 475.593
587 417.000 419.746 417.601 417.104 422.199 424.929 423.632 422.581 415.478 420.386 412.066
588 404.000 402.459 402.589 405.444 405.894 402.099 408.131 407.713 403.877 405.011 405.068
589 400.000 436.088 455.778 400.131 443.295 415.176 428.492 422.150 427.356 425.895 428.602
590 357.000 342.472 347.316 348.031 350.404 350.323 348.220 347.727 352.003 350.402 351.974
591 437.000 479.636 460.133 483.454 494.297 490.205 508.339 489.593 468.247 491.084 466.010
592 542.000 568.172 543.697 538.754 552.024 550.574 541.498 558.377 545.716 561.873 559.921
593 419.000 422.044 422.007 424.906 419.361 422.558 421.429 421.858 420.239 421.283 421.427
594 350.000 332.631 338.430 338.059 347.576 333.808 333.126 332.431 342.630 333.420 331.157
595 424.000 423.972 423.005 418.357 425.358 431.414 427.502 430.621 422.332 438.306 433.271
596 443.000 423.942 421.686 410.408 429.402 423.864 426.780 417.548 407.479 407.391 410.248
597 439.000 441.956 439.905 423.262 427.656 434.790 427.895 431.951 414.247 429.130 427.012
598 324.000 329.984 329.023 328.288 329.299 330.347 328.136 328.524 328.359 325.300 328.418
599 311.000 337.590 333.656 338.684 347.463 335.728 341.549 345.550 345.774 333.942 338.883
600 331.000 331.993 334.192 335.470 330.378 330.203 334.346 330.511 332.363 332.602 335.561
601 428.000 411.481 411.682 402.185 403.172 411.634 408.569 408.040 399.131 408.606 398.931
602 400.000 422.075 430.134 420.166 418.971 423.142 419.469 423.010 423.378 423.503 419.324
603 309.000 326.080 327.792 330.348 328.611 331.967 328.736 327.351 325.828 330.454 328.916
604 375.000 359.140 359.888 362.473 364.354 383.008 359.314 364.312 374.250 358.138 371.594
605 450.000 426.550 419.161 424.424 430.557 421.068 424.547 425.655 421.006 425.143 425.434
606 388.000 407.154 409.441 414.365 412.004 395.459 406.415 401.695 427.385 419.782 411.758
607 323.000 358.791 349.031 344.610 345.144 336.196 350.805 347.460 332.080 346.161 354.867
608 448.000 428.616 434.861 426.358 430.674 426.190 426.638 428.975 423.438 436.413 432.056
609 372.000 370.032 375.330 379.987 372.792 369.268 377.056 369.921 370.077 372.765 377.970
610 328.000 331.594 333.023 329.593 338.233 330.996 330.791 329.285 332.498 330.441 330.861
611 460.000 459.794 453.917 447.595 457.634 461.163 446.234 457.594 455.047 447.617 463.382
612 504.000 504.224 475.358 488.945 485.563 493.526 488.757 464.362 497.982 485.170 451.542
613 433.000 457.575 443.044 448.302 451.050 447.046 448.591 447.180 437.129 457.821 446.897
614 564.000 565.594 567.153 567.633 576.435 575.735 571.313 557.855 561.359 573.858 578.057
615 439.000 367.340 382.190 351.057 359.831 372.639 366.982 343.471 373.712 355.358 374.595
616 440.000 416.761 424.558 413.453 397.527 409.190 408.464 410.429 416.203 422.736 427.845
617 484.000 476.514 473.975 483.432 474.064 480.327 485.197 482.061 476.964 477.802 480.481
618 396.000 405.412 396.213 399.774 394.176 405.143 403.153 403.165 400.445 404.340 387.621
619 435.000 412.830 420.884 430.362 425.363 416.219 425.474 421.463 416.988 418.939 427.862
620 397.000 441.036 429.671 427.823 438.215 438.939 432.474 432.670 429.095 450.422 429.918
621 420.000 429.058 425.496 424.625 423.256 427.219 420.740 422.215 429.686 429.770 430.881
622 408.000 422.030 418.699 413.341 424.264 416.081 417.300 411.711 425.366 408.692 419.571
623 437.000 444.074 439.984 435.949 445.516 434.468 434.680 438.786 437.764 445.894 440.458
624 406.000 400.303 388.318 412.447 407.365 398.323 400.433 410.043 412.565 412.183 407.060
625 393.000 369.641 369.415 375.538 366.884 384.974 362.130 366.242 372.718 377.013 392.581
626 452.000 454.226 451.303 460.201 455.242 445.668 458.247 457.238 442.907 440.216 446.307
627 466.000 422.295 450.621 463.161 433.593 418.307 437.721 452.408 451.269 441.973 438.636
628 410.000 413.292 431.985 411.605 404.426 426.363 413.775 438.635 415.219 412.833 425.204
629 447.000 428.788 429.628 436.259 433.480 427.885 435.056 430.285 426.850 437.001 429.243
630 487.000 438.347 430.397 437.935 432.771 431.041 435.601 445.234 437.075 458.083 425.993
631 420.000 421.765 418.952 411.498 434.133 422.943 408.101 435.643 429.857 428.017 431.696
632 565.000 561.987 567.808 543.671 565.696 559.200 559.763 562.276 558.081 554.632 571.767
633 309.000 330.974 327.802 327.242 325.877 327.082 326.287 330.479 325.827 326.511 327.891
634 437.000 474.068 458.278 485.271 469.821 456.212 462.801 455.839 471.468 474.636 452.170
635 481.000 468.384 472.103 467.127 467.103 471.927 465.764 481.609 474.589 471.776 470.297
636 390.000 404.318 394.852 393.342 404.072 400.480 399.702 391.493 398.728 404.415 395.479
637 329.000 331.594 329.583 327.684 336.265 329.435 334.051 330.479 331.232 331.454 333.703
638 349.000 357.796 352.924 353.582 364.944 349.978 358.701 355.288 360.092 356.316 360.216
639 336.000 331.993 332.201 331.702 331.051 331.919 331.247 330.835 329.541 328.345 329.922
640 550.000 488.527 519.394 462.540 492.581 454.006 506.339 493.576 526.076 489.420 494.367
641 315.000 328.531 328.321 326.539 328.722 330.054 328.679 331.662 330.602 326.959 327.890
642 420.000 425.278 421.517 424.318 421.012 432.862 424.696 423.160 433.115 420.929 430.586
643 466.000 453.368 451.778 449.614 439.506 458.506 441.110 440.011 448.006 449.694 449.211
644 315.000 332.057 330.884 333.122 335.093 329.275 336.127 328.019 329.906 330.966 336.781
645 345.000 340.926 336.001 335.005 332.491 340.386 335.810 333.125 335.693 339.299 335.259
646 451.000 436.361 456.081 476.005 479.881 448.245 432.622 451.852 463.658 445.295 432.672
647 337.000 356.459 372.409 366.738 348.501 351.764 375.095 353.337 343.351 359.708 371.436
648 439.000 427.880 418.780 426.327 423.402 425.697 426.105 432.842 426.735 425.450 428.357
649 330.000 325.919 329.276 331.088 327.959 325.415 330.518 332.166 329.986 326.782 328.264
650 538.000 525.508 527.244 525.847 530.948 534.999 536.853 542.403 542.127 539.317 534.356
651 326.000 383.248 385.858 383.761 370.625 401.539 397.095 399.804 396.633 405.591 379.107
652 392.000 414.946 413.180 419.595 411.406 401.657 425.589 437.209 414.826 402.709 414.321
653 366.000 365.960 368.277 360.465 364.120 367.302 357.941 368.021 355.462 352.749 345.843
654 318.000 345.358 331.152 336.712 334.398 346.709 342.170 351.293 373.741 355.705 349.411
655 561.000 506.130 505.304 491.603 467.281 504.499 482.294 507.396 487.338 510.709 475.626
656 436.000 455.271 449.808 462.918 445.506 438.602 446.848 452.009 450.826 456.588 448.820
657 463.000 455.736 451.270 461.613 461.526 465.220 463.184 456.508 466.346 465.634 451.276
658 348.000 362.400 367.932 362.140 368.031 361.509 363.455 360.317 359.712 366.085 360.235
659 313.000 332.853 334.055 331.668 330.174 330.894 330.881 330.479 344.191 329.760 328.845
660 451.000 449.653 421.819 443.408 437.999 447.343 438.891 447.870 422.446 448.298 450.380
661 384.000 367.223 374.727 370.991 373.592 364.897 375.503 376.101 369.573 371.442 369.433
662 459.000 425.813 409.223 433.455 414.852 432.057 438.802 424.300 439.819 426.464 426.442
663 421.000 401.439 383.816 410.813 409.918 386.037 396.693 407.143 395.382 400.977 400.238
664 481.000 451.333 451.159 450.140 458.573 457.921 442.951 450.045 447.841 441.092 440.946
665 320.000 332.853 329.583 331.668 328.289 329.063 334.951 329.285 330.255 335.417 330.106
666 310.000 378.723 357.679 327.699 338.195 354.289 355.664 354.509 326.765 343.846 351.773
667 402.000 418.310 417.518 413.393 421.889 417.715 426.317 418.227 418.856 418.091 420.108
668 530.000 401.712 374.650 402.338 402.388 389.554 412.157 411.562 394.789 403.673 403.575
669 583.000 508.926 518.674 515.290 509.099 503.556 503.404 527.084 519.368 497.240 520.647
670 421.000 425.158 428.151 427.260 422.877 429.508 422.013 424.624 431.830 420.345 424.596
671 415.000 422.209 419.477 419.014 420.277 421.201 427.822 427.010 421.749 426.480 415.946
672 387.000 406.723 402.328 392.985 413.410 397.690 400.218 404.070 404.769 409.011 400.608
673 584.000 546.958 573.095 546.493 546.375 533.572 561.938 559.902 539.892 547.771 551.062
674 307.000 327.499 328.532 327.944 331.569 324.370 331.544 326.972 331.834 327.160 327.349
675 424.000 419.345 420.537 422.238 418.277 419.793 421.099 421.271 419.106 422.849 418.885
676 449.000 442.014 441.679 441.768 443.031 435.836 430.553 433.621 442.120 431.534 444.014
677 610.000 478.107 470.483 498.617 445.832 471.671 488.044 458.161 457.286 456.020 470.840
678 505.000 487.378 493.378 500.249 485.421 494.622 491.919 495.321 478.851 484.975 495.080
679 408.000 401.171 403.418 402.379 403.097 403.749 403.564 402.570 404.137 404.078 402.834
680 377.000 400.805 387.124 364.726 380.501 387.530 406.939 403.377 358.352 393.128 397.757
681 502.000 476.387 478.658 457.708 470.532 490.636 467.701 474.794 465.525 470.541 470.862
682 319.000 363.706 368.053 385.112 427.171 343.219 366.635 386.170 359.950 355.173 371.370
683 394.000 403.266 397.460 401.386 412.885 402.131 400.689 400.168 402.799 402.821 405.008
684 290.000 326.978 333.023 327.418 329.196 331.967 328.736 330.987 328.392 326.462 327.891
685 407.000 424.486 419.654 419.791 422.178 420.086 423.992 423.865 421.476 422.880 421.189
686 444.000 430.120 429.917 433.253 424.674 435.783 433.221 438.308 425.123 427.422 428.777
687 322.000 332.057 330.953 333.804 337.063 335.608 333.992 333.157 343.252 341.543 330.106
688 331.000 401.085 371.316 363.931 351.681 362.379 399.123 383.650 369.842 349.398 355.665
689 402.000 410.306 418.327 418.553 423.584 405.331 398.172 396.761 405.332 413.400 400.374
690 320.000 331.594 334.055 327.684 338.233 329.305 334.951 331.944 334.109 335.417 330.842
691 386.000 363.697 359.888 353.311 356.026 354.188 371.171 365.813 364.579 360.011 374.650
692 364.000 405.723 406.871 412.836 408.667 415.341 407.855 414.044 415.264 413.822 415.769
693 328.000 330.756 331.375 330.460 329.016 332.118 333.408 329.340 330.040 329.695 327.571
694 312.000 335.460 337.850 342.437 333.820 339.027 340.944 343.012 338.381 338.765 343.606
695 378.000 359.821 364.599 364.267 360.196 365.275 368.036 362.978 354.294 354.307 366.202
696 331.000 335.265 337.979 337.584 331.754 340.971 334.752 332.864 331.578 337.116 333.001
697 330.000 333.358 350.100 339.682 338.816 338.508 336.238 336.918 342.707 340.273 338.138
698 451.000 436.362 437.740 431.478 445.980 437.094 435.567 434.302 433.368 442.336 442.044
699 313.000 389.225 394.197 409.079 417.278 430.112 375.517 400.097 391.379 410.321 397.524
700 408.000 422.427 416.720 420.743 416.108 419.592 420.255 421.964 424.569 415.503 421.402
701 440.000 425.728 430.237 427.591 431.442 429.192 429.125 430.476 426.027 422.659 428.365
702 375.000 375.128 377.063 392.177 377.522 378.781 365.713 383.416 386.726 378.276 383.421
703 462.000 447.974 444.800 455.508 453.336 450.563 446.384 451.065 463.876 461.316 457.368
704 450.000 417.599 424.748 423.041 427.661 429.470 422.739 417.141 417.531 428.545 427.945
705 417.000 410.144 413.637 420.979 422.026 418.465 416.875 418.001 413.891 418.242 418.555
706 452.000 435.582 433.737 441.807 441.044 429.203 432.643 430.261 443.042 443.076 440.731
707 526.000 527.834 539.444 528.441 542.945 533.658 532.137 549.761 532.334 547.777 535.405
708 460.000 432.574 438.138 436.222 424.193 417.620 429.750 425.896 432.177 426.330 437.162
709 428.000 429.525 427.186 425.616 428.214 428.565 424.421 425.624 422.745 421.308 427.113
710 310.000 405.344 366.174 385.675 416.106 377.504 440.451 381.922 426.836 411.265 422.323
711 412.000 430.177 411.502 423.301 426.936 415.731 418.283 423.124 420.305 422.724 428.469
712 320.000 343.706 346.340 353.005 348.845 351.572 344.117 338.919 338.801 347.767 337.754
713 468.000 472.574 458.044 463.876 471.335 487.137 472.381 476.908 473.849 474.081 469.029
714 316.000 402.178 383.906 397.437 409.635 400.318 399.639 407.881 410.738 392.894 409.130
715 602.000 588.980 573.575 571.202 577.607 581.098 576.318 594.518 576.808 572.108 567.104
716 328.000 406.529 394.764 403.800 381.219 392.412 400.059 388.337 388.045 387.272 384.334
717 579.000 512.791 523.849 486.965 533.054 535.460 540.346 522.261 518.441 530.446 527.390
718 354.000 347.381 349.756 361.698 352.416 348.733 346.428 343.502 346.919 350.402 347.037
