data_index logt12.observed logt12.predicted.repeat1 logt12.predicted.repeat2 logt12.predicted.repeat3 logt12.predicted.repeat4 logt12.predicted.repeat5 logt12.predicted.repeat6 logt12.predicted.repeat7 logt12.predicted.repeat8 logt12.predicted.repeat9 logt12.predicted.repeat10
1 4.702 4.196 3.693 3.979 3.914 4.234 3.928 4.011 4.161 4.142 4.017
2 4.724 5.329 5.430 5.320 5.732 5.488 5.267 5.517 5.348 5.258 5.458
3 3.525 3.760 3.775 3.770 4.229 4.234 3.809 3.996 3.688 3.749 3.598
4 5.414 2.863 3.516 3.195 3.773 4.349 4.203 2.667 3.413 3.389 3.467
5 4.632 6.372 6.511 6.570 6.213 6.144 6.348 6.198 6.638 6.473 6.311
6 4.475 4.116 4.273 4.169 4.483 4.470 4.267 4.109 4.319 4.136 4.025
7 0.088 3.925 3.714 3.179 3.468 3.352 3.553 3.493 3.703 3.777 3.662
8 2.475 3.161 2.993 3.210 3.228 2.953 3.038 3.148 3.011 3.408 3.039
9 4.763 4.858 5.011 5.066 5.204 4.974 5.171 4.983 3.897 5.087 3.508
10 4.721 4.026 4.248 4.293 4.225 4.428 4.237 4.288 4.220 4.047 4.177
11 5.635 5.171 5.227 4.955 5.108 4.730 4.923 5.029 5.173 4.925 5.172
12 0.776 -0.645 -0.407 -0.621 -0.898 -0.864 -0.757 -0.790 -0.532 0.107 -0.318
13 3.984 3.219 3.426 3.361 3.432 2.983 3.565 3.194 3.417 3.121 3.457
14 0.255 4.076 3.599 3.028 3.353 3.015 2.935 2.917 2.536 3.483 4.402
15 5.016 4.096 4.174 4.088 4.091 4.077 4.088 4.082 3.455 4.098 3.098
16 5.083 5.464 5.467 5.532 5.435 5.586 5.401 5.538 5.634 5.536 5.144
17 4.758 5.503 5.260 5.321 5.420 5.106 5.302 5.375 5.218 5.063 5.491
18 4.565 3.375 3.256 3.512 3.692 4.119 3.543 3.238 3.557 3.546 3.416
19 5.846 3.938 3.755 4.727 3.959 4.424 4.184 4.888 4.639 4.017 4.120
20 5.048 4.232 4.274 4.324 4.313 4.033 4.353 4.759 4.534 4.148 4.403
21 5.336 4.728 4.337 4.646 4.286 5.234 4.684 4.615 4.381 4.508 4.469
22 4.782 4.002 3.895 3.803 3.575 3.616 3.661 3.708 4.549 3.878 4.206
23 6.101 5.864 6.019 5.566 5.798 5.864 5.830 5.792 5.528 5.823 5.892
24 4.999 6.819 6.792 6.376 6.826 6.750 6.831 6.529 6.705 6.643 5.818
25 0.325 2.901 3.338 2.594 3.149 2.415 3.303 3.011 2.987 2.687 2.791
26 5.580 5.898 5.525 5.889 5.792 5.587 5.878 5.589 5.949 5.710 6.157
27 4.196 2.801 2.683 3.086 3.146 3.124 2.898 2.914 2.896 2.895 2.815
28 3.147 3.916 4.098 3.656 3.798 3.821 3.731 3.806 3.685 3.540 3.321
29 4.459 4.412 4.403 4.430 3.925 4.408 4.418 4.190 4.223 4.427 3.791
30 4.712 4.760 4.295 4.331 3.785 4.280 4.260 4.276 4.440 4.452 3.934
31 4.228 5.253 5.057 4.599 4.596 4.820 4.950 4.834 5.046 4.939 5.135
32 4.459 4.321 4.116 4.532 4.384 4.735 4.332 4.456 4.119 4.113 4.542
33 5.033 4.918 5.415 5.146 4.701 5.318 4.814 5.139 4.989 5.326 5.024
34 5.520 5.024 4.973 4.998 4.652 4.437 4.922 4.895 4.762 5.057 4.533
35 5.093 3.259 2.747 3.191 3.243 2.924 3.043 3.186 3.186 3.281 3.204
36 1.105 2.991 3.313 2.871 2.884 3.067 3.059 3.000 3.197 2.961 3.135
37 2.824 3.513 3.746 3.190 2.616 3.886 2.238 3.399 3.163 3.731 3.814
38 4.673 4.963 4.712 5.051 4.842 5.006 4.928 4.857 4.818 4.880 4.842
39 1.358 3.191 3.297 2.149 1.957 2.325 2.336 2.161 2.065 2.015 2.624
40 4.635 3.196 2.797 3.456 3.442 3.400 3.400 3.614 2.785 3.265 3.296
41 1.857 3.248 3.196 3.250 3.241 3.234 3.152 2.872 3.359 2.904 3.223
42 4.779 5.055 5.165 4.867 5.463 5.078 5.024 4.841 4.891 5.104 5.129
43 4.605 4.753 4.742 4.660 4.767 4.699 4.513 4.739 4.699 4.484 4.705
44 3.598 5.129 5.137 5.353 5.085 5.265 5.248 4.945 5.001 5.170 4.982
45 6.092 5.868 5.568 5.918 5.774 5.898 5.659 5.810 5.917 5.841 5.692
46 5.806 5.126 5.228 5.366 5.363 5.330 5.086 5.381 5.127 5.275 5.208
47 6.190 6.510 5.478 6.372 6.549 6.455 6.413 6.227 5.649 6.502 5.976
48 4.878 4.979 4.976 4.993 4.811 5.027 4.847 5.007 4.973 5.104 4.720
49 9.159 7.691 7.842 7.687 7.645 5.600 7.512 7.607 7.911 6.317 7.581
50 2.542 3.682 3.299 3.655 3.324 3.584 3.627 3.181 3.558 3.351 3.656
51 4.146 3.378 3.618 3.099 3.532 3.157 3.747 3.606 3.662 3.163 3.412
52 2.857 3.653 3.750 3.450 3.516 3.953 3.425 3.474 3.266 3.536 3.462
53 4.598 4.957 4.812 5.207 5.031 5.010 5.180 5.062 5.467 5.461 4.731
54 4.732 4.389 5.063 4.434 4.584 4.895 4.424 4.520 4.513 4.516 4.586
55 3.835 4.345 4.313 4.440 3.558 4.614 4.355 4.615 4.085 4.313 4.665
56 6.946 5.450 5.624 5.525 5.775 5.492 5.183 5.313 5.442 5.504 5.784
57 2.208 2.747 2.488 2.629 2.990 3.187 2.759 2.254 2.681 2.767 2.617
58 4.741 4.827 4.760 5.203 4.986 5.026 4.961 4.942 5.028 4.919 4.960
59 4.951 4.435 4.541 4.431 4.532 4.603 4.511 4.600 4.665 4.494 4.537
60 2.235 2.432 2.611 2.743 3.045 2.668 2.736 2.854 2.892 2.814 2.703
61 4.858 5.868 5.847 6.001 5.927 5.740 5.836 5.715 5.804 5.722 5.652
62 4.857 4.285 4.455 4.070 4.392 4.303 4.263 4.389 4.170 4.423 4.289
63 6.982 6.104 6.658 5.734 5.775 5.829 5.572 5.787 5.828 6.053 6.344
64 6.083 5.142 6.045 5.455 4.867 5.151 6.453 5.421 5.705 5.864 6.300
65 4.561 4.576 4.227 4.296 4.853 4.965 4.479 4.405 4.456 4.311 4.304
66 3.561 3.148 3.009 3.205 3.260 3.139 3.152 3.397 3.084 3.065 3.109
67 4.635 6.509 6.853 6.417 6.502 6.311 5.990 6.471 5.989 6.278 6.418
68 2.954 5.201 5.278 4.959 4.996 4.716 5.099 5.140 4.876 5.129 4.801
69 5.617 5.987 6.278 5.776 6.137 6.030 5.523 6.031 6.118 6.015 5.896
70 5.505 4.811 4.597 4.495 4.798 4.716 4.814 4.691 4.762 4.720 4.486
71 7.960 7.694 7.670 7.900 7.656 5.789 7.599 7.682 7.708 6.027 7.737
72 4.028 4.764 4.613 5.039 5.176 4.869 4.844 4.652 4.605 4.826 4.878
73 4.511 3.965 4.240 4.145 4.090 4.293 4.144 4.262 3.924 4.156 4.175
74 6.519 5.907 5.890 6.132 6.270 6.532 6.210 6.264 5.748 6.630 5.504
75 6.261 5.263 5.589 5.041 5.572 5.623 5.434 5.412 5.179 5.548 5.770
76 4.365 2.805 2.970 3.002 3.142 3.148 3.454 3.126 2.963 3.063 3.153
77 2.760 4.034 4.135 3.772 3.732 3.945 4.039 3.915 3.876 4.038 3.879
78 4.104 3.853 3.931 3.560 3.931 3.941 4.247 4.049 3.975 3.484 3.916
79 4.359 4.100 3.995 3.860 3.953 4.267 4.180 4.234 4.297 4.146 4.305
80 2.679 3.091 3.350 2.996 2.867 2.658 2.934 3.101 3.335 2.541 3.338
81 2.631 4.113 3.868 3.929 4.049 3.724 3.601 4.045 4.042 3.920 4.119
82 1.182 4.041 3.156 3.541 3.735 4.126 3.592 4.016 3.771 3.692 3.812
83 5.177 5.493 5.920 4.943 4.909 5.738 4.541 5.846 5.588 5.572 5.796
84 4.515 1.869 3.873 3.048 1.910 2.144 2.276 1.933 2.397 2.524 2.599
85 1.196 2.221 2.459 1.553 1.352 1.268 1.486 1.565 1.862 1.223 1.604
86 5.064 2.529 2.625 2.785 2.884 2.720 2.817 2.471 2.864 2.468 2.505
87 4.861 2.873 2.604 2.820 3.090 2.884 2.852 2.769 2.682 2.542 2.799
88 5.190 3.674 3.027 2.947 2.905 3.014 3.176 2.924 3.107 2.882 2.929
89 3.787 3.576 3.129 2.991 3.037 3.141 3.341 3.125 3.858 3.065 3.371
90 0.255 3.191 3.375 3.134 3.266 3.407 3.400 3.237 3.438 3.976 3.538
91 2.954 3.888 4.574 4.288 3.634 4.326 4.132 4.477 4.380 4.807 4.612
92 2.682 1.548 1.423 2.350 1.717 1.363 1.694 1.367 1.365 1.519 1.679
93 1.033 2.761 3.247 3.048 3.232 3.009 2.851 3.347 2.994 2.936 3.466
94 6.167 5.281 5.039 5.100 5.159 5.140 5.364 5.203 4.746 5.098 4.600
95 3.250 4.429 4.153 4.418 4.472 4.324 4.326 3.993 4.511 4.287 4.609
96 4.804 4.088 3.923 4.531 4.102 4.469 4.142 4.370 4.471 4.252 4.397
97 4.183 2.423 2.100 2.476 2.496 2.164 2.495 2.314 2.255 2.394 2.354
98 2.001 2.437 2.651 2.529 2.325 2.404 2.805 2.401 2.282 2.332 2.311
99 4.529 4.454 4.476 4.442 4.402 4.075 4.375 4.418 4.323 4.853 3.407
100 6.056 6.164 5.879 6.055 5.214 6.070 6.034 5.934 6.291 6.014 6.036
101 5.700 7.159 7.567 7.440 7.521 7.681 7.588 7.586 7.220 7.504 7.423
102 5.937 6.068 5.833 5.942 5.771 5.648 5.626 5.249 5.572 5.808 5.488
103 4.954 5.710 5.532 5.399 5.704 5.730 5.751 5.734 5.449 5.721 5.529
104 4.008 2.862 4.051 3.554 3.595 3.078 2.958 3.170 2.941 2.885 3.075
105 6.799 5.129 5.125 5.023 5.547 5.384 5.261 5.266 4.725 5.261 5.319
106 5.317 5.577 4.999 5.182 5.355 5.268 5.083 5.483 5.651 5.029 4.957
107 5.556 5.876 6.174 5.588 5.359 5.512 5.880 5.518 5.644 5.682 5.663
108 7.898 6.008 6.134 6.157 5.857 5.932 5.466 6.119 5.791 6.214 5.978
109 5.749 5.804 5.614 5.884 5.792 5.715 5.948 5.940 5.903 5.702 6.182
110 5.978 4.717 4.534 5.315 4.682 4.742 5.218 4.566 5.118 5.294 4.786
111 4.883 4.494 4.442 4.651 4.383 4.662 4.406 4.523 4.439 4.530 4.380
112 3.404 4.292 4.376 3.934 4.435 4.333 4.399 4.602 4.530 4.436 4.379
113 4.405 4.316 4.634 4.355 4.400 4.354 4.252 4.245 4.399 4.450 4.342
114 4.401 5.164 4.732 4.988 4.897 4.706 4.775 4.610 4.577 4.989 4.701
115 4.414 3.408 3.357 2.397 3.297 3.320 3.438 2.678 3.232 2.972 3.396
116 4.297 4.542 4.746 3.857 4.768 5.051 4.776 4.805 4.950 4.850 5.079
117 4.113 3.634 3.778 2.499 3.583 3.909 3.522 2.709 3.592 3.083 3.258
118 4.376 3.804 3.438 3.837 3.691 3.789 3.721 3.659 4.050 3.767 3.404
119 1.653 4.154 4.125 4.198 4.194 4.141 4.204 4.193 4.063 4.187 4.150
