data_index lambdaa.observed lambdaa.predicted.repeat1 lambdaa.predicted.repeat2 lambdaa.predicted.repeat3 lambdaa.predicted.repeat4 lambdaa.predicted.repeat5 lambdaa.predicted.repeat6 lambdaa.predicted.repeat7 lambdaa.predicted.repeat8 lambdaa.predicted.repeat9 lambdaa.predicted.repeat10
1 342.000 331.926 334.591 326.970 328.482 323.827 330.249 331.949 329.660 330.618 323.708
2 336.000 335.624 354.419 341.055 338.857 344.514 336.387 338.586 350.970 344.218 340.907
3 434.000 413.231 433.915 425.251 426.773 426.677 406.373 426.012 421.660 425.639 425.680
4 320.000 328.099 328.099 328.100 328.099 328.099 328.099 328.099 328.099 328.117 328.099
5 317.000 338.539 337.530 338.413 339.596 341.055 336.707 335.924 338.630 338.523 338.910
6 432.000 438.881 442.197 442.069 435.570 441.193 444.115 443.174 442.758 440.686 439.665
7 419.000 425.369 423.889 423.481 425.655 426.090 424.637 424.692 419.829 425.678 425.064
8 554.000 552.405 553.536 558.177 550.869 526.306 547.080 553.438 554.230 533.761 550.760
9 438.000 428.450 442.138 448.746 441.039 450.868 442.272 415.388 439.954 448.639 450.210
10 315.000 315.100 315.100 315.100 315.100 315.100 315.100 314.900 315.100 315.100 315.100
11 325.000 358.853 323.322 327.119 335.648 331.530 341.479 337.017 322.608 337.762 342.308
12 492.000 456.653 453.118 457.244 438.964 412.366 442.014 418.718 456.902 458.877 457.174
13 370.000 356.792 367.081 366.625 367.127 364.338 353.802 365.428 365.588 368.754 368.450
14 424.000 423.083 423.301 423.127 423.503 422.312 422.602 421.838 422.800 423.185 422.697
15 400.000 396.165 394.282 399.273 395.100 395.187 396.699 396.131 396.717 396.514 396.375
16 406.000 404.483 404.134 403.423 404.104 405.737 404.240 403.875 405.130 405.023 405.340
17 429.000 419.676 416.233 395.159 419.103 425.550 421.649 401.467 428.354 419.525 418.967
18 450.000 422.269 415.834 422.472 431.248 423.194 426.338 420.237 428.938 421.056 420.515
19 342.000 336.718 338.051 340.299 347.492 342.353 340.909 342.663 340.361 340.391 335.572
20 302.000 309.100 309.100 308.900 309.100 309.100 309.100 309.100 309.100 308.900 308.900
21 437.000 430.726 435.043 429.005 418.591 422.022 425.886 431.115 424.149 432.849 431.027
22 407.000 414.154 414.074 415.754 416.084 415.800 415.033 414.227 414.771 415.577 411.990
23 384.000 382.152 383.839 380.522 384.839 384.877 382.357 383.594 381.003 381.193 382.178
24 371.000 370.899 370.899 370.899 371.099 370.899 371.899 370.899 371.099 371.099 371.100
25 417.000 324.235 327.332 324.120 325.539 327.688 325.244 329.541 331.954 325.426 326.713
26 425.000 418.409 432.034 417.908 418.438 418.262 429.825 428.001 432.284 429.683 415.059
27 350.000 330.100 330.101 330.100 330.100 344.483 330.100 330.100 330.100 330.100 330.100
28 444.000 415.949 410.077 410.746 417.381 409.728 410.863 410.452 411.406 410.229 409.001
29 379.000 381.728 383.627 384.272 390.065 371.914 376.494 376.758 457.709 384.204 400.809
30 400.000 413.968 414.569 415.774 414.815 414.548 415.033 415.955 418.122 417.630 415.477
31 378.000 398.844 395.414 398.313 410.576 399.303 404.480 399.240 481.066 393.823 408.178
32 364.000 358.900 358.900 357.184 358.899 357.304 356.236 357.029 358.837 351.008 359.099
33 360.000 355.395 357.623 354.807 357.141 354.247 354.676 355.890 356.419 355.423 357.170
34 382.000 388.795 392.042 386.110 388.215 384.937 386.561 389.847 389.137 388.502 395.045
35 527.000 466.419 474.425 473.759 468.833 484.753 466.456 429.756 481.278 470.559 473.456
36 408.000 406.100 405.900 406.100 405.900 406.100 405.901 405.900 406.158 406.100 405.900
37 421.000 363.229 361.358 366.894 366.896 368.335 367.146 352.720 370.429 370.775 366.105
38 346.000 324.368 326.580 320.829 323.683 333.578 319.294 319.879 320.757 323.674 323.989
39 478.000 534.979 535.837 540.611 542.752 543.608 502.767 538.372 543.461 531.997 542.848
40 420.000 428.681 426.829 426.779 426.601 429.841 425.071 427.933 425.560 429.578 426.506
41 430.000 438.292 436.048 435.927 441.131 437.459 440.467 442.911 442.196 442.649 443.473
42 623.000 587.293 571.448 569.704 565.299 563.807 569.681 534.150 568.143 572.787 563.867
43 457.000 456.862 458.216 458.435 456.174 459.261 450.419 457.965 455.457 451.968 459.154
44 424.000 415.891 420.184 419.689 421.744 419.401 418.512 421.769 421.048 420.551 420.788
45 456.000 457.322 458.366 461.256 462.040 459.157 459.045 462.873 468.080 467.872 462.938
46 411.000 402.182 403.367 400.708 403.381 404.352 404.336 402.855 404.123 405.181 401.935
47 413.000 453.885 456.086 446.565 454.642 454.505 457.614 455.802 458.988 455.884 456.497
48 332.000 363.366 312.134 331.684 322.759 321.924 316.251 324.993 375.147 358.398 327.184
49 489.000 475.292 480.368 477.923 477.732 476.262 480.634 476.217 473.435 476.254 478.442
50 425.000 415.071 417.924 397.587 415.939 418.483 418.877 417.605 411.242 419.937 416.893
51 359.000 376.428 377.797 369.031 377.565 374.512 369.526 368.516 375.349 376.543 369.813
52 418.000 419.900 418.994 415.598 419.900 419.900 419.379 417.466 419.900 419.013 416.586
53 325.000 322.334 319.976 319.648 318.307 321.010 322.140 318.099 318.436 322.899 320.454
54 447.000 443.005 446.131 447.405 445.877 444.197 445.678 447.207 445.133 446.294 445.440
55 464.000 469.323 467.089 466.348 467.947 471.748 470.169 467.809 475.473 469.878 470.750
56 431.000 430.791 423.891 430.584 430.728 423.631 430.656 429.952 430.443 430.609 428.510
57 332.000 324.660 330.752 330.421 331.513 327.013 330.256 334.879 329.212 331.945 331.534
58 329.000 341.319 339.142 341.871 333.641 325.975 333.012 335.084 333.853 330.831 344.320
59 315.000 341.272 330.089 338.115 343.999 344.466 343.251 344.916 346.408 343.691 341.321
60 396.000 425.090 429.152 425.345 417.093 411.184 412.557 411.395 412.335 410.071 409.872
61 390.000 387.099 386.900 387.100 387.100 387.100 387.100 387.100 386.900 387.100 386.900
62 423.000 463.784 465.925 464.181 461.707 464.816 465.364 462.716 462.417 462.413 464.375
63 430.000 463.793 464.274 468.684 458.464 463.233 462.303 466.037 470.119 465.356 453.514
64 429.000 428.888 422.152 428.301 428.500 421.597 427.944 427.870 428.198 428.175 428.179
65 467.000 472.072 468.994 467.759 464.602 467.019 466.871 467.113 464.537 468.765 466.136
66 602.000 572.575 570.278 568.914 567.635 570.838 576.941 567.483 569.860 570.337 568.191
67 461.000 478.266 464.515 497.278 487.944 493.996 468.712 489.097 495.300 492.966 492.377
68 342.000 358.328 354.715 356.290 354.236 357.653 356.065 355.432 358.140 355.279 355.223
69 545.000 517.221 506.338 513.307 510.250 511.662 523.418 510.414 512.495 425.430 516.672
70 415.000 414.769 414.890 415.183 415.984 415.611 415.360 415.909 416.132 414.183 415.730
71 365.000 369.323 372.967 361.193 370.224 370.683 366.599 367.575 356.802 365.876 395.928
72 429.000 420.763 423.169 423.003 422.237 422.661 421.822 425.670 415.772 417.269 423.492
73 336.000 335.807 334.495 333.932 335.559 335.633 336.900 336.899 336.777 336.819 331.537
74 302.000 307.775 304.756 304.451 306.677 300.552 303.776 303.097 302.454 297.712 301.647
75 426.000 443.900 443.900 443.900 443.900 444.100 443.900 443.900 443.900 444.100 443.900
76 364.000 376.183 375.302 374.496 374.014 381.744 381.139 368.575 371.345 379.624 372.971
77 451.000 431.715 428.362 427.577 429.953 427.226 429.018 429.420 425.867 428.905 426.133
78 573.000 564.364 559.475 577.838 562.004 563.226 557.497 563.352 561.361 559.503 562.705
79 447.000 446.899 446.899 446.899 446.899 446.899 446.899 444.842 444.756 446.899 446.249
80 322.000 359.650 360.405 361.237 361.257 362.304 354.769 359.410 359.603 360.783 356.818
81 586.000 577.356 584.284 581.700 581.982 578.014 579.416 581.036 577.371 586.311 580.731
82 459.000 459.997 460.269 460.626 463.400 441.725 459.975 458.765 451.122 459.607 465.807
83 405.000 401.436 399.458 402.494 396.215 395.866 408.061 399.471 398.562 399.925 402.820
84 434.000 429.176 429.632 430.139 430.299 431.056 430.636 427.980 428.994 430.987 428.692
85 441.000 439.687 439.889 442.064 439.520 439.968 437.022 446.777 440.491 438.822 439.873
86 403.000 402.135 402.087 402.308 400.905 401.370 402.919 402.760 401.941 402.819 402.784
87 450.000 430.949 436.039 429.892 431.102 433.182 429.256 432.223 424.336 432.460 429.617
88 372.000 347.589 347.721 348.753 347.331 351.295 356.764 351.027 353.931 359.711 355.197
89 400.000 455.707 468.412 459.706 456.650 465.406 450.237 468.442 463.714 468.739 457.166
90 545.000 556.084 558.562 552.897 554.930 554.487 548.451 539.543 554.285 547.673 552.071
91 411.000 424.059 417.687 415.956 420.832 427.388 418.753 420.521 414.169 414.539 424.251
92 344.000 338.037 339.445 336.757 345.152 344.466 337.515 343.117 344.755 338.426 335.436
93 502.000 505.476 491.061 509.390 504.512 506.810 506.384 516.852 501.309 510.598 493.592
94 401.000 413.725 415.294 415.705 412.735 414.077 412.577 414.761 417.791 414.556 412.139
95 407.000 404.127 405.367 404.252 405.032 405.375 402.000 404.862 402.002 403.801 403.005
96 444.000 435.226 430.443 428.627 436.524 436.463 435.681 436.915 435.613 439.835 435.239
97 321.000 320.900 316.884 319.315 320.900 318.932 318.754 318.812 320.900 320.900 320.641
98 584.000 580.586 584.732 586.605 584.835 587.170 583.493 584.394 586.894 588.720 583.720
99 480.000 547.735 534.441 541.005 539.928 541.994 541.312 540.037 541.295 538.372 539.566
100 510.000 510.447 508.939 510.640 511.285 503.628 510.255 507.352 513.788 507.447 504.262
101 408.000 395.117 395.515 395.991 392.492 395.343 390.308 396.368 397.586 392.108 395.035
102 323.000 324.816 327.326 325.135 322.258 326.993 320.539 318.407 321.093 322.737 322.020
103 438.000 472.292 466.373 468.178 465.316 471.441 469.481 464.348 468.263 459.160 469.003
104 417.000 425.101 426.060 425.101 424.964 424.901 425.313 425.101 425.101 424.901 425.727
105 429.000 408.490 409.113 413.015 413.447 413.571 417.039 408.658 410.959 410.097 407.587
106 434.000 439.277 438.490 438.627 439.184 440.524 437.505 439.279 437.587 435.284 437.458
107 442.000 441.320 437.585 438.009 437.605 439.258 439.492 441.541 445.630 443.572 443.991
108 410.000 414.900 414.900 414.900 414.900 414.874 414.294 414.900 414.899 414.900 414.100
109 335.000 371.547 369.109 369.772 372.326 371.561 374.638 371.814 369.966 373.288 373.012
110 515.000 531.692 536.748 532.255 533.453 527.576 534.822 539.934 530.686 534.922 535.656
111 400.000 395.329 395.061 394.402 396.506 393.640 396.383 394.969 392.919 395.077 396.913
112 429.000 422.566 420.953 421.070 422.389 425.139 422.381 424.222 422.594 423.971 423.594
113 432.000 471.690 471.739 478.328 469.402 472.607 471.463 467.803 469.456 474.015 461.356
114 335.000 334.100 334.100 334.100 334.100 335.030 334.101 335.875 333.901 334.100 334.101
115 395.000 389.521 384.480 389.505 397.881 386.468 385.207 387.082 383.737 385.813 380.816
116 341.000 356.281 350.699 354.592 354.991 357.604 357.356 353.583 351.659 360.968 358.200
117 425.000 424.101 426.060 425.607 425.963 424.898 425.313 424.370 424.101 423.901 424.101
118 351.000 355.539 352.692 352.438 354.547 351.888 352.949 351.077 354.729 352.446 353.602
119 315.000 315.100 315.100 314.900 315.099 315.100 315.100 315.099 315.100 315.100 314.899
120 320.000 314.299 311.159 312.579 322.160 310.488 310.865 310.681 315.145 311.965 312.057
121 588.000 546.128 563.221 556.597 557.879 545.146 555.202 545.134 554.471 565.621 556.381
122 469.000 465.318 468.502 466.722 470.969 466.789 453.819 439.916 455.950 448.249 460.181
123 321.000 358.329 361.501 358.528 355.332 357.534 356.419 358.163 359.522 358.671 354.142
124 310.000 336.786 333.532 342.787 328.093 332.747 336.447 323.799 343.146 335.403 319.772
125 362.000 390.368 393.015 400.139 392.097 389.368 397.584 386.159 394.141 384.949 377.271
126 332.000 363.722 366.350 369.236 364.799 369.476 364.754 378.781 364.087 361.986 363.451
127 307.000 329.957 333.362 332.307 334.372 332.530 336.940 328.183 334.078 339.057 330.804
128 400.000 395.953 392.788 394.510 394.670 395.164 396.029 393.149 393.550 395.644 394.799
129 490.000 459.368 471.229 465.231 466.112 467.041 463.149 467.391 474.022 474.907 474.346
130 354.000 359.815 354.769 358.149 358.575 364.615 360.130 359.440 359.007 364.579 355.799
131 326.000 329.980 329.072 327.759 331.168 333.724 330.344 328.329 329.235 332.412 331.088
132 326.000 329.758 335.206 331.064 330.385 333.053 330.398 330.726 335.024 332.023 333.306
133 409.000 409.165 409.047 408.761 409.097 409.982 407.876 409.361 409.180 408.874 408.311
134 562.000 483.054 487.427 483.757 472.032 489.907 488.094 487.146 489.693 482.522 486.741
135 332.000 357.771 357.626 355.403 360.197 360.262 361.514 358.358 359.941 363.080 357.939
136 472.000 465.008 473.935 468.480 475.519 470.939 461.164 470.168 464.194 465.634 477.621
137 405.000 405.100 405.234 405.003 405.101 404.901 404.900 405.101 405.101 407.275 405.614
138 394.000 394.741 396.618 394.742 392.931 396.480 394.582 394.275 395.711 395.285 393.681
139 324.000 326.855 325.176 324.948 321.901 321.901 321.901 325.311 324.580 323.519 322.101
140 555.000 558.325 567.361 575.336 563.709 563.969 564.132 562.198 563.044 559.418 563.825
141 324.000 320.390 323.551 319.682 323.266 319.674 322.258 317.176 322.937 315.561 314.319
142 422.000 461.055 471.447 476.663 478.772 486.138 474.204 469.786 469.560 471.058 485.645
143 429.000 428.744 428.244 427.052 429.709 431.166 430.551 428.872 430.256 429.651 429.309
144 314.000 319.532 320.533 317.468 321.819 325.874 320.139 320.810 321.492 322.745 319.842
145 445.000 452.881 450.650 450.159 450.594 449.920 449.487 447.246 448.546 451.648 448.897
146 420.000 440.342 439.172 435.362 438.248 436.305 438.088 436.161 435.250 437.141 436.566
147 350.000 352.436 352.474 352.553 351.796 354.807 349.773 352.254 351.900 351.076 354.372
148 381.000 382.777 363.355 383.747 375.487 378.482 377.411 368.557 378.508 377.068 380.588
149 340.000 351.790 350.939 346.775 337.614 357.844 343.432 340.664 341.598 349.508 347.422
150 462.000 460.511 462.663 463.123 459.301 459.953 463.256 457.667 461.119 460.605 462.151
151 545.000 522.749 544.137 511.375 538.700 539.036 544.552 533.883 543.502 516.698 537.003
152 401.000 411.999 403.677 399.192 407.160 405.409 411.330 402.766 407.392 410.942 409.594
153 450.000 444.671 470.410 466.157 468.028 469.988 469.411 471.488 443.155 471.170 479.380
154 495.000 506.940 523.693 541.256 522.406 510.711 514.447 511.396 510.994 508.633 518.587
155 415.000 408.452 408.263 400.360 393.323 407.296 406.492 408.478 409.005 392.725 410.485
156 580.000 607.981 613.516 598.810 609.045 626.906 563.766 544.895 617.357 613.878 598.262
157 412.000 409.933 409.553 408.180 407.876 408.128 410.456 408.349 413.023 408.672 410.720
158 446.000 447.954 448.505 448.436 447.521 449.208 447.473 448.484 450.198 449.280 449.422
159 330.000 337.726 337.593 326.449 330.234 326.544 324.959 324.113 329.242 329.737 329.940
160 325.000 335.591 338.700 340.917 334.894 336.816 334.880 337.955 336.704 334.974 338.716
161 316.000 325.545 331.730 326.918 328.230 329.569 324.914 325.462 329.496 328.235 341.495
162 408.000 407.421 404.947 407.385 405.670 407.841 405.608 404.710 406.543 406.273 404.579
163 428.000 428.086 425.951 425.880 428.806 428.354 425.781 426.887 426.930 424.937 425.680
164 396.000 498.354 494.431 491.789 504.064 498.706 501.789 492.339 491.933 505.218 496.391
165 385.000 367.431 370.518 365.871 372.598 366.518 370.190 371.364 366.061 369.903 369.715
166 335.000 328.463 326.037 331.511 331.139 328.016 330.702 330.774 331.940 330.278 329.536
167 339.000 334.101 334.100 334.100 334.100 334.100 333.900 334.099 334.100 334.100 334.483
168 419.000 418.861 418.494 418.506 418.738 418.525 416.695 420.719 416.880 419.862 418.301
169 321.000 320.900 320.900 320.900 320.900 320.900 320.900 320.900 320.900 320.900 320.817
170 419.000 416.379 417.437 415.503 418.996 417.259 417.433 417.577 417.667 416.652 416.589
171 423.000 425.454 427.685 425.347 428.328 422.211 427.408 427.749 424.199 426.007 426.275
172 416.000 416.726 417.474 414.660 416.029 415.974 415.947 415.743 416.729 415.889 416.571
173 434.000 431.653 437.493 433.517 432.450 427.502 427.308 440.293 432.058 437.305 428.840
174 329.000 329.079 330.408 332.077 334.300 330.009 336.125 331.457 332.267 331.722 329.978
175 450.000 437.949 441.418 434.462 434.099 435.116 430.696 432.861 430.137 432.463 435.557
176 333.000 318.063 321.782 321.624 319.851 322.254 319.932 320.791 321.066 319.685 319.422
177 420.000 407.259 411.186 407.486 411.267 416.409 410.445 412.264 411.664 411.278 415.329
178 315.000 334.851 335.873 331.564 332.440 330.125 331.369 333.246 334.281 328.477 330.957
179 349.000 342.382 342.720 343.613 340.172 342.543 342.307 342.603 341.325 345.867 345.544
180 431.000 392.503 392.817 403.427 390.376 388.402 399.491 395.189 397.510 400.549 388.627
181 407.000 397.610 399.041 397.985 398.131 399.173 400.757 397.611 401.084 397.682 397.551
182 424.000 425.101 424.901 425.607 425.101 424.898 425.100 425.101 425.101 425.101 425.101
183 425.000 419.336 420.426 420.314 418.592 418.808 418.101 420.807 420.358 420.040 421.447
184 588.000 579.324 577.704 577.210 576.155 578.704 577.579 581.437 580.413 578.024 582.642
185 332.000 317.487 318.087 319.839 318.358 319.351 319.795 315.309 318.108 321.054 317.239
186 379.000 402.429 425.496 427.735 406.603 433.601 407.440 420.505 426.604 414.668 433.984
187 586.000 592.411 593.909 598.366 597.744 593.594 596.854 595.148 593.528 599.682 600.358
188 528.000 562.707 483.155 546.121 550.376 554.605 557.252 543.799 547.200 498.768 533.749
189 425.000 443.954 435.030 439.458 441.086 459.030 435.212 452.812 435.144 429.912 445.205
190 398.000 446.264 391.033 414.345 383.792 420.789 394.675 389.728 391.578 391.085 413.624
191 492.000 499.171 497.012 499.034 496.713 498.150 502.024 502.525 498.170 496.954 499.731
192 395.000 403.193 399.870 402.817 398.985 400.750 405.033 400.341 401.029 402.288 399.341
193 503.000 445.086 449.368 442.913 443.791 447.402 450.878 444.795 445.054 449.400 448.651
194 402.000 405.386 410.542 405.967 405.704 406.855 405.621 404.110 407.630 404.836 402.936
195 316.000 372.654 346.964 352.335 358.025 347.651 348.784 332.224 347.051 355.282 352.798
196 537.000 526.740 525.017 512.847 532.533 535.564 526.035 519.042 528.719 532.296 486.535
197 426.000 424.408 423.536 423.672 422.789 422.815 427.893 422.995 425.309 420.877 424.207
198 414.000 462.976 462.164 456.904 457.713 456.821 450.342 452.994 457.901 456.662 458.252
199 460.000 531.318 538.906 532.786 547.907 547.341 546.066 532.205 536.258 542.340 540.137
200 438.000 430.926 430.411 431.674 430.557 439.627 431.476 431.343 431.453 436.926 431.196
201 418.000 424.101 423.917 423.900 423.901 424.100 424.101 423.900 423.901 421.131 423.900
202 432.000 416.729 421.428 420.251 421.232 423.226 422.558 423.463 421.146 422.781 416.954
203 422.000 419.900 420.099 422.159 419.900 420.100 421.076 421.322 422.994 422.218 427.166
204 450.000 438.048 433.156 435.549 430.060 440.290 434.802 440.497 435.866 440.353 465.740
205 362.000 371.570 371.538 369.766 368.510 379.616 371.576 370.663 370.013 367.444 387.984
206 500.000 488.997 491.986 483.753 492.454 484.956 486.736 479.057 484.593 490.560 488.302
207 361.000 368.242 366.658 352.066 377.477 379.633 381.994 374.899 371.320 362.376 375.626
208 439.000 476.463 479.249 473.668 467.294 461.700 473.360 469.360 476.655 472.420 476.931
209 382.000 428.051 418.322 426.925 429.697 427.797 429.835 415.088 424.440 432.824 414.432
210 446.000 439.337 439.501 440.224 428.292 428.454 440.292 439.771 442.136 441.267 441.735
211 420.000 422.099 422.100 422.212 422.100 422.100 421.899 421.900 421.900 421.900 427.166
212 420.000 420.100 420.100 420.100 423.381 420.100 420.059 420.100 419.968 420.100 421.093
213 488.000 458.491 464.115 461.201 450.788 460.436 453.728 453.556 468.733 450.015 465.281
214 395.000 402.446 405.468 403.320 404.439 410.598 403.774 407.483 407.471 404.211 407.512
215 399.000 397.824 399.172 398.263 399.034 397.718 397.624 398.538 397.826 399.301 400.810
216 356.000 357.402 354.265 353.441 351.371 353.243 354.984 355.350 355.763 355.322 354.856
217 440.000 440.947 441.615 440.717 440.315 441.065 444.374 441.214 441.110 441.357 440.933
218 342.000 365.171 363.655 369.193 371.006 370.733 371.123 361.229 368.124 361.654 360.831
219 535.000 464.550 476.554 499.848 482.307 483.520 487.590 502.299 462.275 488.360 480.712
220 525.000 521.661 515.763 520.061 520.336 518.383 518.107 520.022 517.657 519.780 518.204
221 526.000 520.226 521.583 516.855 517.401 520.193 516.299 519.633 520.075 514.297 520.311
222 318.000 320.966 321.888 322.983 322.967 323.640 322.866 323.038 322.207 321.804 322.582
223 518.000 475.077 473.820 473.344 464.070 469.367 489.890 474.787 477.250 469.679 478.042
224 366.000 358.642 359.437 359.183 359.895 361.413 360.612 361.844 359.369 362.248 361.961
225 349.000 356.333 352.312 354.235 351.978 352.415 352.893 352.047 352.168 352.012 352.831
226 396.000 394.301 394.720 393.707 390.977 396.209 392.973 394.778 393.705 394.455 394.376
227 380.000 377.803 377.388 379.041 376.435 378.510 376.116 377.873 377.853 375.845 376.640
228 375.000 382.290 382.787 380.473 383.006 383.899 383.219 384.099 383.899 383.899 383.899
229 455.000 453.326 452.833 452.879 448.952 450.330 448.253 450.480 451.845 451.968 453.359
230 428.000 446.652 451.843 454.958 454.488 449.318 456.163 450.417 460.484 449.105 453.565
231 334.000 338.900 338.558 338.900 338.900 338.215 338.900 336.803 338.900 338.229 338.900
232 337.000 323.354 321.902 321.613 325.068 320.172 323.388 322.158 323.473 324.883 325.239
233 418.000 416.802 417.569 415.724 416.814 417.135 417.162 416.848 417.262 416.623 417.626
234 310.000 337.316 330.667 333.893 333.916 326.058 325.562 346.427 313.799 345.002 334.945
235 395.000 399.114 396.501 398.649 396.976 399.427 397.733 398.386 400.039 399.930 398.590
236 450.000 445.963 443.702 446.654 438.804 442.467 448.690 434.292 444.710 440.702 445.724
237 368.000 360.343 361.236 359.183 357.815 363.104 361.047 360.223 363.172 360.480 360.906
238 468.000 452.730 458.567 460.585 438.458 462.052 430.930 460.635 458.572 458.898 458.142
239 305.000 314.320 307.054 309.055 313.972 313.073 312.199 312.943 307.826 313.217 313.056
240 303.000 334.663 335.987 344.061 336.977 337.983 332.401 339.087 333.904 343.134 341.677
241 316.000 311.113 319.529 310.370 308.922 305.461 305.755 305.079 306.260 308.538 302.699
242 360.000 374.535 370.756 373.537 371.466 373.627 375.440 372.459 371.837 371.893 369.764
243 466.000 464.293 459.141 461.692 462.117 456.056 462.533 458.834 460.716 462.161 462.231
244 422.000 439.875 431.982 435.324 439.005 436.422 434.080 428.619 436.813 437.132 433.197
245 418.000 370.083 381.876 391.844 389.840 391.130 385.740 381.680 383.236 382.534 392.387
246 409.000 412.289 410.504 413.827 414.147 411.645 412.685 411.572 412.111 410.341 412.446
247 326.000 352.290 350.778 352.674 354.690 354.826 353.764 352.866 352.292 352.971 353.563
248 328.000 344.482 335.372 342.528 347.967 348.039 350.602 332.492 331.671 346.571 330.965
249 369.000 370.899 371.099 371.099 371.100 371.100 371.100 371.100 371.099 371.099 371.100
250 346.000 343.920 353.210 336.634 342.505 345.525 333.892 336.839 349.055 346.011 344.363
251 407.000 414.569 410.154 412.238 413.930 412.137 417.468 412.669 414.819 414.108 410.293
252 414.000 411.921 408.403 411.675 409.955 373.056 415.769 412.525 413.096 407.753 412.529
253 501.000 468.145 452.829 450.442 472.552 450.144 471.769 452.989 447.740 453.864 457.498
254 421.000 417.303 418.900 418.900 416.595 418.900 417.433 415.873 418.900 417.434 418.900
255 316.000 309.712 308.122 308.589 307.461 310.894 310.545 307.608 295.944 309.596 309.325
256 328.000 333.176 333.162 337.252 335.914 338.752 337.545 337.621 336.924 334.757 336.780
257 445.000 437.466 459.028 459.843 454.531 456.984 451.275 461.262 457.862 451.827 447.462
258 371.000 354.837 358.464 343.465 353.993 352.603 348.528 353.998 356.285 353.628 343.796
259 484.000 451.072 451.976 451.202 450.814 450.667 454.583 450.507 451.443 453.050 451.731
260 418.000 414.095 417.184 415.435 417.597 417.055 417.131 415.983 417.159 416.485 416.587
261 371.000 381.845 381.181 386.857 383.243 383.408 383.448 384.619 382.511 383.552 389.906
262 331.000 325.618 323.307 325.302 326.278 325.631 324.105 322.546 323.894 325.507 325.373
263 586.000 559.538 545.472 549.684 563.191 554.434 549.347 548.321 552.103 549.333 550.796
264 434.000 460.408 460.303 460.113 460.552 459.457 460.128 462.228 458.936 460.620 472.372
265 412.000 439.684 441.184 440.589 439.249 439.663 439.946 439.934 439.334 439.849 440.282
266 483.000 461.736 468.157 463.255 461.956 467.165 461.659 449.188 462.552 461.479 461.231
267 393.000 377.733 380.618 375.702 377.525 383.714 379.697 370.262 381.945 376.332 373.602
268 386.000 397.957 401.727 399.691 405.618 403.012 395.949 400.232 404.881 399.788 398.729
269 344.000 411.560 434.292 402.812 370.539 379.427 371.377 368.711 376.947 354.126 369.656
270 392.000 360.898 360.898 352.066 360.899 360.898 358.169 360.899 360.899 360.899 360.899
271 460.000 413.754 414.171 427.202 409.376 420.476 428.823 415.766 414.779 411.678 416.698
272 321.000 309.541 316.181 316.917 312.592 311.672 315.308 312.310 315.324 310.445 310.440
273 311.000 329.636 332.457 331.151 331.883 333.336 330.881 329.696 330.479 332.830 331.182
274 391.000 393.611 376.277 387.845 382.639 395.770 394.102 382.549 383.291 387.248 383.706
275 431.000 430.335 432.552 431.540 432.120 431.943 430.736 436.774 434.423 428.966 428.664
276 357.000 359.950 362.252 360.084 367.291 365.950 360.161 360.345 362.774 362.874 361.529
277 414.000 429.233 424.881 427.359 428.811 430.774 430.041 426.385 427.938 428.997 431.160
278 452.000 427.716 435.184 434.445 436.628 434.963 433.892 435.993 424.091 431.466 431.721
279 437.000 378.685 392.758 386.607 380.821 390.170 385.917 383.916 393.720 395.892 386.493
280 315.000 310.598 309.022 309.860 308.266 310.189 307.642 310.253 309.328 310.338 309.116
281 435.000 430.378 430.223 432.231 432.269 432.381 432.733 431.824 431.781 433.867 431.383
282 448.000 498.024 494.649 495.066 495.854 486.532 495.657 499.939 493.824 486.645 493.985
283 416.000 426.463 427.829 431.629 425.011 424.775 424.954 426.761 426.009 429.194 424.981
284 328.000 334.044 332.820 332.400 333.428 335.952 334.014 332.240 332.769 333.426 334.342
285 390.000 397.597 396.082 397.898 395.840 399.034 398.850 398.811 396.798 397.820 398.389
286 310.000 313.181 308.940 313.933 315.528 319.247 307.146 309.980 318.057 316.017 313.933
287 365.000 362.320 363.265 359.234 366.976 363.930 360.451 365.378 366.659 364.039 358.524
288 402.000 381.983 377.190 385.681 374.549 367.999 376.550 376.459 379.159 390.243 380.826
289 372.000 370.899 370.899 370.899 370.900 370.900 370.899 370.900 370.899 369.099 370.899
290 428.000 462.784 440.987 440.856 465.324 454.068 440.294 438.491 458.143 440.795 441.423
291 267.000 377.420 367.130 360.503 372.724 370.602 367.872 359.188 411.775 364.835 370.871
292 330.000 331.305 332.263 331.919 330.649 332.705 329.564 331.608 332.332 332.046 331.371
293 598.000 604.916 601.023 600.472 603.964 595.060 599.887 597.921 599.877 604.712 602.188
294 392.000 356.748 351.703 351.457 358.077 369.932 353.561 356.851 350.501 379.879 357.367
295 430.000 432.456 440.502 440.099 440.079 444.132 438.734 440.510 438.413 441.520 436.835
296 340.000 372.023 371.895 370.718 371.881 368.964 368.492 370.263 366.742 368.256 367.283
297 312.000 315.803 307.427 315.591 298.730 305.801 306.051 302.363 304.992 305.536 303.545
298 327.000 318.956 324.238 323.275 327.298 323.046 324.435 325.858 323.024 327.140 323.516
299 342.000 351.080 352.793 347.715 354.379 349.731 365.578 364.115 348.609 346.102 352.534
300 417.000 421.394 419.101 419.838 419.167 418.900 418.900 421.417 419.101 419.537 418.901
301 318.000 322.978 321.787 323.099 322.899 322.345 323.099 322.899 323.099 322.899 323.100
302 329.000 327.382 333.569 325.958 325.593 327.774 328.094 323.429 313.712 335.459 324.372
303 339.000 344.876 342.221 350.506 340.171 346.717 344.363 339.722 342.757 340.496 347.120
304 334.000 337.687 336.948 335.488 336.471 338.149 338.369 340.495 334.905 338.118 339.783
305 346.000 335.695 334.629 333.002 356.187 332.971 332.261 333.276 328.733 338.490 336.246
306 420.000 420.100 420.791 420.100 423.381 420.099 420.100 420.100 421.550 420.100 420.100
307 371.000 382.718 386.061 382.549 384.614 382.200 379.746 380.865 384.405 385.101 389.906
308 560.000 571.506 572.615 571.158 570.166 562.065 568.285 566.087 569.494 568.787 562.710
309 512.000 498.583 498.034 491.513 496.155 501.654 499.846 502.348 495.772 492.974 498.852
310 410.000 409.758 409.355 409.802 408.224 409.361 409.804 408.739 408.943 410.712 409.267
311 473.000 462.805 456.543 462.845 462.059 460.924 463.629 459.568 461.806 462.637 459.395
312 427.000 429.960 433.304 434.372 430.352 431.473 432.049 432.077 434.170 433.976 429.596
313 326.000 340.018 377.340 346.368 340.970 337.894 330.742 342.621 386.869 340.411 336.295
314 405.000 393.214 407.088 407.245 384.564 406.805 378.892 405.409 396.912 407.283 406.936
315 442.000 412.370 415.642 429.642 413.196 414.220 418.513 432.581 418.675 414.167 422.496
316 330.000 332.011 331.154 332.432 331.503 334.202 332.632 331.448 333.959 331.317 366.694
317 328.000 338.735 342.285 336.609 338.582 340.934 342.007 335.872 336.605 343.235 338.775
318 436.000 423.926 427.264 427.392 426.177 426.243 428.928 431.604 425.505 427.917 426.263
319 410.000 419.100 418.900 418.900 419.100 419.100 418.900 419.100 418.900 418.900 418.900
320 462.000 455.900 455.900 455.900 455.900 455.900 455.899 455.900 455.900 455.900 455.899
321 471.000 457.724 460.520 462.202 455.898 461.193 457.230 458.203 452.143 452.244 460.583
322 427.000 423.334 423.891 422.992 424.372 422.149 423.743 426.899 425.390 424.503 426.900
323 464.000 454.797 452.181 452.653 453.513 452.573 453.690 453.630 453.249 453.226 451.905
324 446.000 410.976 409.067 417.663 421.039 416.206 418.358 420.204 419.836 407.791 409.311
325 583.000 580.136 584.050 579.829 578.723 580.943 578.755 579.565 582.180 583.793 579.128
326 562.000 478.537 477.848 478.889 478.159 480.509 502.092 480.211 480.484 478.551 478.992
327 313.000 311.916 316.907 316.729 314.204 315.627 314.864 315.780 316.688 315.957 349.290
328 422.000 426.627 426.167 424.975 427.818 429.712 429.209 429.113 426.930 427.063 427.374
329 382.000 395.637 391.141 384.812 388.972 379.206 394.449 391.084 391.889 395.361 383.901
330 398.000 440.468 436.238 432.528 442.522 439.844 430.333 437.154 437.281 436.659 438.112
331 371.000 370.899 370.899 371.100 370.899 370.899 371.899 371.100 371.099 370.899 370.900
332 414.000 414.259 413.777 414.899 414.900 414.379 414.091 414.719 414.900 414.899 414.900
333 440.000 440.341 447.472 443.542 441.364 443.642 442.732 442.050 441.060 441.736 445.123
334 599.000 568.192 566.992 564.970 571.618 569.300 554.848 566.722 570.052 575.733 576.022
335 353.000 352.852 351.967 351.160 351.798 350.568 350.756 352.630 351.171 351.516 348.900
336 404.000 450.038 466.759 462.344 466.371 465.884 468.880 474.390 455.502 477.311 465.001
337 406.000 405.457 408.545 406.160 407.615 410.517 409.508 410.878 409.261 410.739 406.766
338 324.000 328.781 330.900 330.553 331.100 327.552 329.098 330.900 328.248 328.308 330.125
339 337.000 335.856 334.495 333.932 335.091 335.900 335.835 335.899 335.900 335.900 331.537
340 395.000 403.398 402.922 402.658 402.070 402.394 399.767 402.133 398.794 397.994 403.261
341 407.000 406.279 407.901 408.999 408.597 406.541 414.007 410.870 405.100 405.101 410.163
342 330.000 346.819 340.433 345.527 348.984 346.149 349.049 340.716 340.385 343.134 341.359
343 417.000 433.914 442.117 440.406 441.317 434.840 441.459 434.711 443.967 438.864 438.554
344 395.000 397.792 400.183 399.725 397.372 396.684 399.455 398.765 400.823 398.294 396.918
345 503.000 396.699 392.426 397.373 399.575 392.064 396.818 399.882 391.501 397.722 394.932
346 448.000 445.132 443.358 443.341 443.410 443.650 445.158 445.187 442.390 443.527 443.131
347 363.000 331.471 340.320 337.872 329.745 330.072 339.556 336.384 345.553 345.133 349.672
348 386.000 379.431 381.108 382.864 381.026 382.216 382.717 379.920 381.829 382.306 380.746
349 330.000 336.100 336.124 336.406 336.900 335.900 336.900 336.899 336.820 336.100 336.099
350 488.000 345.255 346.215 342.166 341.621 339.217 341.034 341.497 336.305 341.266 335.702
351 479.000 479.357 476.835 476.986 479.459 478.306 479.589 480.035 479.607 479.845 484.864
352 338.000 327.691 318.997 334.323 330.863 316.566 333.369 328.322 326.945 328.275 327.790
353 456.000 454.814 460.330 449.026 464.822 465.169 460.687 442.304 452.444 469.364 466.010
354 418.000 406.919 409.970 411.352 410.274 410.079 411.104 409.901 410.169 411.227 411.889
355 322.000 326.855 325.280 324.948 324.101 324.684 324.101 323.901 323.901 324.101 324.100
356 321.000 320.433 316.884 320.901 320.387 320.824 318.754 318.812 320.900 320.452 320.900
357 335.000 371.921 351.903 340.881 356.878 343.460 343.142 346.188 346.373 342.276 349.379
358 394.000 396.755 393.791 394.605 394.318 395.324 395.074 394.876 395.828 395.074 395.864
359 398.000 388.696 382.111 387.854 384.116 380.342 387.348 388.609 378.138 388.754 383.267
360 421.000 420.052 419.639 433.011 422.152 419.002 423.295 408.237 421.256 426.370 418.308
361 364.000 371.483 372.205 366.368 375.029 369.763 373.285 374.586 369.195 372.477 374.293
362 322.000 346.482 341.780 338.076 335.640 343.437 340.151 341.684 339.216 343.476 338.170
363 446.000 448.920 443.438 450.771 450.794 448.225 447.171 449.510 446.175 448.527 450.235
364 340.000 335.693 336.706 341.498 337.650 338.103 341.068 334.698 340.420 336.747 337.831
365 340.000 388.072 412.155 379.186 346.878 346.312 372.619 372.500 346.247 343.785 344.823
366 452.000 400.897 397.648 393.155 400.709 397.121 390.796 396.435 395.626 396.869 405.382
367 367.000 355.574 356.117 353.881 353.533 351.327 358.201 357.228 356.178 369.365 352.666
368 425.000 420.363 420.933 420.642 420.137 426.355 420.477 421.492 421.904 422.518 425.567
369 399.000 371.330 361.358 367.647 368.229 368.161 369.371 352.720 367.605 365.756 366.630
370 420.000 417.900 417.900 415.598 417.900 417.900 418.100 417.466 417.900 418.100 418.100
371 526.000 569.015 562.916 571.686 562.399 568.119 560.026 576.366 560.032 566.060 562.570
372 343.000 347.114 353.504 348.316 351.463 350.357 368.224 347.056 344.011 344.502 364.060
373 420.000 435.762 431.941 428.788 423.675 428.952 428.750 433.723 429.261 432.822 422.670
374 403.000 414.898 415.105 410.828 414.990 416.039 415.992 413.071 414.030 414.151 415.189
375 495.000 497.162 498.097 498.932 500.994 492.741 508.375 491.579 500.255 499.938 499.790
376 564.000 442.504 442.585 453.460 449.348 446.680 452.649 434.470 443.491 450.517 438.232
377 420.000 542.961 542.531 535.097 541.595 539.646 531.359 537.927 544.846 540.425 533.329
378 414.000 423.352 426.678 431.051 425.243 424.272 424.698 423.224 428.790 423.225 422.510
379 328.000 327.900 324.358 321.767 327.900 322.124 327.900 324.855 324.627 324.085 327.899
380 546.000 444.795 450.070 444.741 443.239 443.507 445.694 457.634 436.538 440.196 444.732
381 323.000 314.819 312.774 309.886 313.489 309.754 313.736 316.184 313.399 310.500 311.215
382 413.000 411.332 411.413 411.393 411.624 412.177 410.028 410.563 411.109 410.800 411.064
383 360.000 391.935 406.998 387.364 384.847 382.631 376.404 387.034 378.334 377.679 380.537
384 411.000 412.992 413.990 411.007 412.519 414.675 411.862 414.870 411.415 414.363 414.175
385 346.000 343.100 343.100 343.100 343.100 345.194 343.100 343.100 343.099 343.100 343.100
386 449.000 474.418 474.166 468.281 470.988 466.689 470.430 467.182 469.469 471.222 469.784
387 389.000 362.580 371.548 364.831 380.194 352.437 382.109 351.435 345.557 382.834 376.835
388 340.000 353.119 343.781 385.244 337.101 337.729 343.042 337.100 337.100 339.785 359.198
389 343.000 345.900 345.900 346.100 345.900 345.194 346.001 345.900 345.900 346.100 345.899
390 404.000 411.025 408.286 410.624 410.152 408.910 411.317 409.612 409.751 409.167 411.969
391 451.000 455.991 456.286 460.789 457.431 460.283 462.274 461.731 456.496 458.029 454.786
392 359.000 354.369 345.405 339.413 352.429 351.334 351.070 349.881 347.017 349.993 347.490
393 410.000 411.016 410.367 412.452 412.462 412.320 410.164 410.956 409.925 410.848 412.908
394 340.000 334.385 335.150 334.100 334.957 334.725 333.900 334.100 335.556 335.209 334.100
395 504.000 541.885 538.420 532.588 534.523 534.074 536.928 535.361 537.834 533.586 537.792
396 546.000 490.642 529.026 533.412 515.069 533.320 521.143 521.572 525.954 512.578 528.865
397 392.000 401.843 393.708 400.575 394.217 395.130 397.453 398.440 394.931 395.958 402.204
398 413.000 406.935 406.702 406.531 406.470 407.839 405.523 406.662 403.845 402.620 406.362
399 325.000 352.251 348.183 363.077 333.433 340.625 330.535 334.422 351.915 344.873 336.408
400 297.000 304.256 305.972 306.052 300.209 305.799 301.600 306.362 304.385 304.528 303.205
401 397.000 397.400 399.020 396.292 397.507 395.854 394.970 401.497 396.321 400.937 400.144
402 428.000 424.971 421.807 420.109 415.521 414.194 415.050 420.955 410.939 422.387 418.086
403 440.000 432.120 429.824 432.240 432.698 431.300 431.052 430.418 434.500 434.696 432.046
404 604.000 609.598 609.356 607.181 601.165 607.245 608.786 608.135 609.519 608.723 606.913
405 442.000 444.798 444.108 443.552 439.037 444.574 441.691 441.467 443.279 445.356 443.598
406 462.000 460.874 453.990 456.564 456.646 455.992 462.052 451.035 459.720 454.847 457.724
407 491.000 515.032 493.507 489.314 485.739 483.858 490.378 487.828 493.228 488.253 498.102
408 495.000 468.228 466.277 459.690 465.911 471.771 466.034 478.160 468.003 468.035 464.479
409 394.000 334.022 342.496 334.214 336.047 331.481 336.040 329.548 337.979 327.166 336.386
410 320.000 354.065 352.737 361.899 351.674 368.609 351.540 351.028 361.255 357.490 360.902
411 445.000 441.763 440.731 440.926 426.765 426.839 441.827 441.154 441.141 440.466 442.112
412 350.000 334.728 331.141 335.163 331.877 335.898 332.281 331.484 330.676 330.098 332.730
413 332.000 321.099 320.373 322.882 327.053 322.022 329.058 326.041 326.807 323.687 317.797
414 411.000 431.009 427.515 425.278 424.208 429.400 428.955 427.597 427.218 430.079 436.020
415 341.000 341.648 400.150 339.220 342.465 342.984 365.828 374.855 332.045 342.357 339.726
416 452.000 459.867 463.103 460.996 458.204 457.303 460.676 459.421 463.662 457.753 460.988
417 398.000 465.204 417.745 424.077 416.156 439.828 420.747 424.560 421.226 421.858 433.908
418 357.000 351.620 352.831 349.608 353.030 353.239 353.610 352.953 352.559 351.732 352.934
419 410.000 477.246 478.026 481.019 488.288 480.592 481.079 481.154 478.552 476.195 480.754
420 411.000 399.555 396.392 381.279 384.519 382.002 388.032 381.206 378.210 404.620 386.110
421 316.000 309.512 308.355 308.592 305.746 309.716 306.991 310.058 306.893 308.033 306.646
422 454.000 430.216 430.827 434.840 431.262 431.169 430.990 430.912 430.564 430.388 431.314
423 492.000 485.119 486.773 517.417 486.688 477.536 483.142 470.666 480.111 481.304 478.608
424 405.000 408.133 408.273 409.702 407.100 407.100 414.007 409.041 407.100 407.332 407.100
425 357.000 372.364 367.660 371.538 370.619 368.945 372.384 374.789 372.892 368.782 371.081
426 424.000 418.900 417.987 417.476 417.208 416.801 418.520 417.303 418.900 418.900 416.918
427 335.000 347.752 356.696 351.448 344.656 358.266 366.431 350.139 350.263 352.907 348.196
428 438.000 434.830 438.723 436.689 438.886 439.860 437.677 438.835 436.193 436.107 435.498
429 525.000 357.418 356.464 354.434 362.993 361.834 358.814 362.956 350.384 358.021 356.854
430 331.000 348.954 389.704 353.521 361.596 352.829 361.677 363.442 394.225 356.161 356.010
431 431.000 422.909 430.304 428.304 429.013 427.502 425.594 422.541 427.834 428.650 430.090
432 591.000 604.788 598.994 608.122 599.469 606.250 605.389 605.395 604.338 602.755 612.520
433 414.000 425.142 427.200 426.473 428.011 426.999 426.158 428.054 428.859 429.364 429.272
434 388.000 395.664 393.325 393.646 396.914 391.910 396.258 394.192 398.109 397.169 396.898
435 585.000 587.520 585.870 583.339 588.557 590.182 579.494 577.996 589.995 592.961 588.471
436 398.000 404.086 404.101 404.101 404.101 404.787 404.101 404.101 403.901 404.063 404.101
437 441.000 428.505 420.790 429.519 427.040 401.682 421.099 403.809 393.208 420.990 419.994
438 309.000 296.899 297.099 297.100 297.100 297.100 297.099 298.323 297.100 297.100 297.100
439 518.000 522.079 517.303 522.529 521.668 525.580 507.848 526.064 517.501 521.059 528.778
440 416.000 419.069 425.551 418.723 421.155 420.932 419.030 421.850 418.387 417.884 417.708
441 412.000 417.101 417.101 416.953 417.101 416.901 416.900 415.149 417.101 417.893 417.100
442 385.000 376.157 379.059 377.858 379.752 383.334 373.392 373.137 378.665 375.192 376.187
443 325.000 330.724 329.117 330.133 331.100 330.900 329.660 329.654 330.585 330.283 328.781
444 325.000 356.462 349.892 369.260 358.265 368.243 352.286 357.911 354.037 355.650 367.181
445 328.000 345.584 340.130 340.573 338.001 339.792 339.504 339.977 340.058 340.083 339.661
446 397.000 394.640 393.754 394.765 394.236 395.920 392.710 393.724 394.500 394.059 394.261
447 407.000 409.867 411.227 409.249 410.403 409.390 409.189 411.120 409.481 410.921 411.159
448 491.000 482.510 471.336 487.924 470.395 477.241 478.111 469.601 470.278 464.566 471.682
449 328.000 324.122 326.291 324.972 324.587 327.283 323.226 325.123 326.219 326.449 317.858
450 430.000 427.555 423.072 427.757 428.760 427.646 425.820 429.318 427.978 427.805 430.526
451 413.000 400.987 402.897 400.593 404.513 402.887 409.240 404.126 404.526 400.071 406.100
452 364.000 351.379 362.874 365.434 362.155 363.906 350.170 363.660 362.928 366.070 363.554
453 404.000 408.678 407.556 408.405 408.032 407.534 407.736 408.890 407.083 408.512 406.677
454 431.000 442.649 442.518 440.321 441.205 442.660 441.974 445.561 440.459 443.344 440.179
455 461.000 454.881 455.601 457.388 455.239 456.306 454.622 456.430 457.801 456.610 457.493
456 346.000 346.504 347.217 363.153 350.595 349.399 353.042 352.375 349.480 356.577 342.101
457 461.000 452.975 453.887 454.553 453.545 453.614 453.374 452.007 451.862 452.518 451.465
458 446.000 442.247 442.937 442.843 445.272 443.393 442.869 446.974 443.938 435.927 445.821
459 334.000 335.100 335.101 334.901 335.100 335.030 335.101 335.875 335.101 334.901 334.900
460 368.000 345.901 345.901 345.901 345.901 345.901 345.901 342.101 345.901 345.901 342.101
461 421.000 374.108 375.149 377.788 375.668 382.709 375.957 374.854 376.852 372.731 377.971
462 536.000 557.706 548.660 566.613 554.561 551.806 559.371 561.812 556.659 560.100 547.512
463 399.000 406.725 406.192 403.764 400.364 404.242 400.607 403.963 402.991 406.551 405.287
464 584.000 575.469 569.271 572.874 569.456 573.487 575.940 561.262 574.197 575.892 575.756
465 592.000 580.632 585.594 587.688 581.416 585.591 584.406 585.546 585.362 583.289 585.489
466 450.000 458.288 456.768 460.391 458.723 458.898 459.975 460.899 459.976 457.019 460.452
467 359.000 360.300 361.517 355.889 356.533 358.026 358.546 361.857 363.366 351.008 360.002
468 325.000 329.224 327.900 328.100 330.767 327.899 327.900 328.100 328.100 328.100 331.032
469 315.000 405.940 374.001 388.019 384.148 393.253 386.781 396.229 324.238 384.825 384.888
470 411.000 426.610 424.899 428.499 425.737 427.321 428.838 398.467 427.750 425.344 428.630
471 548.000 532.195 530.110 535.535 532.974 527.412 529.004 530.577 537.340 541.322 533.633
472 450.000 445.735 443.452 445.733 444.642 444.171 443.263 444.270 445.138 443.128 445.373
473 310.000 366.360 372.625 354.260 370.694 358.788 362.126 367.355 381.636 356.168 362.929
474 362.000 354.646 364.740 358.711 366.821 362.426 367.191 362.140 364.593 369.456 366.114
475 322.000 328.212 335.131 348.591 336.096 340.820 335.567 334.215 339.813 335.326 334.363
476 396.000 396.549 394.663 393.435 396.535 395.701 398.021 406.045 397.584 394.876 393.906
477 408.000 413.535 411.821 412.574 411.075 412.950 411.664 410.262 410.844 413.382 410.311
478 540.000 525.337 529.286 531.759 524.624 507.999 525.600 530.455 521.460 511.774 523.364
479 399.000 432.566 441.337 427.518 420.837 427.693 421.987 412.724 422.377 416.119 426.805
480 448.000 450.718 451.178 447.371 448.703 450.128 450.315 458.457 448.815 449.720 448.779
481 460.000 400.047 398.106 402.227 398.938 402.550 397.819 403.296 396.588 398.513 398.846
482 331.000 328.926 326.333 329.582 329.254 327.081 327.728 329.414 328.956 328.308 328.781
483 448.000 441.137 441.606 439.440 444.862 435.798 443.481 441.594 444.590 441.746 441.872
484 444.000 472.120 475.112 487.652 479.018 489.847 487.087 479.285 484.552 473.054 500.025
485 336.000 336.576 335.587 336.966 342.679 334.959 332.987 340.203 333.053 329.766 339.190
486 502.000 469.695 460.514 465.523 461.565 467.826 479.512 460.469 463.293 470.169 465.038
487 409.000 488.555 485.849 476.946 480.728 478.747 472.805 474.501 484.533 472.989 487.634
488 405.000 404.900 405.234 404.900 405.101 405.100 404.900 404.900 404.901 407.275 405.614
489 555.000 562.933 555.322 569.176 562.220 558.091 558.609 556.017 560.793 561.023 561.518
490 427.000 425.095 423.585 423.270 424.258 422.149 424.073 423.076 422.670 424.990 423.576
491 452.000 456.216 452.905 453.328 452.439 452.220 455.801 454.379 453.098 451.415 451.359
492 329.000 334.414 331.992 335.074 330.492 335.207 335.471 339.029 324.020 329.442 338.910
493 491.000 490.504 478.036 494.765 490.650 494.344 499.455 491.834 499.525 493.642 502.873
494 440.000 451.539 446.067 452.064 446.590 450.428 446.725 444.040 448.420 436.453 446.838
495 363.000 350.502 362.408 367.736 363.520 354.527 356.367 361.891 360.676 369.692 362.390
496 432.000 416.364 432.432 432.445 432.606 435.266 409.448 425.343 435.205 434.189 434.905
497 514.000 484.469 502.708 493.964 480.880 487.856 487.340 486.233 485.246 492.773 498.161
498 536.000 559.766 559.066 554.916 560.769 541.312 547.017 559.809 561.222 549.307 531.941
499 462.000 453.259 461.899 455.380 457.747 455.257 456.980 454.898 453.980 454.169 456.306
500 510.000 476.361 479.119 493.566 492.142 480.572 488.290 473.292 490.726 480.644 484.664
501 357.000 345.777 348.317 340.552 346.635 347.919 345.770 347.236 347.897 348.537 342.863
502 418.000 415.305 414.401 414.933 415.021 415.364 416.296 414.966 416.919 415.342 414.330
503 406.000 408.705 396.026 395.403 396.496 404.157 409.924 394.737 396.146 394.147 380.942
504 464.000 453.577 462.932 455.659 456.835 457.668 454.217 457.825 454.240 452.778 456.364
505 400.000 403.045 400.000 404.003 397.781 399.918 401.015 401.028 400.038 402.268 401.168
506 400.000 373.460 369.761 370.425 370.691 370.432 369.816 373.497 377.306 369.281 371.608
507 333.000 343.465 334.241 343.487 343.451 340.083 338.845 343.926 339.864 345.892 340.090
508 452.000 451.525 449.304 451.650 460.534 452.374 450.207 448.909 453.155 452.032 452.460
509 586.000 568.604 561.584 556.251 563.271 557.744 560.932 557.980 561.980 560.997 559.912
510 461.000 440.467 442.384 440.119 434.214 434.247 441.955 440.138 443.514 440.124 431.090
511 606.000 574.891 578.726 578.584 573.263 574.387 558.079 571.202 576.393 571.323 569.910
512 338.000 387.576 388.895 389.676 389.107 388.669 382.208 390.620 389.838 388.328 390.742
513 368.000 365.178 366.000 360.177 359.142 360.680 364.268 364.494 364.631 363.547 364.255
514 442.000 436.211 438.004 435.069 438.398 432.644 438.195 436.082 437.314 436.892 432.298
515 417.000 398.962 407.048 406.539 409.113 394.630 397.176 401.025 400.142 401.630 402.959
516 328.000 325.017 327.006 325.512 329.366 325.061 326.087 325.491 323.051 325.258 326.861
517 477.000 509.685 494.028 495.467 498.260 493.401 497.218 499.809 496.636 495.802 498.860
518 350.000 326.589 326.002 327.783 327.443 325.910 327.208 326.211 326.298 328.859 327.776
519 421.000 417.900 417.900 417.900 418.100 417.966 418.100 417.900 418.100 417.900 416.586
520 592.000 549.763 549.885 553.930 544.124 554.417 557.928 521.024 558.964 561.714 548.942
521 422.000 432.343 434.945 437.767 431.946 433.816 429.977 428.575 437.824 429.803 430.033
522 473.000 549.724 542.276 542.792 549.887 544.540 545.088 535.504 530.553 531.740 537.786
523 567.000 557.801 559.328 563.995 560.690 566.254 556.105 553.496 558.241 558.396 562.010
524 425.000 481.724 484.495 470.473 472.063 478.449 486.464 489.254 473.360 474.848 485.261
525 429.000 430.403 433.659 437.628 432.361 430.341 430.754 427.400 430.333 430.378 436.813
526 351.000 355.428 349.039 350.878 354.778 344.550 352.803 347.525 352.714 344.092 352.268
527 416.000 422.230 423.246 427.549 420.877 420.156 419.553 421.226 421.136 420.322 423.929
528 354.000 333.230 337.508 337.834 335.352 334.661 336.823 332.129 332.056 340.399 337.439
529 524.000 539.293 541.265 533.380 519.309 545.052 539.503 517.168 543.181 544.660 546.991
530 334.000 346.452 344.141 349.133 349.463 350.976 349.407 343.192 346.427 351.287 361.574
531 462.000 460.278 460.764 457.939 458.669 459.495 456.790 454.898 456.977 461.663 459.013
532 477.000 511.251 491.482 507.061 495.214 491.300 494.790 494.556 496.255 497.446 498.817
533 528.000 504.969 509.570 495.605 490.049 499.310 493.131 494.211 488.674 499.009 479.516
534 335.000 342.384 341.100 339.728 336.226 337.455 341.054 340.414 341.578 340.731 341.375
535 323.000 309.526 309.427 302.779 304.880 316.516 325.894 336.284 311.434 308.820 300.150
536 412.000 494.940 489.042 497.369 500.556 490.916 488.924 489.592 492.743 492.722 490.398
537 551.000 558.825 555.281 559.277 558.255 555.399 559.622 558.739 553.291 558.110 552.660
538 406.000 409.034 409.379 407.662 406.851 406.316 403.062 404.501 407.585 404.674 407.355
539 502.000 483.157 474.380 483.517 475.107 481.288 487.133 483.204 487.149 484.384 482.578
540 415.000 413.899 413.899 413.900 413.899 413.900 413.899 413.899 413.899 413.899 413.900
541 336.000 334.100 334.100 334.101 334.100 334.100 334.100 334.100 333.901 334.101 334.101
542 312.000 324.867 325.361 324.593 321.273 322.029 321.515 324.262 322.689 324.191 323.450
543 330.000 328.984 328.461 327.901 326.962 327.592 329.592 326.760 327.107 327.742 328.013
544 508.000 457.088 451.721 450.641 446.074 442.761 459.662 438.766 448.141 422.746 454.637
545 588.000 605.096 604.571 603.940 605.142 591.958 603.666 614.392 605.155 602.380 603.566
546 410.000 418.461 412.407 418.435 418.070 417.194 414.532 415.276 414.871 419.198 417.378
547 540.000 517.058 536.276 505.189 536.770 536.624 528.958 534.813 534.432 510.078 532.420
548 362.000 354.737 354.669 352.489 357.838 352.419 353.187 356.783 354.255 347.285 356.922
549 404.000 403.366 400.407 402.569 402.637 404.787 402.114 400.979 402.758 402.016 399.972
550 370.000 365.248 367.850 364.158 368.155 365.245 366.509 370.379 366.233 369.383 369.808
551 482.000 424.690 448.786 437.869 473.221 452.227 443.763 444.280 446.959 412.185 449.511
552 398.000 404.100 404.100 404.065 404.100 404.100 404.198 403.900 404.100 403.910 404.100
553 466.000 434.624 436.658 434.135 440.079 434.895 439.172 428.005 432.876 435.056 451.609
554 405.000 405.515 404.404 402.892 404.924 401.286 405.764 405.754 405.722 404.429 405.330
555 576.000 550.835 558.215 557.649 562.514 558.667 565.927 562.579 565.295 561.326 561.510
556 457.000 414.829 415.651 415.676 415.903 414.791 415.958 415.963 415.349 416.998 415.036
557 478.000 462.536 456.543 466.595 461.073 459.970 463.454 463.036 463.795 459.384 460.655
558 431.000 393.718 395.501 386.265 386.403 388.920 386.976 391.493 382.404 384.691 376.759
559 411.000 345.796 362.175 348.868 345.545 346.038 349.304 344.612 347.742 347.233 355.670
560 409.000 411.949 409.920 411.911 410.333 408.773 410.221 411.098 411.245 410.884 409.649
561 375.000 364.711 353.674 349.638 342.695 361.276 362.709 360.768 350.703 363.932 354.989
562 400.000 379.817 381.111 391.237 382.769 366.686 374.204 370.647 404.255 387.167 388.060
563 331.000 323.659 325.055 326.602 323.622 325.101 323.675 321.626 326.423 324.421 325.667
564 412.000 423.184 427.459 417.894 438.676 424.520 428.500 422.753 430.989 432.693 425.160
565 485.000 485.405 491.665 491.564 486.659 483.559 491.466 488.652 497.629 490.733 489.104
566 407.000 419.100 418.900 418.900 419.439 419.101 419.101 421.101 420.033 419.101 419.375
567 405.000 400.255 400.016 397.788 399.778 398.173 396.709 397.689 399.018 399.548 399.609
568 406.000 407.900 407.900 407.900 407.899 407.900 407.900 407.925 406.158 407.617 407.900
569 342.000 345.723 339.139 341.406 341.363 340.327 343.235 346.405 341.827 343.506 343.788
570 321.000 325.171 327.600 324.258 324.830 325.159 326.057 323.504 324.260 325.091 325.037
571 361.000 350.203 359.694 360.668 360.734 363.852 346.201 361.566 361.981 365.479 362.332
572 387.000 389.899 389.899 389.899 389.306 389.553 388.668 389.900 389.900 389.900 389.717
573 323.000 319.303 321.787 318.508 321.869 322.189 320.514 319.844 318.436 319.160 318.414
574 390.000 403.849 404.523 404.344 405.488 405.180 405.686 405.559 406.820 401.265 402.796
575 440.000 444.132 439.919 433.733 436.438 442.463 440.226 437.371 437.370 440.318 434.778
576 332.000 331.993 331.695 333.691 334.738 332.860 334.063 352.797 329.940 331.707 333.237
577 456.000 461.899 461.901 461.900 461.900 461.900 461.899 461.899 461.900 461.900 461.900
578 488.000 463.861 472.033 462.923 465.274 454.696 469.938 460.436 477.174 466.867 458.363
579 332.000 406.831 432.628 407.995 408.984 433.813 407.759 415.574 418.689 415.063 400.818
580 316.000 315.173 319.483 316.817 320.028 312.303 316.357 310.853 318.191 279.786 317.023
581 459.000 456.575 427.992 425.886 438.451 434.542 411.996 433.581 437.670 433.361 434.179
582 335.000 326.748 333.594 325.296 331.240 329.769 329.961 329.206 328.738 335.312 332.289
583 332.000 341.200 338.607 339.468 337.666 336.738 342.875 340.206 343.551 341.874 337.646
584 459.000 461.038 458.840 456.880 459.474 457.604 457.341 456.842 457.019 460.023 459.740
585 396.000 395.138 392.613 391.450 391.481 392.529 394.463 386.958 392.204 392.057 390.142
586 489.000 476.067 476.778 479.948 478.842 477.054 479.223 479.869 474.766 480.889 485.458
587 417.000 430.508 431.598 430.346 431.213 430.197 427.930 430.937 429.173 430.439 431.344
588 404.000 402.436 400.217 402.078 404.350 402.123 402.783 403.621 404.156 403.004 400.422
589 400.000 406.595 408.267 406.936 406.860 410.638 409.656 406.561 407.373 406.407 407.073
590 357.000 360.936 359.586 346.597 355.364 358.748 357.557 355.096 361.222 357.686 358.046
591 437.000 471.107 468.734 468.532 467.830 473.295 466.884 463.732 481.732 469.097 469.474
592 542.000 537.008 546.071 542.098 534.720 537.646 545.793 535.222 536.322 535.512 536.621
593 419.000 421.394 417.105 418.145 417.100 417.803 419.721 421.417 417.688 420.471 420.240
594 350.000 343.648 343.915 345.678 342.524 343.365 344.104 338.974 345.687 346.637 347.814
595 424.000 399.373 403.391 408.152 403.148 400.492 401.222 403.176 410.124 401.433 404.311
596 443.000 438.247 442.744 440.499 415.372 424.797 434.129 442.169 431.086 429.293 442.547
597 439.000 439.012 439.534 438.949 439.589 440.196 442.257 439.948 438.912 438.801 440.767
598 324.000 321.067 320.274 328.474 325.985 328.803 326.564 331.411 322.827 328.174 326.246
599 311.000 312.526 316.454 314.896 313.233 317.419 313.183 312.979 314.185 313.824 312.844
600 331.000 327.809 323.625 329.673 329.222 330.939 331.616 328.207 327.236 328.448 329.084
601 428.000 427.620 425.481 425.020 425.663 425.562 425.738 426.549 425.929 424.295 426.005
602 400.000 415.567 415.810 403.616 411.173 415.075 417.632 411.074 417.354 414.163 410.235
603 309.000 302.100 302.100 302.100 302.100 302.100 302.100 302.100 302.101 302.100 302.100
604 375.000 370.466 379.318 369.868 385.580 370.444 372.513 369.754 370.095 369.123 375.159
605 450.000 437.677 435.254 432.413 430.907 428.085 435.977 428.799 431.661 436.505 435.086
606 388.000 404.248 409.786 402.540 401.101 405.354 401.883 407.938 402.380 409.024 406.958
607 323.000 340.503 342.090 346.468 340.356 335.373 340.354 343.178 341.682 341.634 340.843
608 448.000 434.771 435.938 435.822 427.973 434.666 435.918 435.664 435.548 435.709 426.100
609 372.000 397.083 394.874 392.493 397.343 395.072 393.227 392.863 395.798 389.938 404.287
610 328.000 329.224 326.694 325.301 330.767 325.100 327.375 325.100 325.100 326.625 325.100
611 460.000 465.622 463.423 463.152 462.676 462.852 460.910 465.419 465.433 464.628 463.793
612 504.000 521.774 525.887 536.562 527.793 531.691 532.000 526.353 526.839 531.423 529.797
613 433.000 440.416 441.062 438.536 437.890 438.695 439.179 440.481 439.679 438.194 438.490
614 564.000 569.613 567.597 576.501 559.909 578.060 570.808 570.714 570.351 575.770 575.120
615 439.000 391.579 415.856 407.870 417.607 403.994 403.719 399.146 412.287 392.512 407.823
616 440.000 407.903 420.497 414.186 421.485 422.075 417.367 415.313 413.420 417.130 412.296
617 484.000 489.757 495.925 486.111 497.062 486.957 489.397 487.451 493.849 492.809 491.951
618 396.000 404.554 401.106 404.174 405.594 403.874 406.443 400.807 398.777 402.734 404.484
619 435.000 439.572 438.432 438.811 440.461 442.523 442.336 442.423 441.591 440.674 441.553
620 397.000 406.860 414.114 410.773 413.488 410.905 412.471 413.284 411.583 413.542 415.594
621 420.000 457.027 456.024 450.569 451.959 455.618 451.814 454.957 452.364 448.255 455.692
622 408.000 411.544 413.862 408.732 410.231 414.124 414.735 410.432 411.421 392.959 417.147
623 437.000 438.547 437.439 439.279 439.593 438.137 440.546 440.739 439.786 439.199 439.936
624 406.000 416.747 417.276 413.015 419.740 422.212 421.960 412.395 419.023 418.949 415.251
625 393.000 391.457 387.676 392.936 389.284 352.167 389.353 393.124 391.565 388.452 385.685
626 452.000 464.999 462.647 463.643 461.180 468.597 467.538 470.277 467.348 462.318 475.061
627 466.000 492.356 461.655 465.276 494.347 465.238 461.670 461.565 487.530 462.156 462.992
628 410.000 431.145 407.836 433.637 434.878 429.974 433.211 436.699 433.942 431.337 424.831
629 447.000 446.899 446.520 446.169 446.314 443.055 443.111 444.007 445.255 446.800 446.899
630 487.000 460.656 456.138 464.732 457.579 459.037 460.727 463.633 461.246 464.363 451.520
631 420.000 422.109 428.912 423.979 420.365 424.004 421.953 422.781 421.832 422.717 422.571
632 565.000 575.562 576.465 584.856 577.236 575.386 574.197 576.647 579.588 574.672 573.885
633 309.000 298.201 303.844 299.849 304.278 302.320 300.609 303.213 300.803 302.543 297.798
634 437.000 441.691 440.327 441.702 441.227 442.901 441.635 444.408 441.739 441.502 442.955
635 481.000 490.208 486.536 487.153 491.333 482.687 481.979 484.541 487.801 488.248 485.476
636 390.000 386.570 385.688 387.295 387.665 388.951 387.802 385.484 388.227 388.842 386.594
637 329.000 322.101 322.100 322.178 321.901 322.440 321.901 323.751 322.101 323.901 323.220
638 349.000 351.111 350.921 351.802 351.201 351.506 354.622 346.258 350.934 349.424 351.065
639 336.000 345.583 342.121 345.724 344.049 344.051 344.302 346.127 340.178 343.683 343.108
640 550.000 551.469 558.261 551.579 549.907 543.198 552.164 545.703 544.540 445.595 544.388
641 315.000 315.100 315.100 315.100 315.100 315.099 315.100 315.099 315.100 315.100 315.100
642 420.000 417.087 415.571 419.241 417.994 415.406 416.415 420.418 425.700 419.452 419.977
643 466.000 463.762 462.000 461.692 463.775 464.511 461.694 461.520 464.668 460.755 462.231
644 315.000 309.950 311.557 309.458 312.615 312.063 313.891 312.538 312.055 312.748 313.182
645 345.000 330.210 328.598 333.608 327.429 322.915 334.730 336.787 330.232 336.841 332.161
646 451.000 446.879 448.492 447.078 448.482 444.627 445.356 447.183 443.891 447.445 444.655
647 337.000 340.100 340.100 385.244 340.100 349.685 340.100 339.900 343.485 348.647 340.100
648 439.000 401.267 401.295 398.096 395.932 410.938 400.557 395.968 401.506 399.193 396.062
649 330.000 320.163 319.777 319.412 322.899 322.345 320.829 318.099 318.596 320.591 320.454
650 538.000 568.681 566.576 570.630 552.598 564.764 559.778 569.254 569.020 569.110 565.893
651 326.000 350.946 370.057 355.385 358.149 392.667 347.604 373.666 357.933 362.650 338.475
652 392.000 442.800 445.279 453.818 450.378 446.426 445.714 448.304 449.707 445.408 447.503
653 366.000 364.935 362.087 355.757 361.539 366.101 353.104 355.220 357.535 351.068 354.222
654 318.000 328.379 328.360 326.693 326.754 330.732 327.115 326.981 324.540 331.023 330.528
655 561.000 496.807 501.321 493.881 495.731 476.710 487.416 458.457 483.481 475.163 474.427
656 436.000 434.195 434.302 447.153 448.212 442.173 444.293 436.561 446.136 442.769 439.061
657 463.000 460.466 458.566 462.216 459.902 462.578 461.750 462.116 460.754 463.171 465.557
658 348.000 347.158 346.089 345.649 342.980 344.937 346.356 346.101 345.549 346.094 346.096
659 313.000 338.932 342.819 340.023 339.340 337.718 338.085 337.890 331.946 337.911 338.631
660 451.000 450.174 452.134 452.174 448.350 451.283 448.818 453.411 449.806 452.050 452.416
661 384.000 377.021 378.048 380.473 377.312 375.099 377.676 375.099 375.296 377.660 375.098
662 459.000 451.077 451.076 457.322 455.324 447.494 452.849 455.985 449.805 454.118 453.557
663 421.000 385.891 389.959 407.775 387.647 399.491 384.117 372.015 379.061 413.054 388.852
664 481.000 462.656 462.943 464.162 466.217 464.230 463.271 465.097 466.461 465.996 464.485
665 320.000 327.927 328.333 327.748 325.030 327.879 329.025 327.300 328.605 326.341 326.996
666 310.000 364.713 363.130 363.819 367.070 366.056 361.707 359.445 362.674 353.943 363.283
667 402.000 399.181 400.281 399.535 400.124 399.789 401.297 400.689 398.948 401.400 399.690
668 530.000 443.516 443.081 442.968 442.742 439.889 443.779 436.863 442.737 443.706 439.482
669 583.000 553.272 568.385 569.516 565.425 545.107 563.821 585.128 566.286 545.145 564.775
670 421.000 416.448 420.147 417.847 418.234 417.836 417.988 417.635 416.460 419.584 419.214
671 415.000 418.585 421.359 424.034 424.437 419.996 420.974 420.199 419.611 423.657 421.156
672 387.000 393.406 395.743 390.804 395.393 389.358 390.420 390.133 392.260 393.027 392.800
673 584.000 570.050 557.664 560.064 555.929 558.182 558.822 562.617 561.200 564.726 569.633
674 307.000 320.900 316.181 316.917 320.899 320.899 320.900 319.654 320.899 317.779 320.045
675 424.000 419.212 420.355 418.731 422.124 419.594 418.101 419.610 420.100 421.131 421.498
676 449.000 447.198 447.011 446.433 449.513 450.619 450.310 446.490 451.940 449.626 447.261
677 610.000 487.380 510.359 503.114 507.899 506.404 513.528 503.947 511.641 519.402 511.218
678 505.000 499.994 499.365 499.668 497.856 498.732 499.269 502.131 499.136 499.307 498.441
679 408.000 404.799 404.621 404.508 405.900 405.900 405.026 405.384 404.692 405.812 403.049
680 377.000 381.556 377.061 374.363 373.542 369.423 376.094 375.099 356.364 374.112 376.568
681 502.000 471.530 453.713 466.685 457.650 465.018 447.046 466.988 465.186 467.256 463.414
682 319.000 311.454 319.387 313.094 314.079 313.435 314.842 314.826 311.456 314.625 313.058
683 394.000 399.181 396.186 400.435 396.292 397.523 397.366 395.995 396.678 396.823 397.833
684 290.000 318.843 311.532 317.442 315.510 319.429 319.083 318.766 319.312 316.108 314.085
685 407.000 413.535 411.821 412.574 413.702 410.842 412.523 413.211 412.878 410.329 412.338
686 444.000 448.608 436.042 446.303 450.900 439.681 441.493 449.903 449.959 451.703 438.692
687 322.000 352.509 351.968 347.085 347.696 348.159 353.281 356.821 338.632 348.319 343.265
688 331.000 336.137 338.617 339.966 344.966 329.115 337.497 338.259 338.493 330.527 350.342
689 402.000 407.114 409.924 410.253 411.695 410.408 409.704 410.342 408.637 410.508 409.110
690 320.000 327.543 327.272 324.066 327.791 324.402 326.530 327.815 328.605 327.593 326.907
691 386.000 393.727 391.065 397.078 400.468 394.463 394.965 391.476 394.099 393.443 394.023
692 364.000 483.574 441.307 452.313 437.013 433.364 436.904 435.671 443.863 436.486 435.033
693 328.000 321.338 318.678 319.674 320.340 322.292 320.398 320.092 318.720 288.480 319.398
694 312.000 314.979 315.010 313.533 314.145 313.247 314.372 315.100 314.797 314.945 314.138
695 378.000 413.457 406.535 412.491 410.201 402.740 411.131 409.471 410.743 413.587 424.524
696 331.000 326.107 321.527 326.752 321.699 325.604 325.074 323.101 328.291 328.551 322.983
697 330.000 349.900 349.900 349.900 349.899 344.483 349.900 349.900 349.900 349.900 349.711
698 451.000 450.912 445.482 449.514 448.126 445.029 447.849 448.749 446.720 451.019 452.932
699 313.000 403.571 378.232 380.213 382.805 382.354 374.841 389.044 406.167 399.086 379.345
700 408.000 411.454 409.443 409.541 409.649 413.871 409.064 407.587 407.448 407.619 409.693
701 440.000 433.673 429.911 430.410 435.146 424.621 442.953 437.316 437.350 432.433 430.112
702 375.000 347.959 337.826 340.955 348.982 354.059 349.157 348.848 352.303 357.972 351.065
703 462.000 465.049 468.030 464.854 467.480 466.234 468.079 465.878 463.119 467.724 465.769
704 450.000 406.338 406.389 407.552 410.098 403.641 403.575 407.125 408.671 411.900 406.938
705 417.000 412.804 413.844 412.100 414.241 413.247 412.355 415.149 414.446 417.893 412.101
706 452.000 447.389 447.177 446.650 450.038 451.585 446.482 445.914 450.191 445.357 448.210
707 526.000 551.474 557.804 550.737 559.016 558.037 558.060 547.119 560.364 554.341 561.605
708 460.000 451.430 451.676 425.905 447.022 449.622 445.707 430.289 449.825 448.371 447.468
709 428.000 430.257 427.217 430.068 427.935 429.657 425.309 423.559 420.721 429.712 429.142
710 310.000 408.375 406.522 410.208 408.915 392.557 408.161 411.611 408.970 401.360 408.661
711 412.000 407.024 406.022 404.126 405.580 401.099 405.319 401.650 405.107 401.611 404.446
712 320.000 362.402 360.674 350.861 359.222 357.039 348.402 358.293 358.691 352.789 354.398
713 468.000 467.927 463.693 467.716 469.194 468.095 474.464 472.488 471.359 469.998 471.818
714 316.000 320.737 318.262 323.464 324.991 330.193 319.934 340.374 318.727 326.501 321.893
715 602.000 606.752 595.917 595.921 595.142 597.836 596.463 594.986 596.973 596.416 596.631
716 328.000 358.976 349.650 351.893 353.232 349.047 357.553 358.798 359.747 347.624 346.046
717 579.000 550.882 514.741 553.187 558.884 535.197 567.519 547.546 546.439 507.318 555.482
718 354.000 336.624 336.577 337.427 337.596 337.748 341.624 339.249 337.955 339.109 341.186
