data_index Htime.observed Htime.predicted.repeat1 Htime.predicted.repeat2 Htime.predicted.repeat3 Htime.predicted.repeat4 Htime.predicted.repeat5 Htime.predicted.repeat6 Htime.predicted.repeat7 Htime.predicted.repeat8 Htime.predicted.repeat9 Htime.predicted.repeat10
1 4.857 4.695 4.553 4.555 4.604 4.552 4.653 4.325 4.707 4.466 4.606
2 2.679 3.683 3.903 4.036 3.925 4.023 3.525 3.907 3.921 4.253 3.637
3 4.721 4.311 3.734 3.740 3.788 3.753 3.530 3.545 3.749 3.754 3.758
4 4.999 6.047 5.911 5.670 5.717 5.711 5.800 5.786 5.797 5.430 5.770
5 2.954 5.565 5.478 5.395 5.341 5.451 5.486 5.474 5.346 5.446 5.388
6 4.732 4.795 4.687 4.769 4.747 4.789 4.859 4.725 4.717 4.637 4.855
7 2.542 3.685 3.751 3.756 3.525 3.663 3.562 3.635 3.554 3.663 3.506
8 4.437 4.742 4.871 4.959 4.831 4.923 4.607 4.685 4.792 4.821 4.829
9 4.511 4.915 4.492 4.934 4.917 4.864 5.007 4.911 4.901 4.873 5.048
10 4.561 4.512 4.527 4.491 4.441 4.682 4.502 4.650 4.543 4.366 4.778
11 4.515 2.831 2.968 3.044 2.853 2.801 3.700 2.887 2.814 2.595 2.758
12 6.033 5.217 5.452 5.534 5.601 5.497 5.500 5.486 5.473 5.501 5.496
13 4.401 5.395 5.571 5.482 5.274 5.339 5.257 5.316 5.417 5.356 5.201
14 4.565 4.881 4.855 4.918 5.207 5.110 4.966 5.172 4.869 5.003 4.924
15 4.500 3.606 3.415 3.632 3.684 3.806 3.309 3.492 3.788 3.519 3.269
16 4.459 4.200 4.261 4.312 4.053 4.616 4.197 4.146 4.320 4.216 4.645
17 4.782 5.535 5.695 5.535 5.783 5.680 5.577 5.634 5.478 5.388 5.660
18 6.644 3.543 3.606 3.572 3.555 3.513 3.600 3.522 3.621 3.712 3.601
19 4.008 4.336 4.496 4.439 4.326 4.436 4.482 4.414 4.338 4.595 4.350
20 5.749 5.091 4.943 5.168 5.056 5.170 5.249 4.996 5.183 5.078 5.241
21 2.954 4.286 4.486 4.226 4.389 4.406 4.400 4.348 4.529 4.209 4.424
22 4.724 4.663 4.652 4.722 4.788 4.647 4.713 4.638 4.733 4.824 4.786
23 4.861 3.544 3.092 3.128 3.449 2.916 3.114 3.548 3.546 3.370 3.674
24 9.159 5.436 5.977 6.075 6.062 6.154 5.868 5.898 5.736 5.944 5.789
25 2.824 3.953 3.826 3.982 4.154 3.818 4.119 3.748 3.717 3.922 3.858
26 2.235 3.535 3.498 3.620 3.656 3.527 3.562 3.275 3.569 3.737 3.405
27 3.787 3.637 3.609 3.704 3.642 3.706 3.569 3.855 4.218 3.708 3.387
28 -0.165 0.945 1.150 1.110 1.028 1.119 1.316 1.141 1.944 1.164 1.182
29 4.365 3.126 2.841 2.504 2.336 2.183 2.970 2.366 2.812 2.287 2.464
30 6.982 5.368 4.877 5.266 4.959 5.072 5.038 5.253 4.983 5.031 5.247
31 5.556 5.033 5.002 5.156 5.120 5.122 5.248 5.109 5.200 5.238 5.151
32 4.605 3.838 4.128 3.860 3.920 3.911 4.177 3.836 3.815 3.893 3.832
33 2.381 2.958 3.456 3.524 2.957 2.957 3.259 3.193 3.051 3.442 3.048
34 5.016 4.275 4.332 4.378 4.368 4.081 4.283 4.143 4.537 4.166 4.312
35 0.255 3.984 4.108 4.018 3.952 3.854 3.898 3.669 3.845 3.983 4.029
36 5.937 5.555 5.497 5.742 5.624 5.382 5.378 5.460 5.570 5.712 5.772
37 1.196 3.254 3.065 3.070 2.736 3.541 3.278 3.093 3.033 3.913 3.307
38 2.475 0.856 0.387 0.624 0.576 0.366 0.364 0.482 0.491 0.507 0.381
39 3.525 4.306 4.858 4.645 4.575 4.563 4.771 4.560 4.598 4.664 4.573
40 6.946 5.104 5.737 5.329 5.524 5.401 5.432 5.510 5.458 5.487 5.091
41 6.519 5.667 5.827 5.932 5.958 5.914 5.661 5.795 5.842 5.957 5.718
42 2.001 3.546 3.652 3.513 3.762 3.574 3.165 3.582 3.657 3.656 3.559
43 6.167 5.723 5.600 5.373 5.662 5.390 5.457 5.616 5.627 5.682 5.475
44 4.459 4.480 4.571 4.685 4.471 4.712 4.578 4.381 4.451 4.618 4.725
45 4.673 4.383 4.431 4.328 4.526 4.464 4.457 4.606 4.367 4.447 4.516
46 5.617 5.407 5.207 5.397 5.400 5.323 5.469 5.338 5.409 5.355 5.257
47 1.358 3.187 3.561 3.821 3.498 3.478 3.148 3.802 3.501 3.941 3.855
48 4.228 4.762 4.821 4.750 4.939 4.742 4.730 4.803 4.700 4.700 4.769
49 4.475 4.812 4.964 4.836 4.738 4.274 4.921 4.898 4.872 5.323 4.813
50 2.682 3.086 2.620 3.088 2.768 3.240 2.529 3.111 2.940 3.379 2.732
51 4.297 4.254 4.509 4.545 4.427 4.262 4.300 4.276 4.407 4.476 4.256
52 4.702 4.052 4.181 3.935 3.980 3.987 3.935 4.032 3.879 3.906 3.956
53 4.804 3.811 3.821 3.807 3.772 3.855 3.897 3.953 3.854 3.740 3.737
54 4.741 4.482 4.549 4.733 4.560 4.592 4.603 4.594 4.608 4.599 4.577
55 6.083 4.145 4.198 4.160 4.127 4.090 4.065 3.883 3.856 4.099 4.028
56 4.401 4.312 4.326 4.335 4.383 4.558 4.438 4.316 4.414 4.470 4.401
57 6.101 4.533 4.664 4.929 4.852 4.953 4.756 4.707 4.822 4.892 4.829
58 3.561 3.708 3.661 3.420 3.531 3.552 3.358 3.622 3.492 3.454 3.459
59 4.376 4.149 4.298 4.079 4.196 4.111 4.166 4.007 4.205 4.117 4.218
60 7.960 6.545 6.360 6.611 6.688 6.358 6.342 6.389 6.355 6.389 6.305
61 2.475 4.070 4.410 4.060 3.920 4.114 4.284 4.058 4.055 4.080 4.608
62 4.183 3.476 3.189 3.135 4.062 3.089 3.279 3.404 3.377 2.984 3.134
63 2.857 3.043 3.116 3.328 3.239 3.106 3.091 3.154 2.805 3.244 2.924
64 0.776 0.616 -0.004 0.530 0.696 0.616 0.827 0.624 1.938 0.493 0.815
65 6.190 5.133 5.314 5.212 5.357 5.125 5.267 5.080 5.190 5.175 5.304
66 5.520 5.333 5.377 5.457 5.357 5.211 5.309 5.252 5.114 5.211 5.224
67 4.613 4.550 4.561 4.594 4.548 4.402 4.655 4.599 4.487 4.475 4.493
68 0.670 2.411 1.555 2.507 2.314 2.396 2.655 2.440 2.369 2.336 2.552
69 6.056 5.425 5.387 5.514 5.453 5.427 5.302 5.454 5.323 5.416 5.410
70 4.598 4.940 5.198 5.034 4.914 5.286 4.924 4.936 4.943 5.053 5.035
71 5.317 6.278 6.144 6.184 6.000 6.225 5.938 6.129 6.116 6.104 5.885
72 4.635 5.455 5.634 5.538 5.614 5.583 5.715 5.478 5.675 5.602 5.584
73 4.529 4.647 4.684 4.864 4.598 4.502 4.554 4.575 4.708 4.780 4.741
74 5.700 5.340 5.226 5.278 5.352 5.205 5.343 5.244 5.319 5.339 5.348
75 0.325 4.467 4.412 4.395 4.401 4.478 4.599 4.322 4.401 4.488 4.342
76 3.984 4.006 3.822 3.963 3.891 3.624 3.373 3.575 3.951 3.174 4.574
77 2.208 2.919 2.760 3.291 2.976 2.958 3.315 3.106 3.002 3.125 3.142
78 1.653 4.497 4.483 4.476 4.412 4.515 4.481 4.404 4.460 4.419 4.512
79 0.088 4.541 4.576 3.245 4.521 4.401 3.873 4.421 4.376 4.234 4.125
80 4.196 2.779 2.907 2.814 3.104 2.964 3.079 2.978 3.050 3.215 2.981
81 5.336 5.426 5.695 5.367 5.507 5.198 5.315 5.508 5.347 5.451 5.692
82 1.105 3.127 3.096 2.900 2.955 3.285 3.065 2.879 2.925 3.495 3.158
83 5.846 4.432 4.256 4.545 4.078 4.286 4.301 4.441 4.714 4.334 4.504
84 4.113 4.472 4.374 4.497 4.569 4.474 4.574 4.515 4.394 4.428 4.513
85 2.631 3.910 3.898 4.428 4.382 4.386 4.183 4.233 3.834 4.580 4.298
86 6.261 6.326 6.048 6.314 6.115 6.343 6.073 6.224 5.953 6.244 6.328
87 5.048 5.083 4.971 5.201 4.954 5.020 4.781 5.115 4.823 4.862 5.081
88 4.858 5.439 5.421 5.485 5.456 5.420 5.526 5.308 5.277 5.326 5.388
89 4.779 4.319 4.364 4.208 4.337 4.238 4.236 4.268 4.259 4.276 4.392
90 3.835 5.034 5.239 5.049 5.103 5.264 4.953 5.329 5.346 4.989 5.208
91 5.064 3.416 3.146 2.835 2.860 2.721 3.211 3.077 3.337 2.756 3.378
92 4.003 4.144 4.104 4.164 4.114 4.061 4.294 4.154 4.362 4.274 4.282
93 3.404 4.351 4.162 4.052 4.251 4.205 3.654 3.749 4.289 4.325 4.196
94 4.951 4.886 4.866 4.840 4.860 4.722 4.848 4.527 4.866 4.637 4.781
95 5.505 5.303 5.095 5.193 5.303 5.179 5.195 5.202 5.223 5.135 5.195
96 1.857 4.235 4.094 4.204 4.104 4.553 4.010 4.515 4.422 4.049 3.945
97 4.632 5.392 5.893 5.664 5.791 5.801 5.517 5.568 5.712 6.260 6.019
98 5.177 4.932 5.286 5.151 5.437 5.282 5.403 5.297 5.232 4.998 5.527
99 5.978 5.201 5.349 5.496 5.356 5.348 5.405 5.607 5.318 5.180 5.125
100 4.146 3.421 3.296 3.686 3.220 3.848 3.353 3.397 3.491 3.330 3.423
101 4.954 5.125 4.980 5.243 5.311 5.548 5.267 5.355 5.284 5.326 5.333
102 5.806 5.325 5.265 5.554 5.355 5.221 5.337 5.367 5.329 5.233 5.191
103 5.033 4.517 4.507 4.482 4.584 4.605 4.443 4.614 4.362 4.531 4.493
104 4.395 3.833 3.946 3.948 3.979 4.021 4.108 4.029 3.710 3.984 3.715
105 5.093 3.441 3.066 3.298 3.468 3.241 3.544 3.264 3.258 3.575 3.450
106 3.250 4.423 4.524 4.511 4.520 4.369 4.361 4.451 4.505 4.471 4.330
107 2.760 4.670 4.746 4.613 4.364 4.703 4.453 4.573 4.797 4.682 4.498
108 1.182 4.531 4.427 4.408 4.409 4.155 4.134 4.472 4.406 4.349 4.478
109 4.028 4.993 4.994 4.772 4.984 4.961 4.976 4.932 4.978 4.907 5.121
110 5.190 4.155 4.032 4.096 4.179 3.570 4.155 3.916 3.985 4.118 4.365
111 4.988 4.490 4.608 4.799 4.525 4.435 4.778 4.612 4.620 4.706 4.737
112 6.799 5.641 6.105 5.949 6.137 5.851 5.980 6.038 6.124 5.992 5.907
113 5.414 3.459 3.313 3.232 3.277 4.063 4.135 3.082 3.354 3.176 3.963
114 4.414 3.679 3.652 3.568 3.620 3.731 3.633 3.620 3.822 3.860 3.520
115 5.635 4.527 4.305 4.502 4.507 4.390 4.345 4.616 4.415 4.532 4.507
116 4.883 4.574 4.677 4.599 4.493 4.729 4.696 4.723 4.682 4.726 4.661
117 4.712 3.787 3.892 4.126 3.783 4.027 3.853 3.890 3.771 3.884 3.970
118 4.758 4.396 4.653 4.453 4.401 4.176 4.465 4.416 4.430 4.467 4.651
119 3.147 4.234 4.620 4.544 4.384 4.256 4.538 4.611 4.043 4.659 4.486
120 5.580 5.611 5.912 5.865 5.510 6.038 5.815 5.614 5.607 5.567 5.614
