data_index logt12.observed logt12.predicted.repeat1 logt12.predicted.repeat2 logt12.predicted.repeat3 logt12.predicted.repeat4 logt12.predicted.repeat5 logt12.predicted.repeat6 logt12.predicted.repeat7 logt12.predicted.repeat8 logt12.predicted.repeat9 logt12.predicted.repeat10
1 4.702 4.342 4.260 4.576 4.342 4.342 4.342 4.460 4.659 4.343 4.342
2 4.724 5.038 4.559 4.679 5.068 4.615 4.451 4.558 4.686 4.735 4.561
3 3.525 4.718 4.821 4.620 4.626 4.821 4.620 4.821 4.671 4.706 4.821
4 5.414 3.925 4.409 4.011 3.747 4.269 4.061 4.025 4.205 4.338 4.415
5 4.632 5.487 5.631 5.521 5.874 5.766 5.473 5.251 5.933 5.775 5.830
6 4.475 4.760 4.772 4.570 4.459 4.912 4.748 4.401 4.962 4.736 5.060
7 0.088 3.550 3.069 3.516 3.658 3.428 2.990 3.751 3.441 3.488 3.710
8 2.475 3.885 3.814 3.827 3.884 3.885 3.899 3.657 3.335 3.402 3.884
9 4.763 4.858 4.317 4.277 4.305 4.658 4.480 4.308 4.481 3.893 2.892
10 4.721 3.844 4.456 4.285 3.842 4.166 4.196 3.625 4.615 4.311 3.926
11 5.635 4.760 4.575 4.576 4.645 4.576 4.495 4.575 4.376 4.395 4.376
12 0.776 0.239 0.195 0.149 0.152 3.533 0.104 0.002 0.135 0.495 2.254
13 3.984 3.030 3.814 3.784 3.492 3.682 2.887 3.657 3.522 3.238 3.503
14 0.255 1.043 1.121 1.036 1.064 3.747 1.130 1.075 1.128 1.364 2.550
15 5.016 5.152 5.144 5.126 5.194 5.229 5.147 5.129 5.186 5.122 2.988
16 5.083 4.998 4.646 4.815 4.864 4.755 4.658 4.647 4.633 5.368 4.485
17 4.758 5.219 5.227 5.020 5.061 5.290 4.912 4.905 5.037 4.971 5.135
18 4.565 4.607 5.043 4.767 4.750 4.882 4.774 4.812 4.684 4.911 4.917
19 5.846 6.771 7.238 6.708 6.388 6.921 6.757 6.735 6.664 7.279 6.837
20 5.048 3.947 3.532 4.123 3.590 3.706 3.996 3.219 3.364 3.877 3.415
21 5.336 6.090 5.879 5.494 5.651 5.901 5.820 5.351 5.439 5.988 5.121
22 4.782 2.977 2.914 3.162 2.958 3.344 3.271 2.834 3.102 3.339 3.821
23 6.101 6.116 5.328 5.199 6.053 5.606 5.646 5.025 4.935 5.752 5.050
24 4.999 7.578 7.312 6.917 7.256 7.302 7.437 8.087 7.005 7.201 7.381
25 0.325 3.517 3.830 3.504 3.884 3.458 3.448 3.980 3.573 3.247 3.409
26 5.580 5.513 5.357 5.777 5.650 6.297 5.478 6.114 5.663 5.536 5.301
27 4.196 3.047 3.248 3.247 3.047 3.178 3.048 3.048 3.094 3.247 3.409
28 3.147 3.136 3.717 2.948 3.428 3.358 3.932 2.932 4.061 3.492 3.788
29 4.459 4.355 4.108 4.005 3.231 4.154 4.154 4.309 3.851 4.154 4.143
30 4.712 4.475 4.773 4.766 4.487 4.708 4.309 4.636 4.569 4.569 4.617
31 4.228 5.054 5.215 4.990 4.959 5.054 5.055 4.907 5.009 5.124 5.054
32 4.459 4.933 4.832 4.933 4.833 4.832 4.832 4.832 4.778 4.783 4.934
33 5.033 4.778 4.633 4.632 4.633 4.632 4.632 4.632 4.778 4.632 4.632
34 5.520 4.855 4.854 4.990 4.959 5.192 4.854 5.054 5.055 4.941 4.759
35 5.093 3.750 3.392 3.427 3.154 3.366 3.266 3.273 3.626 3.381 3.308
36 1.105 2.582 2.582 2.582 2.503 2.582 2.393 2.156 2.582 2.783 2.236
37 2.824 3.664 3.689 3.789 3.816 3.465 3.559 3.300 3.701 2.928 3.618
38 4.673 4.735 4.685 4.505 4.653 4.539 4.440 4.528 4.489 4.678 4.716
39 1.358 1.296 1.297 1.297 1.296 1.297 1.297 1.297 1.296 1.296 1.296
40 4.635 2.581 2.840 2.988 2.620 2.774 2.512 2.845 2.541 3.046 2.414
41 1.857 3.613 3.849 3.736 3.872 3.387 3.314 3.263 3.824 3.478 3.872
42 4.779 4.924 4.657 4.712 4.857 4.941 4.677 5.134 4.779 5.225 4.606
43 4.605 5.180 4.966 4.965 5.210 5.361 4.966 4.966 4.624 4.623 4.966
44 3.598 4.319 4.980 4.992 4.753 4.731 4.848 4.813 5.005 4.964 4.839
45 6.092 5.212 4.934 5.430 5.255 5.643 5.076 6.132 5.223 5.190 4.923
46 5.806 5.314 5.027 5.441 5.006 5.056 5.187 5.297 5.174 5.313 5.064
47 6.190 5.352 5.488 6.270 5.236 5.436 5.820 5.278 5.887 5.532 5.661
48 4.878 4.632 4.668 4.632 4.633 4.571 4.632 4.632 4.559 4.684 4.632
49 9.159 7.463 7.708 7.044 7.861 7.476 7.903 7.718 7.359 7.620 7.086
50 2.542 2.579 2.579 2.779 2.668 2.780 3.159 2.714 2.779 2.775 3.183
51 4.146 2.879 2.923 3.093 2.968 3.074 2.923 2.923 2.952 2.999 2.972
52 2.857 3.728 3.156 3.396 3.678 3.696 3.772 3.714 3.987 3.374 3.727
53 4.598 5.054 4.854 4.958 5.054 5.192 5.054 5.176 5.032 4.926 5.420
54 4.732 4.933 4.934 4.778 4.778 4.571 4.821 4.778 4.559 4.778 4.934
55 3.835 4.395 4.907 4.442 3.867 4.223 4.846 4.427 4.487 4.485 4.663
56 6.946 6.716 6.789 6.211 6.496 6.770 6.655 7.423 6.119 7.336 6.757
57 2.208 2.958 3.393 3.270 2.957 3.114 2.958 3.401 3.334 3.250 3.573
58 4.741 4.957 4.958 4.957 4.957 4.850 4.957 4.957 4.957 4.957 4.957
59 4.951 4.841 4.841 4.841 4.841 4.841 4.841 4.841 4.841 4.841 4.841
60 2.235 3.873 3.956 3.889 4.270 3.626 4.321 3.748 3.700 4.493 3.661
61 4.858 4.962 5.054 5.028 5.054 4.862 5.420 5.054 5.055 4.918 4.854
62 4.857 4.840 4.851 4.841 4.851 4.850 4.851 4.850 4.851 4.851 4.851
63 6.982 6.211 6.421 6.411 6.090 6.155 6.244 6.791 5.898 6.273 6.352
64 6.083 3.735 3.735 3.735 3.735 3.735 3.419 3.735 3.735 3.735 3.935
65 4.561 4.524 4.379 4.631 4.528 4.067 4.525 4.523 4.525 4.633 4.525
66 3.561 4.295 3.619 4.072 3.522 4.515 4.321 3.780 3.943 4.168 4.019
67 4.635 6.085 5.871 5.800 5.666 5.903 5.802 5.800 5.930 5.800 5.800
68 2.954 5.404 5.405 5.405 5.405 5.404 5.405 5.405 5.464 5.447 5.605
69 5.617 6.298 6.668 6.822 6.618 6.026 6.148 6.347 6.376 6.721 6.651
70 5.505 4.269 4.556 4.481 4.289 4.433 3.897 4.447 4.125 3.923 4.469
71 7.960 7.616 6.461 6.281 7.062 7.205 6.386 7.076 7.033 7.148 6.559
72 4.028 5.119 5.003 5.026 5.389 4.767 5.300 5.158 5.468 5.301 5.490
73 4.511 5.265 5.417 5.417 5.417 5.324 5.417 5.423 5.649 5.417 5.417
74 6.519 5.525 5.174 5.141 4.881 5.232 4.874 5.227 4.817 4.833 5.181
75 6.261 7.418 7.232 7.566 7.836 7.612 7.593 7.172 7.253 7.714 7.664
76 4.365 2.958 2.308 2.757 2.757 2.757 2.958 2.757 2.757 2.757 2.757
77 2.760 5.179 5.045 4.634 5.003 5.163 4.992 5.078 4.750 5.094 5.131
78 4.104 3.504 3.978 4.032 3.503 3.936 3.830 4.032 3.504 3.830 3.919
79 4.359 4.242 4.705 4.235 4.441 4.236 4.399 4.241 4.239 4.268 4.704
80 2.679 2.642 2.715 2.642 2.930 2.844 3.159 2.916 2.642 2.775 2.841
81 2.631 3.699 3.762 3.644 3.536 3.692 4.043 3.653 3.786 3.811 4.089
82 1.182 3.596 3.214 3.654 3.531 3.120 2.980 3.751 3.196 3.349 2.965
83 5.177 5.844 5.972 6.270 6.090 5.641 5.277 5.526 5.765 5.634 6.028
84 4.515 3.216 3.069 3.192 3.063 3.120 3.345 2.941 3.239 3.027 2.965
85 1.196 1.458 1.290 1.458 1.458 1.458 1.458 1.458 1.457 1.458 1.458
86 5.064 3.306 3.619 3.660 3.522 3.575 3.469 3.748 3.604 3.461 3.661
87 4.861 2.879 3.038 2.843 2.924 3.085 3.251 3.081 2.952 2.928 2.956
88 5.190 3.039 3.156 3.124 3.054 2.753 3.592 3.767 3.127 3.509 3.037
89 3.787 2.449 3.121 2.150 1.891 2.604 2.700 2.938 3.140 2.184 2.968
90 0.255 2.844 2.516 3.032 3.010 2.856 2.922 2.831 2.807 2.768 2.724
91 2.954 5.238 4.119 3.686 4.933 4.068 4.446 4.200 3.985 4.480 4.555
92 2.682 2.219 2.450 2.195 1.859 1.749 1.346 2.156 2.506 1.886 2.245
93 1.033 1.623 1.695 1.939 2.338 1.765 2.130 2.026 1.792 1.762 1.948
94 6.167 7.210 6.475 7.126 6.663 6.800 7.210 7.520 7.191 6.800 6.738
95 3.250 4.730 4.809 4.949 4.972 4.925 4.619 5.456 4.714 5.041 4.501
96 4.804 4.100 4.236 4.237 4.111 4.074 4.240 4.237 4.259 4.259 4.238
97 4.183 3.376 3.314 3.623 3.329 3.400 3.470 3.410 3.168 3.251 3.485
98 2.001 2.779 2.715 2.780 2.716 2.642 2.642 2.907 2.745 2.779 2.673
99 4.529 5.121 5.330 5.923 5.835 5.739 6.400 6.067 6.062 5.807 6.121
100 6.056 5.487 5.619 5.597 5.590 5.778 4.974 5.015 4.678 5.501 5.300
101 5.700 5.769 6.019 5.490 6.081 5.550 5.783 6.188 5.413 4.766 5.643
102 5.937 6.164 6.057 5.612 6.518 6.221 6.045 6.140 5.418 5.962 6.026
103 4.954 4.959 4.958 4.958 5.420 5.192 4.923 4.959 4.958 4.759 5.420
104 4.008 2.881 3.114 2.806 2.696 2.825 2.857 2.806 2.606 2.806 2.806
105 6.799 5.403 5.666 5.565 5.523 5.550 5.555 5.878 5.622 4.877 5.321
106 5.317 5.313 5.617 5.413 5.293 5.382 4.610 5.182 4.832 4.611 4.611
107 5.556 6.079 5.773 5.774 5.388 5.565 5.773 5.933 6.023 4.556 4.883
108 7.898 5.986 6.121 6.445 6.758 6.094 5.962 6.128 5.185 5.363 5.454
109 5.749 5.216 5.217 4.981 4.610 5.324 4.610 4.808 4.838 5.066 4.611
110 5.978 5.542 5.574 5.747 5.385 5.847 5.678 5.568 6.220 4.877 5.321
111 4.883 2.902 2.482 2.390 2.713 2.749 1.932 3.281 2.334 2.208 2.699
112 3.404 4.204 4.204 4.204 4.204 4.204 4.271 4.204 4.204 4.204 4.477
113 4.405 3.830 3.698 3.425 3.048 3.568 3.567 3.390 3.785 3.534 3.228
114 4.401 4.876 4.809 4.216 4.890 5.045 4.753 4.554 4.565 4.783 4.842
115 4.414 3.536 3.307 3.392 3.552 3.740 3.575 3.613 3.386 2.750 3.396
116 4.297 4.174 4.645 4.449 3.014 4.228 4.330 4.184 4.029 3.421 4.015
117 4.113 3.111 3.134 2.664 1.974 3.538 2.719 3.113 3.151 3.329 3.397
118 4.376 4.194 4.430 4.580 4.240 4.195 4.360 4.776 4.281 4.283 3.994
119 1.653 4.031 3.550 3.785 3.762 3.495 3.658 3.624 3.609 3.470 3.312
