data_index Htime.observed Htime.predicted.repeat1 Htime.predicted.repeat2 Htime.predicted.repeat3 Htime.predicted.repeat4 Htime.predicted.repeat5 Htime.predicted.repeat6 Htime.predicted.repeat7 Htime.predicted.repeat8 Htime.predicted.repeat9 Htime.predicted.repeat10
1 4.857 4.154 4.604 4.307 3.959 4.712 4.499 4.503 4.615 4.809 4.394
2 2.679 2.557 2.639 2.645 2.793 2.496 2.462 2.607 2.502 2.934 2.584
3 4.721 4.534 4.594 4.481 4.714 4.521 4.599 4.582 4.547 4.514 4.519
4 4.999 6.311 6.559 6.424 6.503 6.455 6.421 6.447 6.386 6.408 6.246
5 2.954 5.087 5.118 5.097 5.094 5.076 5.119 5.136 5.036 5.055 5.098
6 4.732 4.810 4.321 4.728 4.632 4.691 4.648 4.680 4.668 4.408 4.763
7 2.542 3.138 2.972 3.102 3.131 3.321 3.192 3.189 3.148 3.124 3.191
8 4.437 4.498 4.423 4.498 4.394 4.295 4.436 4.451 4.402 4.603 4.352
9 4.511 5.599 5.580 5.477 5.614 5.533 5.558 5.546 5.475 5.506 5.458
10 4.561 4.842 4.649 4.871 4.793 4.902 4.679 4.807 4.934 4.621 4.876
11 4.515 3.114 4.122 3.154 4.535 4.588 2.947 2.957 2.863 3.098 4.735
12 6.033 5.109 5.315 4.946 5.205 4.946 5.182 5.229 5.417 5.238 5.295
13 4.401 4.930 4.790 5.019 5.018 4.807 4.809 4.791 4.780 4.777 4.860
14 4.565 4.704 4.652 4.509 4.677 4.659 4.629 4.622 4.619 4.532 4.735
15 4.500 2.935 2.881 2.866 2.918 2.864 2.882 3.184 3.093 2.898 2.786
16 4.459 3.867 3.914 4.074 3.813 4.055 3.963 3.824 3.960 4.047 3.862
17 4.782 5.667 5.473 5.795 5.782 5.688 5.726 5.753 5.730 5.912 5.716
18 6.644 4.628 4.602 4.204 4.156 4.239 4.385 4.206 4.302 4.153 4.312
19 4.008 3.838 3.543 3.525 3.626 3.504 3.505 3.593 3.482 3.436 3.645
20 5.749 5.137 5.128 5.120 5.075 5.067 5.081 5.045 5.129 5.184 5.130
21 2.954 4.623 4.428 4.372 4.690 4.547 4.456 4.364 4.331 4.441 4.335
22 4.724 4.631 4.642 4.699 4.527 4.797 4.691 4.726 4.616 4.687 4.657
23 4.861 2.992 3.281 2.907 2.707 3.041 2.989 3.241 3.538 2.878 3.058
24 9.159 7.323 7.317 7.180 7.309 7.478 7.407 7.344 6.986 7.418 7.443
25 2.824 3.996 3.421 3.574 3.771 3.521 3.572 3.489 3.396 3.452 3.492
26 2.235 3.088 3.469 3.379 3.147 3.523 3.160 3.211 3.635 3.236 3.280
27 3.787 3.140 3.575 3.630 3.961 3.381 4.406 3.580 3.308 3.633 3.793
28 -0.165 0.619 -0.088 0.190 0.294 0.304 0.038 0.191 0.378 0.184 0.600
29 4.365 2.827 2.868 2.950 2.853 2.853 2.861 2.954 2.906 2.777 2.740
30 6.982 5.456 5.828 5.442 5.194 6.039 5.533 5.438 5.394 5.349 5.630
31 5.556 5.377 5.312 5.155 5.314 5.117 5.165 5.331 5.218 5.166 5.243
32 4.605 4.757 4.642 4.759 4.744 4.758 4.731 4.750 4.738 4.682 4.685
33 2.381 3.594 3.424 3.290 3.420 3.626 3.306 3.162 3.621 3.597 3.310
34 5.016 5.057 4.891 4.871 4.983 5.233 4.981 4.950 4.223 5.009 5.115
35 0.255 3.267 3.244 3.163 2.999 3.357 3.103 3.519 3.678 2.665 3.340
36 5.937 5.286 5.831 5.801 5.511 5.827 5.802 5.275 5.761 5.666 5.782
37 1.196 2.099 1.969 3.104 2.074 2.187 2.139 2.113 3.018 1.902 1.872
38 2.475 0.319 0.644 0.611 1.590 0.619 0.742 0.446 0.395 1.238 0.401
39 3.525 3.492 3.238 3.367 3.129 3.547 3.163 3.238 3.402 3.241 3.344
40 6.946 6.339 6.258 5.796 6.059 5.985 5.682 5.967 5.703 5.997 6.317
41 6.519 5.224 5.038 5.369 5.252 5.097 5.095 5.182 5.247 5.192 5.308
42 2.001 2.833 2.672 2.647 2.500 2.762 2.704 2.616 2.664 2.906 2.506
43 6.167 5.877 5.863 5.807 5.487 5.625 6.282 5.719 5.850 5.913 5.807
44 4.459 3.738 4.198 4.789 3.902 4.196 4.305 4.228 4.188 4.296 4.169
45 4.673 4.826 4.750 4.512 4.670 4.615 4.661 4.758 4.659 4.705 4.717
46 5.617 5.456 5.469 5.417 5.327 5.317 5.457 5.458 5.362 5.482 5.467
47 1.358 2.192 2.041 3.187 2.041 2.486 1.933 1.994 3.169 2.527 2.137
48 4.228 5.025 4.894 5.057 4.904 4.671 5.146 4.937 4.960 4.896 4.920
49 4.475 4.005 4.075 4.123 4.034 4.012 4.662 3.811 4.231 3.802 4.147
50 2.682 1.809 1.405 1.513 1.704 1.697 1.589 2.609 1.557 1.522 1.208
51 4.297 4.606 4.333 4.357 4.524 4.253 4.415 4.457 4.350 4.318 4.414
52 4.702 4.603 4.606 4.650 4.605 4.663 4.629 4.694 4.638 4.557 4.655
53 4.804 3.429 3.452 3.630 3.853 3.533 3.498 3.657 3.634 3.542 3.822
54 4.741 4.239 4.252 4.244 4.275 4.291 4.333 4.219 4.295 4.151 4.321
55 6.083 4.892 4.963 4.978 4.042 4.823 5.032 5.037 4.755 4.330 4.879
56 4.401 4.673 4.597 4.515 4.185 4.598 4.501 4.844 4.544 4.662 5.207
57 6.101 5.137 5.051 5.024 4.948 4.664 5.129 5.112 5.063 5.038 5.068
58 3.561 3.564 3.393 3.263 3.595 3.613 3.390 3.381 3.485 3.603 3.630
59 4.376 3.856 3.840 3.732 3.971 3.838 3.769 3.883 3.949 4.279 3.812
60 7.960 6.951 6.834 6.908 6.907 6.936 6.706 6.993 6.989 6.951 6.916
61 2.475 3.142 2.941 3.036 3.100 3.042 3.085 3.198 2.944 3.008 3.001
62 4.183 3.003 3.227 3.149 3.239 2.944 3.187 2.961 3.154 2.931 3.102
63 2.857 3.807 3.705 3.613 3.779 3.616 3.815 3.582 3.841 3.834 3.608
64 0.776 2.264 1.880 1.895 1.936 1.755 1.814 1.910 2.171 2.178 2.211
65 6.190 5.801 5.893 5.528 5.731 5.477 5.784 5.743 5.379 5.829 5.623
66 5.520 5.797 5.340 5.952 5.786 5.665 5.243 5.284 5.755 5.600 5.997
67 4.613 4.751 4.553 4.608 4.624 4.557 4.580 4.553 4.519 4.545 4.506
68 0.670 1.740 1.862 1.729 1.975 1.746 1.771 1.943 1.831 1.762 1.815
69 6.056 5.358 5.330 5.263 5.288 5.186 5.330 5.290 5.355 5.223 5.250
70 4.598 5.239 5.066 4.993 5.026 5.463 5.224 5.357 5.083 5.382 4.677
71 5.317 5.424 5.238 5.231 5.220 5.050 5.214 5.030 5.222 5.181 5.268
72 4.635 5.792 5.808 5.765 5.731 5.860 5.776 5.767 5.778 5.775 5.726
73 4.529 3.749 3.777 3.617 3.689 3.716 3.752 3.768 3.764 3.779 3.722
74 5.700 5.749 5.852 5.988 5.870 5.894 5.874 5.867 5.887 5.712 5.866
75 0.325 3.674 3.301 3.503 3.495 3.181 3.467 3.306 3.299 3.726 3.291
76 3.984 4.018 3.868 3.846 3.677 3.865 3.837 3.767 3.763 3.990 3.781
77 2.208 3.318 3.163 3.400 3.473 3.646 3.069 3.120 3.716 3.396 3.367
78 1.653 4.347 4.363 4.419 4.337 4.410 4.234 4.395 4.292 4.325 4.267
79 0.088 3.583 3.514 2.885 3.392 3.531 3.584 3.041 2.949 3.345 3.776
80 4.196 2.861 2.933 2.760 2.805 2.702 2.832 2.864 2.907 2.838 2.984
81 5.336 5.186 5.761 5.580 5.776 5.540 5.479 5.779 5.386 5.410 5.564
82 1.105 2.759 2.774 3.042 2.915 2.846 2.866 2.861 2.799 2.832 2.829
83 5.846 3.818 3.967 3.852 4.266 4.149 3.979 3.979 4.037 3.899 3.934
84 4.113 3.987 4.164 4.214 4.186 3.934 3.939 4.111 4.046 4.132 4.145
85 2.631 3.789 3.788 4.029 3.519 3.560 3.967 3.882 3.889 4.152 4.047
86 6.261 5.782 5.762 5.795 5.844 5.753 5.763 5.781 5.675 5.732 5.841
87 5.048 5.336 5.158 5.375 5.175 5.250 5.098 5.249 5.212 5.547 5.233
88 4.858 5.449 5.813 5.454 5.503 5.341 5.734 5.369 5.474 5.817 5.887
89 4.779 4.501 4.512 4.418 4.446 4.605 4.509 4.573 4.490 4.470 4.479
90 3.835 4.324 3.481 4.546 4.220 4.394 4.487 4.180 4.017 3.205 4.456
91 5.064 3.275 3.184 3.068 3.196 3.104 3.171 3.176 3.179 3.281 3.271
92 4.003 4.155 3.984 4.104 4.052 4.200 4.345 4.106 3.997 4.139 4.148
93 3.404 4.651 4.664 4.692 4.476 4.710 4.799 4.898 4.334 4.665 4.704
94 4.951 4.335 4.587 4.324 4.190 4.629 4.449 4.709 4.659 4.688 4.427
95 5.505 4.210 4.224 4.162 4.064 4.168 4.165 4.001 4.194 3.997 4.192
96 1.857 4.172 4.551 4.507 4.542 4.430 4.334 4.609 4.368 4.544 4.259
97 4.632 5.248 5.503 5.029 5.277 5.440 5.414 5.417 5.364 5.364 5.312
98 5.177 5.266 5.358 5.236 5.260 5.246 4.855 5.193 5.187 4.973 5.253
99 5.978 5.596 5.388 5.588 5.542 5.614 5.552 5.865 5.596 5.622 5.572
100 4.146 2.957 3.000 3.250 2.885 3.111 3.074 3.231 2.843 3.059 3.096
101 4.954 5.339 5.418 5.747 5.613 5.518 5.381 5.438 5.406 5.467 5.432
102 5.806 5.262 5.529 5.241 5.625 5.641 5.614 5.941 5.502 5.577 5.589
103 5.033 5.213 5.068 5.324 5.209 5.181 5.212 5.220 5.212 5.185 5.339
104 4.395 3.638 3.777 3.812 3.588 3.792 3.737 3.893 3.507 3.903 3.938
105 5.093 2.965 3.002 2.921 3.463 3.264 2.951 2.957 2.917 2.941 2.876
106 3.250 4.549 4.530 4.689 4.891 4.677 4.682 4.547 4.727 4.763 5.135
107 2.760 4.244 4.161 4.122 4.141 4.283 4.285 4.209 4.143 4.165 3.941
108 1.182 3.815 3.608 3.651 3.663 3.271 3.869 3.620 3.655 3.263 3.804
109 4.028 4.483 4.442 4.320 4.449 4.212 4.301 4.275 4.303 4.357 4.298
110 5.190 2.945 3.161 3.127 3.054 2.906 2.864 2.894 2.896 2.976 3.013
111 4.988 5.206 4.807 4.896 4.916 4.848 5.020 5.143 4.857 4.848 4.909
112 6.799 6.233 6.185 5.923 6.234 6.135 5.897 6.192 6.110 6.172 6.141
113 5.414 3.456 3.228 3.923 3.072 3.887 3.177 3.793 3.547 3.862 3.236
114 4.414 3.351 3.564 3.374 3.271 3.515 3.682 3.630 3.682 3.570 3.451
115 5.635 4.871 5.199 5.212 5.086 5.398 5.296 4.828 5.026 4.862 5.192
116 4.883 4.568 4.600 4.774 4.766 4.573 4.591 4.975 4.714 4.118 4.609
117 4.712 3.960 4.537 4.256 4.029 4.216 4.224 4.389 4.297 4.227 4.272
118 4.758 4.461 4.506 4.611 4.563 4.404 4.586 4.649 4.600 4.434 4.499
119 3.147 3.175 3.324 3.418 3.669 2.820 3.342 3.460 3.668 3.988 3.746
120 5.580 6.105 5.681 5.916 6.380 5.667 5.927 5.987 5.823 5.423 6.006
