data_index lambdaa.observed lambdaa.predicted.repeat1 lambdaa.predicted.repeat2 lambdaa.predicted.repeat3 lambdaa.predicted.repeat4 lambdaa.predicted.repeat5 lambdaa.predicted.repeat6 lambdaa.predicted.repeat7 lambdaa.predicted.repeat8 lambdaa.predicted.repeat9 lambdaa.predicted.repeat10
1 342.000 338.220 336.315 337.317 336.249 340.663 334.325 337.713 337.214 339.400 339.120
2 336.000 340.612 343.107 361.691 350.382 340.587 350.014 390.481 362.789 359.223 351.920
3 434.000 439.040 439.410 440.533 436.514 441.391 436.694 428.919 438.732 445.982 434.183
4 320.000 337.411 346.559 341.655 345.301 343.407 344.439 333.193 332.357 337.980 336.886
5 317.000 337.995 336.500 344.248 338.229 350.370 340.616 338.113 338.795 339.743 338.505
6 432.000 444.491 439.535 437.257 441.987 438.109 444.877 436.560 440.761 437.408 437.250
7 419.000 434.047 438.793 433.594 435.104 449.637 438.031 435.783 433.417 438.666 436.521
8 554.000 555.626 559.263 557.409 561.504 547.601 557.730 549.828 555.429 563.789 559.159
9 438.000 448.306 437.517 434.162 444.822 447.183 444.442 452.983 446.390 442.944 449.640
10 315.000 316.090 315.373 317.274 315.963 316.330 316.002 318.673 317.915 316.097 317.283
11 325.000 319.513 326.194 332.406 335.959 307.486 331.738 314.515 334.366 324.178 326.372
12 492.000 450.063 472.258 423.164 453.273 436.604 439.542 462.912 440.682 443.697 452.531
13 370.000 366.485 365.841 367.178 365.225 365.716 366.537 364.382 365.409 366.202 367.739
14 424.000 421.594 422.101 423.688 422.014 422.948 422.507 421.555 421.375 422.128 422.091
15 400.000 403.547 402.316 400.236 401.734 402.033 403.181 403.074 403.368 400.403 400.983
16 406.000 400.860 402.699 399.496 404.988 402.665 401.949 402.217 402.747 403.475 400.718
17 429.000 414.586 421.107 420.788 429.567 424.520 418.084 420.845 419.351 419.343 415.900
18 450.000 439.268 426.717 441.499 421.119 428.945 436.309 425.481 427.185 438.672 430.958
19 342.000 345.317 341.039 346.827 338.161 344.631 351.929 342.510 343.877 344.171 346.086
20 302.000 390.304 390.608 389.683 397.817 405.201 394.528 397.681 406.545 402.746 400.053
21 437.000 447.320 457.796 446.090 444.812 451.864 446.405 445.565 442.298 443.053 449.094
22 407.000 415.191 412.998 412.790 413.624 415.916 413.958 415.132 411.955 416.240 415.168
23 384.000 393.500 388.553 392.611 393.071 393.045 393.931 392.705 397.282 397.616 394.338
24 371.000 379.669 382.960 382.513 378.716 386.360 386.318 392.012 381.589 382.651 385.890
25 417.000 338.148 339.982 347.976 349.178 342.792 335.287 338.237 354.266 346.266 340.166
26 425.000 430.478 437.244 431.723 427.926 425.798 433.036 432.159 430.017 432.599 420.967
27 350.000 312.792 329.026 324.303 313.942 330.659 335.330 329.795 316.691 322.138 318.877
28 444.000 416.767 418.518 422.369 423.277 421.804 417.816 413.670 419.133 418.320 421.681
29 379.000 355.103 373.159 371.125 370.190 371.358 369.297 371.608 370.547 337.817 373.304
30 400.000 414.681 414.653 413.828 413.352 414.469 413.732 415.590 415.303 416.762 413.411
31 378.000 352.678 377.625 382.787 381.756 376.299 377.878 375.970 373.774 341.020 375.837
32 364.000 367.412 363.353 371.327 367.105 365.674 366.360 363.097 376.429 363.936 361.984
33 360.000 357.600 356.029 354.470 356.538 349.423 357.117 356.058 354.227 351.356 355.160
34 382.000 400.704 399.823 399.721 399.745 397.203 398.171 398.813 397.133 394.975 394.434
35 527.000 493.205 499.829 501.392 481.289 498.243 497.155 501.365 473.352 503.140 496.250
36 408.000 405.191 404.128 405.610 402.740 404.861 403.273 402.403 404.385 404.508 404.338
37 421.000 404.589 399.051 405.076 397.645 386.551 395.488 402.113 396.522 397.657 397.394
38 346.000 356.147 350.871 351.666 348.565 348.886 347.625 347.763 361.354 356.556 350.254
39 478.000 566.218 565.424 564.569 554.681 561.361 567.739 565.143 561.778 568.144 564.962
40 420.000 436.379 435.248 434.261 431.076 433.710 433.248 436.306 436.045 435.774 436.236
41 430.000 478.631 476.051 471.451 464.471 473.067 476.695 469.719 477.801 473.745 471.080
42 623.000 604.097 610.393 607.589 601.230 601.615 598.065 586.499 599.246 588.270 577.679
43 457.000 439.023 440.324 437.647 436.888 435.640 433.625 435.108 443.816 441.588 442.655
44 424.000 437.287 430.035 430.254 437.642 431.151 433.544 428.399 429.658 434.105 433.287
45 456.000 474.224 474.384 456.168 455.432 468.957 472.723 474.886 495.620 475.750 490.811
46 411.000 404.911 404.902 407.053 403.282 403.743 407.361 405.898 404.961 406.324 405.918
47 413.000 446.853 449.665 450.313 446.000 444.378 449.040 445.036 445.339 445.903 448.324
48 332.000 330.665 323.525 323.176 323.724 306.291 327.440 325.607 327.897 322.077 325.577
49 489.000 485.760 480.210 482.225 482.899 486.484 477.301 480.441 486.873 485.192 481.316
50 425.000 417.763 425.863 422.085 424.881 423.142 421.231 419.244 412.121 423.777 424.493
51 359.000 360.086 364.781 366.738 365.585 362.721 364.653 351.595 363.853 355.857 366.862
52 418.000 415.214 415.957 414.351 417.801 414.112 414.430 414.598 414.430 416.293 413.744
53 325.000 328.710 330.022 328.470 328.597 327.719 328.400 329.010 327.815 330.285 326.661
54 447.000 479.971 482.270 472.748 493.359 477.034 473.133 468.547 471.757 475.483 476.044
55 464.000 468.025 464.379 463.729 465.017 468.313 465.472 465.292 456.352 463.370 463.470
56 431.000 431.156 432.345 427.402 432.153 432.153 434.144 426.345 433.231 431.959 431.626
57 332.000 336.038 333.388 337.150 340.452 336.629 332.922 337.103 335.690 334.995 334.321
58 329.000 385.381 403.197 401.982 402.502 395.374 385.994 405.344 393.488 393.250 409.165
59 315.000 301.140 287.786 301.537 298.249 293.647 297.136 292.967 291.838 298.681 295.584
60 396.000 432.224 422.571 415.921 418.870 412.983 412.068 414.599 421.326 410.781 414.089
61 390.000 387.766 383.546 386.558 385.180 382.855 388.348 383.367 388.716 386.714 386.356
62 423.000 462.424 460.499 458.738 458.296 457.429 459.726 460.623 457.994 460.169 460.321
63 430.000 451.263 436.166 435.074 443.025 441.466 442.455 441.623 443.481 446.148 440.308
64 429.000 426.921 427.757 424.737 427.782 428.550 427.508 423.659 426.911 427.284 426.643
65 467.000 461.413 462.988 463.424 453.429 456.654 463.289 453.858 461.539 464.222 460.771
66 602.000 554.856 532.900 548.292 547.095 557.686 532.613 550.909 544.301 525.075 555.150
67 461.000 456.049 459.669 459.521 460.134 457.500 457.882 456.037 449.389 456.685 456.106
68 342.000 337.185 337.099 337.099 337.099 337.100 338.553 337.100 336.899 337.099 337.104
69 545.000 544.603 545.687 544.022 403.008 537.308 538.795 536.250 395.470 545.500 537.826
70 415.000 418.014 415.975 416.849 417.687 417.557 416.322 418.312 416.903 417.578 416.540
71 365.000 387.797 374.410 369.353 373.274 373.492 368.956 370.833 370.296 372.601 370.620
72 429.000 449.395 462.808 468.837 463.236 460.059 460.083 461.219 460.544 456.976 453.825
73 336.000 335.656 336.825 335.658 335.576 333.483 335.990 337.657 335.874 335.255 335.866
74 302.000 312.209 315.753 314.466 315.037 316.253 320.457 315.387 314.323 320.226 316.498
75 426.000 431.631 442.507 437.137 434.679 434.672 438.739 436.653 434.750 432.861 433.904
76 364.000 381.965 389.308 380.850 389.708 365.936 384.516 374.924 382.442 380.018 386.007
77 451.000 425.459 420.240 419.897 420.097 421.353 420.741 419.898 420.098 420.816 420.098
78 573.000 570.578 559.868 572.167 569.005 574.713 575.143 571.064 569.191 571.228 553.100
79 447.000 428.435 444.984 437.099 435.777 438.499 435.257 431.759 439.669 443.927 441.199
80 322.000 353.186 349.464 352.786 356.149 348.172 364.895 356.209 351.430 350.221 358.276
81 586.000 594.252 591.564 591.111 592.333 593.496 592.317 596.347 591.803 591.768 592.154
82 459.000 428.221 435.355 464.316 447.355 448.769 438.376 447.121 447.380 448.982 438.849
83 405.000 398.379 396.838 399.967 400.426 386.755 399.581 398.730 399.822 398.924 398.749
84 434.000 429.352 428.217 431.001 428.896 426.570 428.526 430.668 430.952 428.783 430.267
85 441.000 446.893 437.997 437.324 437.012 434.503 444.346 435.536 435.298 438.398 433.934
86 403.000 402.595 402.514 401.442 402.561 403.090 404.027 404.315 402.465 406.256 403.950
87 450.000 430.159 431.519 429.453 434.289 430.632 432.985 442.269 432.111 417.989 428.469
88 372.000 364.463 367.942 370.175 369.973 368.264 363.460 367.435 367.891 365.143 362.438
89 400.000 401.435 400.047 391.034 407.021 395.871 395.496 390.047 397.896 394.024 385.453
90 545.000 542.414 537.347 541.904 535.626 522.353 512.356 539.894 539.529 542.799 545.064
91 411.000 399.648 398.837 402.575 397.613 407.244 401.984 408.524 402.777 406.547 395.809
92 344.000 334.185 329.405 328.201 329.889 332.040 329.363 333.132 331.771 326.634 330.259
93 502.000 499.439 506.769 493.985 505.604 502.577 505.571 498.167 506.119 488.791 509.016
94 401.000 393.494 397.332 404.948 402.453 401.010 404.632 398.713 402.119 404.993 405.183
95 407.000 404.656 403.398 406.610 406.560 405.943 404.621 405.798 406.402 406.356 407.410
96 444.000 440.994 441.766 447.700 442.154 437.870 443.081 442.694 442.585 445.616 440.804
97 321.000 315.900 316.100 314.810 316.100 316.099 316.100 315.900 316.714 316.100 315.971
98 584.000 581.198 573.247 573.522 581.994 586.438 587.379 578.167 568.508 586.307 583.030
99 480.000 488.158 484.347 495.520 484.581 492.197 490.827 489.173 531.367 492.232 492.224
100 510.000 466.382 470.533 499.936 468.043 473.823 473.523 482.407 473.805 490.871 499.131
101 408.000 406.004 408.795 405.740 405.496 398.410 409.848 407.497 399.609 402.929 395.674
102 323.000 319.402 324.364 316.446 321.355 321.640 321.097 318.951 325.881 319.533 320.660
103 438.000 419.969 408.946 423.715 423.115 423.642 421.647 433.498 427.574 425.076 426.449
104 417.000 416.570 416.562 415.744 416.274 414.963 416.472 415.836 416.213 416.287 414.253
105 429.000 421.118 417.229 415.866 421.193 419.486 423.053 417.992 418.768 419.728 415.404
106 434.000 436.526 436.879 441.537 442.885 439.354 442.959 437.650 442.785 439.559 436.555
107 442.000 462.709 456.425 460.480 474.626 451.342 457.343 455.611 461.691 456.578 457.964
108 410.000 412.729 412.935 411.895 411.603 411.778 412.935 412.390 412.356 412.377 412.702
109 335.000 366.427 370.531 373.091 364.421 371.580 367.110 360.509 369.307 368.743 377.473
110 515.000 506.854 501.470 510.524 508.235 511.045 500.129 506.517 503.504 504.606 505.962
111 400.000 383.068 380.782 389.001 387.002 381.846 389.262 390.207 387.894 387.694 386.424
112 429.000 425.633 426.159 442.665 424.823 442.529 421.032 428.776 428.465 426.454 424.961
113 432.000 460.938 454.556 458.463 443.134 456.517 460.680 460.295 456.787 453.872 455.497
114 335.000 331.127 334.201 331.336 331.788 331.009 330.591 331.653 331.808 330.100 330.939
115 395.000 399.653 391.150 386.026 401.866 399.524 384.094 403.593 401.120 394.088 396.681
116 341.000 390.981 366.889 359.560 382.719 360.880 357.386 358.036 388.907 352.198 354.955
117 425.000 425.612 427.558 425.995 426.938 426.406 425.505 427.497 426.622 427.128 423.503
118 351.000 354.494 355.737 356.478 348.428 355.517 352.456 354.608 350.091 349.110 349.583
119 315.000 313.097 314.284 313.097 313.097 313.096 312.897 313.097 313.097 312.898 313.097
120 320.000 345.010 348.696 351.361 352.535 350.219 353.547 351.118 356.125 345.703 351.407
121 588.000 559.582 584.369 581.206 592.557 595.350 546.809 582.946 585.014 588.137 579.409
122 469.000 483.195 474.804 486.469 481.883 484.358 483.782 474.515 478.636 474.335 464.357
123 321.000 360.400 362.195 358.334 357.672 356.439 357.831 361.312 357.728 359.803 358.209
124 310.000 337.367 347.935 338.909 321.137 354.307 326.110 364.543 327.464 359.374 363.501
125 362.000 336.821 328.190 346.190 331.083 338.027 334.766 333.488 343.998 336.257 343.871
126 332.000 338.335 353.487 336.410 333.801 344.059 353.522 343.437 332.951 336.897 334.678
127 307.000 346.383 343.413 328.455 355.273 343.630 338.971 349.084 344.064 345.108 347.477
128 400.000 391.454 394.935 392.898 394.839 395.831 392.648 391.798 393.248 395.392 395.132
129 490.000 498.513 488.775 488.117 496.124 477.580 481.247 484.713 493.987 494.168 487.345
130 354.000 354.192 358.076 355.502 355.393 358.425 353.334 359.532 358.324 356.024 356.353
131 326.000 337.575 340.005 337.869 340.219 337.517 337.141 336.584 338.677 334.322 334.517
132 326.000 328.409 331.823 332.529 332.736 330.899 332.437 329.855 332.301 332.964 330.621
133 409.000 404.316 406.516 405.514 404.536 409.617 406.080 404.597 404.944 404.666 405.191
134 562.000 486.025 487.156 487.734 498.327 491.778 484.881 491.405 487.725 486.987 494.548
135 332.000 358.186 358.778 360.165 357.730 357.181 358.271 358.638 359.766 359.101 357.333
136 472.000 453.772 456.967 461.970 479.432 463.199 453.734 459.318 457.686 455.110 455.638
137 405.000 406.799 406.953 407.285 407.579 405.043 407.199 407.288 409.152 407.821 406.414
138 394.000 385.222 397.361 395.576 398.323 397.404 399.587 397.950 394.907 397.816 393.707
139 324.000 334.013 339.726 337.205 337.206 335.545 335.245 333.624 334.996 333.590 336.059
140 555.000 560.052 561.479 554.469 565.815 559.711 560.894 561.140 558.540 563.927 559.153
141 324.000 316.091 312.855 323.792 316.973 315.539 320.163 319.236 320.578 315.495 319.617
142 422.000 445.307 451.103 455.251 443.833 444.599 461.487 451.917 451.970 446.434 451.928
143 429.000 427.383 429.874 428.404 430.381 428.173 429.205 427.675 427.537 425.961 424.943
144 314.000 302.085 302.588 307.807 301.340 313.602 302.808 300.702 307.485 300.780 303.778
145 445.000 441.557 435.514 442.427 431.551 441.694 443.882 435.758 440.260 438.773 435.986
146 420.000 428.480 435.640 434.150 429.098 431.222 430.319 430.350 426.879 432.687 427.824
147 350.000 344.699 346.174 348.415 344.356 340.835 345.519 344.964 345.075 347.035 346.096
148 381.000 397.602 366.557 390.949 390.033 381.867 398.455 382.215 394.523 395.005 392.536
149 340.000 394.100 365.065 359.087 392.354 365.449 369.449 371.168 395.694 371.176 369.707
150 462.000 461.783 462.878 458.299 464.035 457.291 464.213 461.874 464.896 462.273 463.742
151 545.000 543.277 546.353 540.403 548.482 545.206 541.904 546.353 546.807 548.605 543.777
152 401.000 405.930 405.688 407.981 414.106 405.940 405.755 405.723 408.267 405.032 408.398
153 450.000 447.703 445.249 444.649 449.571 448.538 448.406 447.275 437.874 448.430 450.048
154 495.000 520.380 525.167 521.541 521.371 517.341 523.388 519.662 518.811 522.373 526.955
155 415.000 407.093 401.632 400.003 390.441 399.308 405.328 400.652 410.488 421.092 384.538
156 580.000 558.764 582.063 589.925 551.260 568.283 588.102 572.475 545.652 596.177 569.598
157 412.000 414.769 418.425 413.765 422.742 420.151 412.491 418.375 418.821 420.200 418.149
158 446.000 448.977 450.613 452.853 451.785 447.783 452.441 451.195 450.897 450.061 450.340
159 330.000 321.717 317.492 317.512 318.815 301.571 314.482 321.107 322.514 313.297 314.561
160 325.000 346.671 337.477 347.075 362.246 351.424 346.319 350.819 352.950 352.977 346.663
161 316.000 339.936 333.889 339.759 344.505 344.315 352.500 346.850 341.170 336.762 337.699
162 408.000 394.976 404.547 401.167 404.481 403.989 412.193 403.767 400.282 403.305 402.355
163 428.000 422.719 427.191 427.673 425.071 429.917 430.542 429.760 426.720 423.797 425.676
164 396.000 422.500 425.356 424.957 429.024 432.510 423.532 425.026 431.125 423.055 423.118
165 385.000 368.828 365.079 367.281 362.806 363.314 370.852 368.604 359.762 367.877 349.437
166 335.000 336.168 333.486 336.192 338.140 336.295 335.571 337.939 335.230 336.763 335.668
167 339.000 337.100 336.429 333.297 333.662 336.605 338.217 334.182 334.072 335.464 338.059
168 419.000 416.405 418.512 422.693 436.171 427.945 425.545 426.562 418.260 422.958 413.032
169 321.000 318.527 313.800 314.075 319.147 314.270 316.650 316.527 314.322 311.273 318.503
170 419.000 419.092 419.514 418.958 418.298 420.781 417.754 418.572 419.284 419.922 419.287
171 423.000 422.723 421.913 414.520 420.615 421.500 410.772 410.036 402.101 420.647 422.119
172 416.000 413.010 412.500 413.450 408.369 413.439 410.553 414.467 413.868 413.880 415.592
173 434.000 411.194 413.759 411.318 410.644 415.711 414.738 417.000 414.140 417.309 418.766
174 329.000 335.184 334.315 332.812 333.591 333.317 336.362 334.064 333.535 332.676 331.767
175 450.000 434.921 452.577 428.910 435.695 434.509 433.071 434.245 436.214 446.330 436.728
176 333.000 333.616 327.305 334.008 333.837 330.145 331.224 328.893 333.406 326.816 333.382
177 420.000 405.087 405.224 404.667 409.450 409.923 413.648 410.090 409.694 410.544 407.728
178 315.000 344.501 346.941 341.460 338.470 343.219 341.717 337.644 338.725 343.786 338.953
179 349.000 344.943 343.724 342.273 341.752 342.397 343.158 340.323 342.404 341.900 342.093
180 431.000 389.410 386.107 383.391 385.603 390.306 387.132 388.739 389.368 389.643 391.688
181 407.000 394.343 393.585 394.471 394.024 393.210 394.050 393.469 393.076 396.082 395.511
182 424.000 423.415 423.344 421.816 423.323 421.695 422.775 424.304 422.778 421.796 418.853
183 425.000 425.288 420.683 423.056 420.751 423.095 421.624 423.268 420.534 421.788 424.760
184 588.000 608.295 600.544 597.906 622.381 606.862 608.837 605.046 606.455 598.354 599.668
185 332.000 323.810 327.382 351.595 324.137 325.398 324.056 328.542 334.505 323.828 317.634
186 379.000 379.740 378.568 387.214 387.709 384.859 386.252 381.673 380.550 380.987 381.279
187 586.000 596.513 589.413 578.923 586.131 591.384 589.173 585.337 601.803 592.369 586.259
188 528.000 543.518 534.896 536.151 547.848 544.124 544.369 531.320 531.103 532.943 537.127
189 425.000 451.658 447.347 451.547 451.970 448.767 448.315 440.183 450.888 456.227 455.009
190 398.000 376.337 383.005 379.026 380.493 384.380 387.344 379.615 383.607 380.521 382.643
191 492.000 504.523 508.210 501.187 501.586 500.148 501.774 502.616 500.037 499.504 502.076
192 395.000 401.496 404.543 403.452 400.485 402.967 401.554 402.355 403.008 400.544 402.520
193 503.000 441.290 447.633 440.715 445.657 439.970 445.922 441.029 444.221 446.559 443.054
194 402.000 404.017 403.640 403.905 404.904 404.580 403.740 404.579 404.375 404.577 404.829
195 316.000 308.795 299.066 315.326 308.076 315.646 313.005 310.051 315.388 308.316 307.012
196 537.000 506.463 522.709 519.247 516.947 511.064 531.411 511.165 522.835 498.909 511.736
197 426.000 391.574 420.874 415.473 423.799 411.352 418.935 420.336 379.895 422.496 421.222
198 414.000 452.022 446.993 447.901 447.901 447.222 447.900 447.364 447.902 447.901 447.901
199 460.000 498.550 488.931 488.709 487.244 488.352 490.203 491.229 494.103 486.710 490.893
200 438.000 436.312 437.434 436.882 436.607 440.398 438.151 437.905 437.563 433.953 433.465
201 418.000 419.767 419.660 418.944 419.595 420.997 416.264 421.406 418.705 415.100 419.956
202 432.000 429.140 426.390 421.845 427.292 427.351 424.100 423.488 426.335 421.291 425.637
203 422.000 414.744 427.096 417.490 418.197 419.933 418.300 415.234 427.573 424.250 416.884
204 450.000 428.692 421.180 423.356 425.495 422.600 424.688 427.109 426.753 424.766 425.704
205 362.000 380.507 358.615 358.563 363.869 358.212 357.822 360.483 357.599 358.764 358.460
206 500.000 452.580 438.335 453.250 440.692 453.311 451.629 452.488 441.511 449.306 443.898
207 361.000 346.507 354.420 355.550 340.652 351.128 352.589 343.845 352.107 346.155 344.223
208 439.000 440.285 438.814 458.600 439.549 437.649 435.815 440.844 436.266 435.736 438.026
209 382.000 312.432 320.438 327.491 319.007 321.878 320.203 305.140 314.798 313.875 319.828
210 446.000 443.465 432.088 448.959 440.775 441.871 441.063 444.562 446.057 442.240 440.566
211 420.000 425.459 428.769 429.858 428.407 435.319 429.449 429.766 428.752 428.190 431.296
212 420.000 417.570 417.104 418.758 418.511 416.915 418.711 417.936 420.048 418.639 417.919
213 488.000 425.229 422.235 406.335 420.715 414.299 427.635 414.412 424.544 409.294 418.727
214 395.000 404.235 400.465 405.922 405.745 403.363 405.188 403.595 404.786 408.346 401.049
215 399.000 393.595 391.699 392.120 393.931 392.171 391.085 389.581 391.442 392.405 392.407
216 356.000 346.091 344.631 347.677 349.046 342.815 348.641 344.465 348.889 347.613 349.740
217 440.000 448.316 442.805 444.814 443.892 443.924 441.829 449.116 444.559 453.439 442.902
218 342.000 362.467 355.359 351.607 356.130 356.620 357.456 357.456 371.281 340.191 356.441
219 535.000 553.434 531.995 541.391 526.371 544.065 533.712 523.288 522.060 539.894 538.681
220 525.000 479.769 494.062 491.043 489.374 483.115 489.958 493.107 487.825 489.745 486.593
221 526.000 518.826 512.729 520.100 516.794 518.925 520.772 520.123 520.761 519.311 514.324
222 318.000 311.467 308.106 318.183 309.405 311.577 310.762 311.496 313.709 310.664 314.267
223 518.000 497.993 498.845 499.994 493.133 490.167 506.792 495.929 503.353 492.370 490.207
224 366.000 356.880 355.217 354.886 358.959 359.204 358.510 357.493 356.824 356.618 355.949
225 349.000 345.027 352.414 346.094 344.777 342.490 345.976 343.999 349.287 344.622 344.925
226 396.000 399.143 398.807 397.241 396.230 396.870 398.013 402.015 397.944 397.632 397.634
227 380.000 382.766 375.251 379.222 382.502 383.322 380.544 379.127 379.866 379.835 379.488
228 375.000 356.723 353.894 355.159 354.039 356.920 348.963 354.171 356.006 356.148 354.382
229 455.000 452.352 452.696 453.826 453.043 455.131 451.509 454.587 454.237 452.050 453.878
230 428.000 445.872 453.454 442.701 449.171 453.044 447.338 449.839 452.922 452.403 453.233
231 334.000 336.018 336.932 334.194 336.021 337.346 336.292 337.091 336.324 334.498 335.653
232 337.000 321.958 323.194 324.556 321.097 325.088 325.529 321.106 322.764 321.081 322.546
233 418.000 419.623 418.734 418.815 411.416 418.380 418.858 418.465 418.463 417.573 419.895
234 310.000 382.048 373.166 361.955 361.055 367.711 368.344 363.110 357.739 360.297 365.453
235 395.000 400.607 402.472 401.017 400.023 402.908 399.459 402.134 402.118 399.311 403.343
236 450.000 441.271 443.994 448.360 452.444 452.579 442.678 450.422 457.448 454.363 443.838
237 368.000 375.609 378.530 373.802 371.631 379.131 373.176 374.458 371.918 373.288 371.664
238 468.000 464.836 459.967 464.392 465.168 461.888 461.731 469.826 463.240 464.353 460.738
239 305.000 325.691 325.507 324.307 314.443 326.345 324.033 326.544 338.546 325.612 322.488
240 303.000 371.326 330.725 343.744 330.227 366.585 346.282 347.467 342.044 327.688 352.480
241 316.000 316.740 312.921 327.568 310.049 318.517 308.914 310.316 316.220 314.486 313.346
242 360.000 372.344 370.486 367.461 370.623 371.170 370.821 371.931 368.608 369.050 369.732
243 466.000 457.494 459.935 456.348 457.266 455.152 455.837 458.587 461.071 459.332 460.592
244 422.000 431.591 429.002 434.174 427.525 436.953 435.046 433.253 433.888 428.490 427.568
245 418.000 444.628 442.921 442.859 436.344 438.185 438.127 437.675 439.471 438.092 430.693
246 409.000 412.015 411.694 411.978 411.461 413.094 411.568 410.843 411.281 410.098 409.763
247 326.000 351.394 353.607 353.482 354.608 352.250 355.323 356.272 352.364 354.586 352.565
248 328.000 336.923 295.469 304.672 310.314 333.921 305.162 313.873 307.934 307.940 310.207
249 369.000 382.170 380.018 382.310 388.453 381.932 379.461 391.499 387.290 387.170 371.893
250 346.000 345.148 336.278 338.861 345.285 339.427 342.415 340.767 348.810 342.970 345.198
251 407.000 412.286 410.904 407.753 412.436 411.754 408.805 410.736 411.200 410.844 411.373
252 414.000 391.793 408.754 399.793 401.153 402.022 401.160 395.887 399.459 406.566 398.951
253 501.000 501.439 504.675 501.313 504.526 510.855 493.226 502.021 501.232 506.251 505.823
254 421.000 419.019 419.425 419.553 420.351 421.090 417.989 419.908 419.001 418.817 419.920
255 316.000 318.987 320.521 320.583 320.418 323.098 320.971 319.795 322.258 320.899 320.295
256 328.000 312.857 325.593 315.782 324.682 317.776 317.805 318.811 317.261 316.608 319.926
257 445.000 478.943 499.577 446.701 492.465 495.854 493.798 510.289 451.598 503.934 500.553
258 371.000 357.443 353.448 351.414 360.693 357.277 360.947 357.065 352.374 354.644 357.786
259 484.000 443.287 443.568 447.822 445.522 446.438 444.893 442.536 447.942 444.940 446.539
260 418.000 417.246 412.427 416.683 419.226 418.860 417.645 419.369 418.482 412.040 417.750
261 371.000 389.329 390.716 385.347 387.910 389.263 385.227 388.697 377.080 389.155 387.572
262 331.000 308.620 295.988 312.289 304.781 303.739 308.085 305.150 308.927 307.467 305.117
263 586.000 538.806 551.627 549.246 547.187 550.152 548.599 548.332 536.589 553.379 547.138
264 434.000 457.437 458.320 456.974 459.271 456.461 453.013 452.734 454.073 454.909 457.050
265 412.000 431.347 432.089 428.832 426.392 431.224 433.643 432.839 430.311 435.798 426.373
266 483.000 434.982 417.036 431.759 433.465 433.763 430.287 430.601 438.307 427.582 445.305
267 393.000 389.318 384.472 386.163 384.163 386.747 387.279 381.889 379.053 381.075 383.106
268 386.000 393.054 395.044 396.204 393.215 395.276 394.575 397.338 393.423 396.543 393.941
269 344.000 375.655 384.079 381.542 378.893 379.152 387.136 380.980 381.637 380.542 387.813
270 392.000 407.172 409.622 400.402 404.519 379.544 412.947 412.090 412.838 410.708 404.721
271 460.000 385.120 393.473 401.840 431.367 396.178 389.021 386.584 397.819 396.558 398.163
272 321.000 320.590 321.670 320.023 320.078 313.775 318.455 307.444 323.479 320.571 320.429
273 311.000 350.718 330.371 331.153 328.286 332.941 336.967 332.512 322.597 340.289 348.563
274 391.000 348.155 376.883 342.863 353.133 357.513 354.026 330.249 354.365 373.361 345.285
275 431.000 439.634 438.169 432.963 435.915 438.117 437.793 439.666 433.575 445.210 429.122
276 357.000 343.241 348.405 347.403 355.249 345.737 348.539 344.929 346.772 347.656 344.502
277 414.000 433.640 432.519 430.580 432.052 430.633 435.177 431.617 431.074 433.706 432.715
278 452.000 426.395 432.639 433.168 429.812 421.324 430.817 430.381 437.592 429.506 426.005
279 437.000 447.704 453.774 446.671 454.705 440.831 447.953 454.323 452.422 454.295 451.545
280 315.000 309.317 310.159 309.387 309.257 307.364 310.205 307.527 308.825 309.891 308.866
281 435.000 432.980 430.250 430.589 429.720 429.540 430.395 428.856 430.602 428.350 428.739
282 448.000 452.523 441.194 459.463 462.504 466.572 456.669 458.232 458.427 460.701 472.183
283 416.000 425.825 427.001 431.045 433.746 427.133 427.443 429.947 427.729 432.104 428.679
284 328.000 330.195 334.017 333.410 333.306 335.814 333.300 335.515 331.109 333.708 331.180
285 390.000 394.252 395.494 395.958 393.383 393.132 395.377 393.403 394.108 392.826 396.067
286 310.000 293.925 289.631 285.840 289.175 289.810 287.111 287.666 290.500 295.645 285.719
287 365.000 353.849 351.381 352.575 354.301 351.744 352.320 349.359 352.112 352.390 349.865
288 402.000 396.255 384.848 381.577 394.789 390.739 385.308 394.211 392.039 397.706 387.137
289 372.000 369.201 377.606 372.191 378.993 380.368 387.289 376.438 367.517 375.449 378.472
290 428.000 431.588 433.152 435.241 439.605 432.638 433.116 439.223 429.019 431.862 435.412
291 267.000 427.082 410.467 420.802 423.273 421.176 409.824 424.722 431.763 424.740 427.130
292 330.000 335.828 336.498 337.682 337.868 338.082 339.981 339.224 338.182 340.365 336.710
293 598.000 580.743 583.924 585.890 577.594 581.862 585.745 585.626 566.064 590.501 578.639
294 392.000 336.963 351.043 353.407 345.769 344.675 355.811 345.049 345.409 343.585 356.367
295 430.000 469.115 477.973 463.134 470.058 462.069 471.297 479.936 466.917 476.652 465.265
296 340.000 382.318 379.286 377.190 382.294 382.935 378.131 381.093 378.563 380.949 377.279
297 312.000 312.035 308.653 314.951 309.823 307.364 311.016 307.531 311.537 321.438 313.697
298 327.000 355.624 344.712 340.718 339.809 338.767 345.844 339.539 341.797 343.354 346.637
299 342.000 357.964 357.619 358.402 363.240 357.845 359.153 366.115 367.345 355.512 364.021
300 417.000 421.655 418.444 420.510 419.422 421.092 422.338 420.286 418.978 420.101 416.161
301 318.000 316.909 317.276 317.215 318.098 318.581 315.837 317.248 317.661 319.022 318.500
302 329.000 328.592 333.757 326.290 326.315 333.246 325.608 327.201 326.204 329.867 329.404
303 339.000 348.863 341.569 343.599 344.245 343.360 346.785 343.737 343.879 344.623 343.863
304 334.000 339.726 335.373 337.145 333.028 337.151 338.417 338.732 336.543 336.599 337.334
305 346.000 350.714 337.768 347.110 344.522 339.785 335.587 340.706 346.952 336.024 338.338
306 420.000 418.968 419.710 421.449 421.658 420.209 419.595 418.284 420.371 420.898 420.996
307 371.000 401.883 399.747 405.156 405.092 404.039 399.442 404.914 410.417 404.017 402.149
308 560.000 579.341 586.093 594.059 605.820 584.479 573.073 613.082 591.862 615.295 596.738
309 512.000 480.814 471.450 482.371 482.743 480.227 481.395 483.771 481.116 480.602 483.320
310 410.000 411.887 412.272 414.219 416.585 414.815 414.277 415.400 415.159 414.560 416.135
311 473.000 461.584 464.509 462.907 464.263 463.203 464.074 463.322 462.499 461.755 460.930
312 427.000 437.193 436.717 433.403 440.741 437.160 437.974 437.449 441.846 440.206 437.956
313 326.000 343.270 365.723 344.207 363.782 334.102 347.117 342.683 348.497 347.358 338.721
314 405.000 413.923 410.751 410.491 415.198 409.487 409.616 416.690 416.217 414.811 410.707
315 442.000 456.236 453.342 452.581 451.785 453.535 448.662 451.818 455.805 454.184 451.091
316 330.000 334.902 334.201 334.900 335.101 335.100 334.901 334.961 335.006 335.102 334.903
317 328.000 330.589 334.473 326.191 330.477 330.432 326.680 327.024 331.378 328.481 315.852
318 436.000 426.531 431.402 429.868 430.304 430.320 432.463 435.094 426.167 430.794 427.028
319 410.000 409.985 410.462 408.926 409.836 410.803 408.643 408.145 410.225 409.901 409.854
320 462.000 467.423 466.502 462.482 468.060 466.058 470.415 463.742 462.229 463.858 460.713
321 471.000 474.528 469.035 472.650 471.447 469.083 469.741 475.227 471.898 472.183 474.442
322 427.000 426.902 425.509 426.012 422.193 425.028 424.942 421.953 423.854 426.902 424.885
323 464.000 455.547 454.487 456.794 455.507 452.723 453.544 454.260 460.361 458.026 455.595
324 446.000 419.776 413.141 424.498 428.844 403.220 418.831 435.254 427.376 426.914 448.114
325 583.000 575.424 566.332 578.141 577.310 574.802 576.047 577.405 561.538 573.939 579.046
326 562.000 529.055 521.686 519.810 519.057 504.727 521.740 504.751 526.671 569.068 499.046
327 313.000 314.898 315.097 315.097 315.096 315.097 315.007 315.097 315.098 315.097 315.097
328 422.000 423.091 424.612 422.327 423.860 421.266 421.347 418.679 422.441 423.903 423.952
329 382.000 394.216 386.875 407.035 388.801 403.496 403.339 409.178 386.057 421.500 397.010
330 398.000 378.834 379.742 373.333 376.760 377.357 386.616 376.115 366.219 384.028 379.968
331 371.000 378.235 380.056 390.308 378.682 387.627 385.517 392.561 394.421 379.358 379.004
332 414.000 412.528 414.485 414.471 415.100 414.109 415.248 414.459 413.257 414.584 414.584
333 440.000 441.273 441.066 440.729 439.400 441.010 436.687 435.910 441.172 445.143 440.859
334 599.000 574.647 578.380 557.915 568.518 576.646 578.127 569.800 566.091 575.627 569.970
335 353.000 344.567 346.742 343.275 344.455 344.901 345.670 347.828 346.758 338.645 343.879
336 404.000 505.842 527.233 513.630 517.018 514.934 528.243 517.443 511.409 545.358 522.267
337 406.000 410.005 411.974 408.922 410.959 410.514 412.583 412.660 410.617 411.069 408.705
338 324.000 357.434 357.645 355.004 354.256 355.336 357.774 354.528 353.453 356.635 355.857
339 337.000 341.490 341.899 338.895 340.375 341.510 338.553 339.719 339.265 341.794 341.899
340 395.000 405.583 409.620 407.743 411.048 407.308 409.608 408.781 406.634 410.167 411.271
341 407.000 417.844 419.950 415.716 415.136 414.873 418.160 415.531 417.723 414.657 414.414
342 330.000 354.544 354.244 356.458 357.159 358.604 354.398 352.073 353.105 354.905 356.389
343 417.000 444.416 445.827 439.414 437.525 440.184 443.184 436.874 438.738 442.206 437.781
344 395.000 401.936 403.022 400.564 401.989 402.038 400.059 402.036 401.946 403.271 401.230
345 503.000 383.781 383.483 382.533 384.508 386.438 386.213 381.944 383.352 382.845 382.192
346 448.000 452.968 455.160 456.890 452.052 465.347 448.695 453.468 456.469 452.645 457.236
347 363.000 358.093 367.716 376.190 364.785 374.402 367.876 363.056 371.342 359.343 368.824
348 386.000 384.402 380.072 382.205 382.053 382.796 380.943 385.039 382.661 378.830 381.123
349 330.000 327.726 330.795 329.472 328.786 329.292 328.026 331.615 329.516 329.781 329.996
350 488.000 429.237 422.292 421.577 420.749 426.668 410.946 411.509 402.041 424.522 420.983
351 479.000 480.882 478.830 480.602 480.784 480.717 481.488 482.804 482.915 484.593 481.955
352 338.000 341.023 354.110 317.114 367.386 331.840 366.136 356.759 326.207 317.740 365.217
353 456.000 421.391 416.845 420.290 418.474 425.090 420.112 415.908 424.965 412.141 423.245
354 418.000 424.139 416.566 417.373 416.946 421.161 417.434 416.856 418.283 417.619 414.524
355 322.000 333.451 329.588 328.106 328.852 329.350 327.014 330.691 329.055 330.821 327.896
356 321.000 315.639 314.715 313.695 315.693 315.387 314.699 316.842 317.059 317.776 314.901
357 335.000 359.968 351.247 358.085 364.979 367.558 358.601 354.752 368.430 358.678 359.766
358 394.000 398.297 403.021 404.362 399.135 399.367 402.527 399.131 399.228 403.706 400.179
359 398.000 414.826 419.699 417.222 419.501 419.673 405.921 423.588 410.828 419.755 418.101
360 421.000 418.576 404.456 427.489 425.902 415.559 412.466 415.817 415.504 418.522 411.643
361 364.000 372.909 386.068 370.707 368.172 377.807 377.118 381.057 374.379 378.806 375.164
362 322.000 334.245 336.556 344.209 333.931 336.982 334.060 336.097 342.402 335.943 339.501
363 446.000 442.202 448.304 452.188 450.029 445.526 452.551 448.140 447.113 446.759 442.649
364 340.000 325.381 325.955 325.725 325.100 325.099 325.100 325.101 324.900 325.099 325.099
365 340.000 332.857 329.461 332.428 329.780 335.954 333.160 333.399 335.593 334.449 332.048
366 452.000 436.323 423.591 417.153 433.669 413.828 435.361 417.602 440.038 433.993 447.539
367 367.000 354.810 357.295 358.583 353.721 357.578 355.646 353.683 353.962 354.852 356.274
368 425.000 442.891 436.591 443.561 453.374 443.082 438.526 442.471 446.401 447.238 446.318
369 399.000 364.619 361.130 369.271 363.631 360.170 364.477 367.926 364.580 367.412 363.186
370 420.000 416.605 417.624 418.593 417.143 417.665 416.978 416.391 416.009 417.625 415.396
371 526.000 531.682 528.606 528.782 531.145 532.746 530.235 527.332 525.628 529.043 529.320
372 343.000 378.835 375.354 378.041 378.570 377.464 392.869 390.995 368.641 384.528 384.650
373 420.000 426.161 432.073 427.268 430.187 428.808 438.548 445.647 456.060 434.439 428.550
374 403.000 433.277 434.816 425.327 427.480 429.023 433.625 419.882 430.104 436.718 427.392
375 495.000 491.008 499.647 495.199 496.337 490.693 486.529 496.261 491.381 499.850 492.323
376 564.000 555.292 536.634 551.226 557.438 541.762 561.711 561.564 539.309 551.361 558.489
377 420.000 558.991 565.502 558.026 552.956 556.366 557.840 548.447 533.790 547.143 554.416
378 414.000 437.776 430.205 432.931 434.305 433.776 432.120 427.256 428.981 435.599 432.553
379 328.000 317.175 324.477 325.198 322.323 324.176 321.899 320.726 318.968 324.543 323.845
380 546.000 527.586 504.862 525.167 527.613 517.427 516.913 526.920 514.299 523.435 534.757
381 323.000 324.234 322.063 321.425 325.027 323.623 321.360 321.722 322.846 324.488 322.283
382 413.000 410.491 410.438 410.463 409.872 410.084 410.434 410.098 410.928 411.309 407.519
383 360.000 430.288 424.835 417.941 422.897 422.785 422.001 418.295 398.566 407.420 401.838
384 411.000 380.011 394.450 409.764 409.166 406.459 408.787 410.668 387.495 403.844 407.308
385 346.000 354.853 362.427 354.298 361.231 361.371 361.454 349.397 355.747 350.917 348.051
386 449.000 463.897 463.897 461.670 463.897 463.652 463.897 463.896 460.361 463.897 463.896
387 389.000 354.184 359.680 358.462 388.705 354.372 379.203 336.259 353.303 329.834 366.832
388 340.000 385.530 368.837 366.573 356.575 381.518 382.611 380.355 378.372 377.334 377.955
389 343.000 342.044 340.396 339.568 342.476 339.885 343.082 339.179 340.114 340.993 340.571
390 404.000 405.779 407.044 406.908 406.538 407.846 408.017 407.468 406.375 409.905 407.259
391 451.000 454.123 456.907 452.015 458.554 456.235 459.128 454.605 456.072 456.488 452.831
392 359.000 375.039 364.544 363.659 357.139 368.818 373.346 363.605 363.392 367.631 368.014
393 410.000 407.078 408.764 408.592 408.067 407.535 408.478 409.555 411.106 409.517 407.098
394 340.000 335.529 333.874 334.578 339.453 337.468 335.667 333.849 332.643 337.277 334.396
395 504.000 513.520 516.703 508.011 506.847 515.408 511.954 511.943 518.875 509.231 515.985
396 546.000 541.312 586.399 559.386 559.651 551.372 571.424 571.106 568.592 517.610 575.724
397 392.000 397.670 395.595 394.581 391.782 393.329 392.731 394.112 396.217 394.599 396.982
398 413.000 418.484 419.251 419.136 418.366 418.847 418.532 421.868 418.248 421.365 417.229
399 325.000 332.175 326.847 333.952 319.615 330.809 332.554 330.056 337.997 323.138 323.184
400 297.000 301.329 306.402 305.041 301.880 302.417 306.264 305.238 304.694 303.046 300.251
401 397.000 391.803 392.177 392.312 393.054 392.703 392.983 392.501 392.093 392.476 392.710
402 428.000 421.167 415.629 420.706 419.831 419.672 418.793 416.579 417.726 418.556 417.660
403 440.000 435.641 437.004 436.032 438.417 436.024 434.901 434.534 438.395 435.122 437.504
404 604.000 585.684 584.731 594.430 581.707 587.916 585.211 598.452 585.981 589.488 575.080
405 442.000 440.891 434.621 440.298 436.082 439.055 438.602 434.650 444.672 438.842 432.814
406 462.000 454.651 455.531 455.562 457.870 454.178 457.576 456.343 450.683 454.917 455.494
407 491.000 480.246 477.640 471.811 483.146 479.680 474.007 472.225 468.820 456.096 477.157
408 495.000 510.383 507.699 516.452 509.801 501.517 515.782 500.207 503.484 510.614 508.684
409 394.000 351.086 363.299 363.166 354.497 349.278 354.509 351.352 351.089 353.160 358.596
410 320.000 352.865 346.254 341.442 351.251 349.128 344.585 335.942 365.097 353.610 346.726
411 445.000 439.541 431.889 440.993 446.611 440.359 441.443 443.718 444.164 441.444 443.269
412 350.000 343.540 338.085 337.606 337.383 340.184 338.128 339.505 341.145 349.275 341.990
413 332.000 335.803 331.486 338.469 333.719 335.145 342.826 334.460 332.832 337.071 340.076
414 411.000 429.597 428.378 428.850 430.963 432.102 434.249 431.149 432.002 429.054 433.036
415 341.000 348.120 348.876 350.165 347.703 348.783 349.048 347.896 349.198 349.409 349.833
416 452.000 456.800 458.270 457.820 460.889 458.934 461.222 459.764 461.092 458.873 458.717
417 398.000 384.387 394.819 393.493 391.558 394.726 397.534 387.147 392.819 397.321 394.817
418 357.000 348.225 347.544 344.608 348.826 348.958 345.705 348.634 347.714 347.443 348.956
419 410.000 470.323 467.208 467.172 464.129 467.795 464.296 470.091 466.645 468.853 469.131
420 411.000 392.424 432.198 368.281 404.709 420.033 410.718 390.400 391.872 386.248 385.025
421 316.000 316.246 311.792 314.793 306.240 311.551 309.142 316.506 318.350 305.905 308.748
422 454.000 424.698 427.901 425.889 423.128 422.744 420.221 431.193 425.907 429.262 425.375
423 492.000 506.713 510.482 506.265 505.217 509.258 497.388 504.069 504.143 508.948 503.693
424 405.000 416.066 417.328 418.077 412.240 412.552 413.865 418.732 414.421 418.397 418.251
425 357.000 370.842 374.928 370.369 361.595 369.019 371.118 372.643 357.026 372.184 370.060
426 424.000 423.705 422.394 424.969 425.163 420.581 425.473 421.029 422.840 426.319 424.418
427 335.000 333.252 327.931 327.186 333.545 326.255 331.407 333.919 334.373 333.750 330.940
428 438.000 436.907 438.361 434.147 435.485 434.846 438.181 434.856 435.477 435.675 437.868
429 525.000 378.928 378.566 384.785 378.250 372.764 372.615 391.531 380.275 380.405 370.137
430 331.000 353.416 377.091 353.606 372.034 353.701 348.370 353.386 353.144 356.779 354.046
431 431.000 432.478 438.507 436.518 433.650 436.939 434.171 436.430 437.609 435.727 434.188
432 591.000 600.597 591.699 590.318 567.885 591.128 538.182 597.861 595.566 592.599 594.680
433 414.000 420.203 422.856 417.423 417.281 417.095 419.657 421.882 417.463 422.810 418.909
434 388.000 387.417 393.771 389.767 386.874 385.528 389.152 387.447 388.149 383.852 391.442
435 585.000 574.517 572.717 577.310 561.546 576.724 572.082 575.932 564.444 550.231 575.488
436 398.000 398.459 396.920 396.835 394.354 394.668 392.984 397.029 395.964 395.968 395.386
437 441.000 399.001 443.572 442.827 397.257 415.028 404.288 430.064 437.895 406.281 409.132
438 309.000 300.055 294.102 297.139 297.783 296.791 300.631 295.964 297.164 297.119 301.424
439 518.000 519.814 509.595 516.840 516.595 521.268 520.378 517.529 518.067 514.318 510.344
440 416.000 414.590 415.996 413.657 414.661 413.668 413.461 415.656 413.239 414.689 414.322
441 412.000 420.530 418.893 417.821 418.977 419.396 422.705 416.729 420.598 418.844 419.240
442 385.000 408.437 429.564 422.197 427.835 423.519 429.681 421.459 422.458 424.271 427.892
443 325.000 325.152 324.105 327.882 328.795 325.077 327.940 326.740 343.882 325.225 325.503
444 325.000 276.236 278.376 263.964 282.489 273.451 277.518 280.946 279.011 273.972 266.831
445 328.000 344.686 341.258 340.339 340.410 341.207 351.961 343.590 338.772 336.817 341.038
446 397.000 391.164 392.013 393.826 393.351 393.425 391.813 393.925 392.211 396.165 394.147
447 407.000 407.507 406.293 407.194 407.023 408.223 408.030 407.287 407.665 407.708 409.742
448 491.000 458.199 469.989 469.353 469.984 492.392 482.725 469.055 454.430 470.891 471.491
449 328.000 314.826 317.274 317.408 321.099 321.212 321.903 319.740 314.609 317.457 316.840
450 430.000 447.607 445.853 451.120 447.914 447.159 446.576 451.509 440.656 450.511 445.648
451 413.000 412.426 409.786 409.704 410.877 407.965 408.790 411.576 407.519 411.752 408.594
452 364.000 370.230 365.728 366.408 368.339 366.272 364.550 367.320 367.030 367.025 367.713
453 404.000 402.021 399.505 401.795 399.408 399.529 401.103 401.019 401.647 402.621 398.639
454 431.000 439.063 448.709 434.902 436.889 440.974 439.753 435.212 432.992 444.810 436.354
455 461.000 456.175 452.083 454.255 454.582 455.078 454.792 456.383 456.806 453.965 454.666
456 346.000 361.751 372.612 365.456 366.392 367.503 376.679 361.581 369.853 360.279 354.375
457 461.000 456.864 462.652 457.153 458.992 459.443 454.939 455.766 459.142 457.932 453.822
458 446.000 452.941 451.910 451.303 449.934 452.879 449.117 451.721 452.620 451.776 449.865
459 334.000 332.681 331.897 335.740 332.846 333.636 331.966 335.040 332.966 334.199 335.404
460 368.000 369.629 383.490 371.732 375.825 369.303 387.728 372.429 370.746 363.159 363.407
461 421.000 410.309 414.737 400.379 393.853 397.773 428.169 395.308 425.674 408.398 403.538
462 536.000 547.056 545.479 538.713 535.835 546.109 538.873 543.884 533.141 534.312 541.642
463 399.000 397.753 398.860 399.448 401.471 399.576 399.341 398.769 400.297 400.406 406.536
464 584.000 595.608 592.794 586.004 595.625 600.792 596.532 592.208 616.439 599.062 601.663
465 592.000 595.880 593.153 595.561 603.769 596.630 544.448 583.843 594.506 600.083 590.844
466 450.000 443.304 443.346 446.542 446.059 445.322 448.509 444.679 445.848 444.355 444.375
467 359.000 338.927 343.073 340.822 338.239 339.919 341.110 336.802 335.110 339.041 336.518
468 325.000 312.484 311.365 306.042 306.867 306.621 308.857 308.640 310.154 306.460 309.228
469 315.000 357.024 359.852 357.251 361.342 360.729 354.330 355.441 347.296 354.962 350.295
470 411.000 368.577 377.098 379.565 382.692 380.333 378.872 390.802 380.585 383.345 377.284
471 548.000 550.549 544.567 553.517 548.183 545.896 549.345 549.996 534.908 545.874 545.800
472 450.000 445.472 444.777 445.689 442.106 443.670 445.050 447.209 444.976 440.051 442.974
473 310.000 390.023 378.418 384.129 389.511 395.944 388.978 409.298 392.910 402.112 384.622
474 362.000 381.247 381.711 385.561 387.794 382.528 372.853 380.638 386.338 379.569 393.043
475 322.000 326.654 325.612 326.298 325.790 325.211 321.861 322.132 324.975 324.969 325.380
476 396.000 390.400 391.208 389.571 389.852 388.818 392.743 388.473 391.175 397.744 395.911
477 408.000 406.898 406.899 406.132 407.099 406.045 406.695 405.192 406.898 407.100 406.285
478 540.000 524.519 525.639 523.280 524.452 523.480 522.894 528.905 519.528 523.542 521.933
479 399.000 441.509 432.631 428.710 419.830 420.396 420.512 422.997 423.672 421.104 420.677
480 448.000 451.478 457.197 453.880 453.711 453.371 451.748 454.678 454.015 453.398 456.419
481 460.000 410.534 409.558 412.614 408.834 413.923 407.632 410.219 410.015 408.080 408.626
482 331.000 353.402 355.541 353.044 352.077 352.513 352.032 352.471 351.867 354.414 352.326
483 448.000 439.526 436.023 437.984 433.889 435.086 432.358 438.625 433.624 432.215 439.203
484 444.000 430.523 445.076 432.673 435.254 438.656 433.000 442.272 440.800 433.900 437.322
485 336.000 340.328 343.464 343.811 344.739 342.087 339.483 337.158 351.200 338.521 347.962
486 502.000 430.559 435.969 435.521 419.454 427.932 433.641 434.147 429.076 426.791 426.586
487 409.000 480.153 474.700 474.416 483.671 478.064 485.988 458.909 472.887 470.014 478.052
488 405.000 404.017 404.585 403.930 404.483 404.606 406.261 405.147 403.610 404.097 405.845
489 555.000 550.838 551.904 551.223 560.090 552.509 554.270 553.246 549.919 551.718 554.063
490 427.000 425.371 423.986 422.827 422.193 423.048 425.989 421.953 425.332 424.731 426.902
491 452.000 443.775 445.197 445.232 446.097 451.082 453.399 443.400 451.616 446.033 443.405
492 329.000 373.464 373.869 371.506 360.232 369.200 358.054 365.958 365.361 362.310 364.414
493 491.000 452.266 462.877 451.715 449.661 442.669 447.546 446.386 455.758 438.588 455.273
494 440.000 500.661 497.424 498.630 475.846 495.215 493.877 492.856 499.614 498.836 506.975
495 363.000 382.734 365.862 371.507 373.715 368.240 369.876 378.239 368.943 357.757 365.227
496 432.000 419.760 421.271 424.270 428.115 428.508 429.026 428.163 424.790 425.573 425.860
497 514.000 524.020 516.002 521.574 522.729 526.315 521.294 523.973 514.626 509.359 522.077
498 536.000 547.024 549.705 546.877 559.904 556.093 556.043 532.911 547.809 539.985 559.021
499 462.000 452.921 456.003 451.553 460.154 451.830 447.905 449.187 461.899 455.369 454.930
500 510.000 520.331 527.138 528.525 522.214 531.808 507.817 524.310 511.249 524.597 525.830
501 357.000 367.714 370.963 375.205 370.772 375.453 372.724 370.366 371.967 376.805 372.813
502 418.000 415.250 412.963 414.104 416.231 413.240 405.941 404.739 397.197 415.437 413.053
503 406.000 433.251 437.472 447.243 444.394 443.266 441.831 459.303 450.933 443.395 442.045
504 464.000 421.407 415.038 416.215 414.808 420.835 416.210 421.374 421.806 427.153 425.100
505 400.000 384.979 393.918 391.411 392.585 388.486 390.844 391.451 391.352 392.947 390.572
506 400.000 371.093 369.828 363.793 375.424 372.073 369.781 377.690 349.599 366.993 367.273
507 333.000 326.079 335.946 351.995 333.673 339.107 337.290 337.526 328.246 329.103 338.142
508 452.000 447.970 461.805 463.142 440.526 451.235 460.080 458.897 463.469 454.280 458.510
509 586.000 533.180 564.310 563.502 562.167 545.231 526.232 555.482 564.344 562.161 546.305
510 461.000 452.558 451.262 445.652 454.759 452.633 452.906 451.769 455.416 452.872 450.107
511 606.000 560.118 568.889 553.731 545.239 560.687 519.833 562.073 563.151 562.911 553.669
512 338.000 396.842 425.978 414.816 405.371 392.578 416.465 403.891 419.353 381.225 399.170
513 368.000 360.768 361.359 365.249 359.882 363.198 361.662 361.581 361.054 363.780 358.823
514 442.000 425.426 427.161 424.319 417.802 417.886 420.350 426.974 422.271 424.015 423.409
515 417.000 415.633 420.739 426.504 423.069 415.465 426.027 433.859 444.988 417.534 415.708
516 328.000 328.663 329.631 330.404 328.086 327.682 329.194 328.931 326.382 326.256 328.664
517 477.000 475.744 476.020 467.787 468.242 473.290 480.440 473.258 471.663 442.379 480.656
518 350.000 327.400 328.838 329.039 330.717 330.958 331.061 328.901 325.820 327.908 326.869
519 421.000 420.666 420.832 420.671 419.852 417.460 420.305 417.611 419.042 417.948 417.832
520 592.000 582.251 553.701 573.433 578.346 556.410 569.146 580.242 569.684 578.348 557.271
521 422.000 441.675 436.065 437.019 433.817 437.578 435.845 434.579 436.432 435.748 437.254
522 473.000 517.987 513.270 519.778 518.656 520.363 520.635 519.881 515.078 528.332 509.303
523 567.000 578.417 577.711 556.511 560.773 555.374 561.726 598.269 555.753 579.771 564.663
524 425.000 466.023 463.696 476.460 463.831 455.449 446.867 467.611 463.478 475.388 450.497
525 429.000 427.194 429.897 429.106 428.499 427.991 429.153 429.595 429.089 427.332 428.640
526 351.000 362.126 369.717 360.540 357.745 354.153 369.418 365.634 362.996 371.445 344.915
527 416.000 418.839 423.346 419.069 424.593 419.323 423.934 419.671 419.564 420.001 418.321
528 354.000 338.150 339.118 335.258 330.113 335.432 334.285 338.398 337.705 335.610 335.589
529 524.000 514.668 511.598 513.775 513.212 509.133 511.897 512.682 508.156 512.472 514.614
530 334.000 358.995 364.449 359.206 366.387 363.011 357.487 366.120 362.006 359.759 366.667
531 462.000 453.826 458.280 451.553 450.630 455.051 457.904 454.478 450.115 457.093 461.898
532 477.000 493.808 501.568 492.368 503.340 505.985 500.607 502.312 514.000 511.406 495.672
533 528.000 520.229 501.400 501.318 497.283 527.751 501.998 529.401 499.096 501.213 504.054
534 335.000 335.465 341.861 339.993 340.080 341.172 341.127 339.962 338.580 339.653 339.744
535 323.000 285.411 264.999 272.588 273.972 265.687 273.819 273.127 275.479 271.509 276.775
536 412.000 490.646 489.800 478.376 483.461 480.390 486.436 479.369 484.106 482.698 463.232
537 551.000 544.558 522.728 544.286 544.643 545.828 545.838 553.156 544.483 546.440 544.025
538 406.000 404.005 403.606 402.146 405.427 401.902 403.417 404.586 405.174 406.284 404.594
539 502.000 487.804 491.819 485.746 483.648 487.899 487.871 490.945 485.848 479.041 489.671
540 415.000 410.577 408.508 410.113 409.751 409.219 410.126 409.932 408.992 409.499 409.989
541 336.000 333.339 333.715 333.948 333.774 331.346 330.816 332.688 332.258 332.262 332.657
542 312.000 328.589 326.185 326.322 327.425 327.212 327.016 326.862 325.050 327.168 325.553
543 330.000 329.066 326.848 324.815 328.396 327.760 329.194 329.932 327.013 330.961 329.452
544 508.000 381.767 380.113 392.642 394.542 379.848 392.688 388.237 390.353 388.080 385.070
545 588.000 572.403 555.149 571.763 555.534 563.170 554.461 548.214 569.216 576.193 573.131
546 410.000 414.032 421.178 421.028 412.264 417.309 411.680 420.024 414.860 416.276 414.601
547 540.000 543.860 540.462 537.849 541.922 541.420 540.553 541.130 541.642 542.770 538.041
548 362.000 363.357 360.063 366.225 358.334 359.034 364.437 358.412 371.873 358.828 357.978
549 404.000 400.181 403.094 402.147 401.600 401.928 399.939 402.586 401.505 402.796 403.369
550 370.000 369.431 372.340 363.842 367.725 371.040 370.622 367.585 367.766 368.390 364.698
551 482.000 386.514 378.899 376.474 384.094 380.380 381.187 373.959 381.975 388.206 380.729
552 398.000 395.606 396.178 395.003 393.828 396.930 394.603 395.040 397.086 395.714 396.128
553 466.000 442.301 449.673 443.021 448.744 445.267 443.075 445.250 453.210 446.661 440.254
554 405.000 404.237 403.725 403.632 404.325 403.190 403.817 403.451 404.054 397.457 400.179
555 576.000 561.687 562.965 562.275 559.111 562.115 561.842 563.023 554.213 556.291 559.185
556 457.000 415.863 408.476 405.395 405.050 409.012 419.778 406.553 408.854 403.694 406.134
557 478.000 461.584 465.338 464.086 464.334 461.750 463.563 459.272 465.136 463.873 460.662
558 431.000 468.207 468.170 473.472 475.994 470.384 469.926 466.423 463.018 467.162 467.895
559 411.000 370.740 347.506 355.361 349.859 374.226 342.728 358.213 359.168 367.803 369.426
560 409.000 409.388 410.220 410.276 409.005 410.205 410.340 409.019 410.112 410.389 409.999
561 375.000 362.203 363.559 352.417 370.001 366.999 368.005 375.748 377.030 345.715 361.776
562 400.000 422.333 435.883 423.193 422.625 422.978 418.016 427.359 417.167 434.026 419.586
563 331.000 321.874 313.803 311.199 319.229 318.380 317.709 320.482 318.228 322.725 315.797
564 412.000 400.600 411.575 410.258 405.195 402.269 402.343 401.032 412.757 389.694 395.011
565 485.000 495.215 495.891 494.659 496.783 496.796 495.840 495.848 493.706 495.369 497.060
566 407.000 411.915 415.131 411.856 411.730 413.631 413.708 409.466 411.336 413.805 412.345
567 405.000 396.943 392.453 397.695 395.981 400.497 394.586 400.607 398.170 397.232 404.553
568 406.000 409.860 410.150 411.873 411.245 410.937 412.750 411.880 410.812 407.962 411.845
569 342.000 334.152 335.326 337.788 335.990 332.948 335.872 340.474 335.992 336.541 332.877
570 321.000 342.442 336.072 327.379 329.999 330.739 327.133 330.771 330.163 326.779 328.627
571 361.000 353.911 353.025 355.117 353.939 354.374 352.655 350.914 353.397 352.373 352.981
572 387.000 383.314 383.315 382.248 381.248 386.405 382.960 379.848 384.017 382.515 385.705
573 323.000 323.650 322.702 322.011 322.137 321.079 322.147 321.728 322.927 322.185 321.292
574 390.000 403.930 404.959 402.692 400.049 402.740 400.075 402.142 404.113 399.099 402.296
575 440.000 443.163 443.139 447.957 437.760 450.237 442.279 443.021 451.081 438.488 439.335
576 332.000 336.636 338.226 341.994 341.196 340.569 340.399 337.299 335.513 340.657 336.641
577 456.000 456.256 456.811 455.878 459.708 457.189 460.735 455.161 457.060 454.778 454.982
578 488.000 482.709 482.775 488.239 486.465 483.010 496.553 487.494 501.252 496.718 465.826
579 332.000 371.256 355.880 384.545 362.382 363.785 338.469 369.353 359.011 378.991 358.996
580 316.000 306.083 323.200 316.270 325.202 318.938 315.810 315.711 306.536 315.768 313.818
581 459.000 417.983 414.292 416.349 412.202 419.319 425.373 423.053 413.732 419.437 418.748
582 335.000 338.712 335.640 340.530 339.426 339.225 335.263 342.494 339.567 341.803 334.622
583 332.000 323.714 323.583 325.565 325.063 324.462 324.750 324.111 327.639 324.390 325.607
584 459.000 470.924 469.295 469.109 469.411 470.877 470.856 471.399 467.746 470.221 471.214
585 396.000 382.781 381.040 385.194 388.496 379.670 379.617 381.089 379.894 386.337 387.037
586 489.000 485.688 488.364 488.901 483.221 480.659 485.893 484.232 483.432 482.863 481.397
587 417.000 430.863 435.919 432.125 430.681 431.499 430.207 430.967 435.498 431.936 430.976
588 404.000 406.346 404.657 407.427 407.176 407.057 405.344 405.931 406.618 405.719 406.172
589 400.000 403.245 400.630 402.000 400.582 401.960 404.420 402.309 401.732 401.243 409.471
590 357.000 350.583 351.664 347.776 352.463 351.068 349.576 350.239 345.015 353.549 351.010
591 437.000 451.418 444.457 438.972 438.177 439.550 457.316 455.178 443.227 443.542 445.963
592 542.000 523.688 521.904 522.968 519.247 518.759 515.613 520.755 516.532 520.921 514.175
593 419.000 424.271 422.042 425.215 426.475 426.304 424.535 425.084 423.591 423.852 420.767
594 350.000 348.968 345.845 345.415 344.223 346.428 348.167 346.543 349.318 346.293 348.325
595 424.000 431.977 438.249 428.550 435.225 432.006 440.591 429.653 430.448 443.185 444.336
596 443.000 451.773 466.060 475.594 479.956 462.740 469.022 461.664 471.236 480.366 475.446
597 439.000 444.241 435.650 437.358 439.600 435.314 438.057 445.485 438.041 450.173 437.171
598 324.000 322.603 330.247 323.268 323.815 322.795 333.033 324.297 323.439 323.207 323.690
599 311.000 314.546 317.094 316.142 320.184 320.613 312.892 317.489 324.706 312.261 320.850
600 331.000 321.938 322.665 322.088 327.353 325.070 326.748 320.767 323.984 321.787 323.575
601 428.000 422.849 424.341 424.364 424.942 424.750 424.838 424.402 425.336 424.990 426.254
602 400.000 420.913 413.612 412.060 411.643 414.451 411.142 417.573 412.748 411.437 412.989
603 309.000 327.259 316.598 328.507 326.167 324.720 320.269 328.195 321.314 322.097 331.756
604 375.000 369.149 365.843 369.666 366.066 360.753 369.728 369.079 368.563 393.557 373.309
605 450.000 427.729 432.330 428.925 428.559 430.230 435.674 434.726 418.937 426.124 432.350
606 388.000 394.675 394.489 388.289 394.614 387.352 390.229 388.517 393.831 394.409 392.205
607 323.000 365.987 352.115 346.673 354.028 342.037 361.770 346.081 358.025 351.891 355.767
608 448.000 452.022 439.974 432.632 437.664 432.857 438.062 440.828 438.107 439.443 433.919
609 372.000 391.169 383.416 383.836 384.779 383.097 383.310 386.820 387.645 387.173 386.418
610 328.000 333.707 324.895 327.541 320.635 320.013 323.113 329.704 316.108 329.353 315.539
611 460.000 460.470 463.230 460.353 461.888 463.398 462.469 461.842 462.161 461.789 463.425
612 504.000 542.323 542.117 548.347 551.285 537.151 547.040 542.595 546.469 545.591 539.146
613 433.000 436.973 438.254 438.088 437.548 439.560 439.191 440.246 435.521 437.932 439.242
614 564.000 588.227 585.974 574.403 583.338 580.123 586.080 582.992 583.166 569.336 579.842
615 439.000 358.775 375.678 372.607 371.209 392.188 402.455 386.379 372.235 359.627 395.106
616 440.000 414.129 413.506 409.433 412.897 411.791 420.148 405.872 406.493 402.861 416.113
617 484.000 487.371 486.543 484.099 493.005 491.062 489.394 487.489 486.276 486.616 486.258
618 396.000 397.957 392.786 392.801 394.047 395.280 395.380 394.510 394.355 393.395 395.376
619 435.000 419.590 419.098 419.100 419.099 419.357 419.099 419.054 418.899 419.100 419.101
620 397.000 410.518 403.144 408.044 402.924 404.864 404.845 407.039 406.559 406.833 407.487
621 420.000 472.262 480.690 475.801 482.688 487.025 482.982 482.221 499.788 482.151 485.270
622 408.000 441.829 434.147 435.705 445.060 436.268 431.788 433.484 456.040 445.789 443.669
623 437.000 438.384 440.020 440.246 439.294 439.992 438.907 439.038 439.952 441.461 441.713
624 406.000 414.543 405.724 417.153 407.276 416.358 411.674 425.053 418.147 411.749 418.128
625 393.000 364.668 372.296 374.368 371.130 373.002 369.761 373.314 368.656 382.502 373.213
626 452.000 435.373 442.024 428.621 432.936 429.471 437.593 446.141 436.238 430.864 428.962
627 466.000 470.719 464.024 467.548 466.450 472.470 469.486 475.953 468.412 466.911 474.893
628 410.000 394.933 394.006 393.653 377.659 392.937 409.949 396.570 388.455 406.068 388.220
629 447.000 428.435 438.572 436.883 442.570 435.749 435.324 442.556 435.075 432.500 440.091
630 487.000 463.058 464.210 459.491 465.775 468.182 466.836 465.615 465.668 464.520 458.366
631 420.000 423.269 413.647 420.258 422.603 428.162 423.453 419.817 422.175 421.693 416.485
632 565.000 577.264 566.485 574.059 574.905 572.014 573.645 567.971 567.902 577.053 561.891
633 309.000 319.488 323.032 309.904 323.283 316.445 312.987 322.216 319.115 313.707 320.717
634 437.000 418.968 422.675 425.314 417.309 421.971 419.327 421.555 424.030 426.986 422.967
635 481.000 461.510 471.357 468.268 467.457 467.854 465.941 461.290 465.750 462.245 463.072
636 390.000 384.642 383.300 388.246 386.511 386.637 385.748 387.367 387.669 383.023 387.514
637 329.000 343.599 338.122 338.298 338.737 339.096 337.720 338.909 338.771 339.442 339.252
638 349.000 338.414 341.210 337.184 337.929 338.326 341.013 338.255 339.741 339.733 338.542
639 336.000 339.425 342.155 338.279 337.568 339.478 346.266 338.086 338.781 338.058 337.305
640 550.000 523.168 527.181 532.732 392.443 520.067 531.867 535.593 380.401 529.325 533.455
641 315.000 312.619 315.129 311.971 314.136 315.419 311.639 312.744 315.028 312.837 313.185
642 420.000 442.471 439.448 435.039 436.621 441.801 440.146 443.324 440.300 439.557 441.167
643 466.000 456.613 456.769 459.061 456.916 457.214 458.162 456.309 459.288 457.682 457.771
644 315.000 318.329 309.418 316.428 313.037 313.088 313.910 314.142 311.763 312.586 312.987
645 345.000 330.724 333.118 317.340 326.566 328.661 327.090 328.924 333.355 324.940 321.916
646 451.000 456.760 460.650 462.084 464.886 461.670 457.271 459.627 458.171 457.164 463.112
647 337.000 379.006 381.639 383.858 379.150 380.346 375.913 381.267 385.890 384.603 382.336
648 439.000 377.099 372.356 368.893 374.567 381.685 372.203 381.246 377.035 365.912 373.182
649 330.000 329.329 331.462 330.272 329.580 327.297 330.989 330.889 327.851 332.449 329.896
650 538.000 534.384 536.352 540.102 537.007 529.773 533.583 537.206 525.559 537.388 532.994
651 326.000 404.880 420.234 420.642 425.127 411.575 422.722 417.963 420.695 423.079 410.479
652 392.000 419.678 423.555 422.582 423.915 420.620 414.548 421.469 423.670 420.850 425.127
653 366.000 384.725 383.413 362.896 363.195 366.794 359.105 366.322 388.057 365.096 367.990
654 318.000 328.206 327.957 328.601 326.797 327.901 325.133 326.074 326.945 327.380 323.627
655 561.000 553.684 539.299 529.488 541.326 553.449 546.385 542.609 548.160 545.954 541.841
656 436.000 434.879 430.796 439.081 441.895 429.382 438.837 426.222 423.107 434.456 431.972
657 463.000 464.960 464.344 464.365 460.009 461.090 461.465 460.687 460.715 460.404 462.221
658 348.000 333.304 335.045 336.634 336.472 332.024 333.808 335.191 335.937 333.669 336.740
659 313.000 358.504 361.373 363.082 364.766 356.701 362.781 364.121 359.890 363.243 362.250
660 451.000 451.689 447.118 448.808 447.457 448.156 447.196 448.050 450.650 448.024 446.629
661 384.000 381.922 379.901 382.436 379.622 377.942 384.155 375.037 381.766 382.871 382.501
662 459.000 461.011 459.724 461.189 459.715 460.862 461.223 458.820 460.397 459.638 460.436
663 421.000 337.873 342.343 342.864 355.273 343.250 346.268 334.510 342.832 348.314 333.688
664 481.000 462.606 462.892 463.450 467.099 465.488 464.077 461.548 463.545 464.408 463.404
665 320.000 365.662 349.850 347.289 353.204 346.252 349.181 347.417 353.169 358.414 355.110
666 310.000 364.994 364.057 361.988 369.396 371.683 363.093 358.560 366.429 367.214 364.973
667 402.000 393.703 406.721 408.882 403.584 399.211 404.965 406.587 405.008 406.513 404.734
668 530.000 440.357 440.951 437.232 441.531 438.232 438.627 441.986 444.618 437.086 435.770
669 583.000 571.156 558.727 574.377 549.628 537.131 578.892 561.074 565.562 563.425 567.343
670 421.000 420.596 419.686 423.149 421.280 421.158 422.641 420.286 420.127 420.515 422.541
671 415.000 423.751 423.346 420.885 424.593 422.139 416.888 419.707 418.001 419.371 416.999
672 387.000 388.114 388.092 386.910 388.908 386.891 388.604 386.541 387.029 388.476 388.857
673 584.000 547.812 546.495 550.812 545.207 550.831 548.621 553.483 553.033 551.328 543.308
674 307.000 308.532 307.427 306.161 306.146 308.450 312.654 309.732 309.353 309.989 308.254
675 424.000 428.552 427.693 424.308 430.560 428.517 426.403 426.318 424.929 428.328 426.788
676 449.000 444.572 443.712 445.310 443.893 446.369 444.935 445.571 444.346 444.163 445.576
677 610.000 481.175 500.267 510.197 487.520 499.840 495.577 499.400 506.210 461.619 489.808
678 505.000 515.435 513.902 508.121 507.770 504.522 512.528 507.680 513.962 508.820 505.992
679 408.000 407.548 403.610 406.422 402.718 404.687 404.428 404.269 405.393 405.995 403.641
680 377.000 373.166 357.466 360.301 363.755 353.429 358.779 364.049 357.267 362.163 347.516
681 502.000 430.762 430.550 442.570 438.155 434.006 427.136 436.363 423.721 435.185 425.945
682 319.000 311.214 312.994 309.754 311.136 311.876 311.500 312.252 312.064 310.783 301.605
683 394.000 403.814 401.384 402.287 402.994 401.506 402.922 405.290 402.162 403.298 404.608
684 290.000 339.974 325.726 335.693 334.787 335.359 337.867 332.067 336.238 337.880 347.657
685 407.000 407.900 406.160 406.991 406.349 406.045 407.899 405.192 408.099 407.831 406.285
686 444.000 439.230 456.409 449.223 459.253 451.381 456.794 447.817 457.147 459.276 451.104
687 322.000 324.421 328.366 327.039 327.655 305.467 328.235 330.561 327.172 333.451 324.991
688 331.000 332.896 333.734 325.948 324.810 336.571 345.835 325.480 326.838 327.940 337.114
689 402.000 360.328 350.771 350.796 355.750 357.265 362.245 354.383 355.090 357.032 356.724
690 320.000 320.227 311.213 323.677 319.503 321.405 324.532 315.701 329.548 323.416 335.192
691 386.000 393.423 397.743 396.701 398.060 394.021 396.607 394.061 397.593 410.740 394.676
692 364.000 428.952 426.587 426.999 424.212 425.643 428.605 425.515 424.033 425.913 426.039
693 328.000 324.077 328.149 323.413 321.302 329.416 331.326 333.158 329.600 320.439 324.609
694 312.000 318.372 320.219 316.857 317.603 317.650 316.285 318.404 319.956 317.833 315.175
695 378.000 392.641 391.065 389.285 379.908 393.701 387.270 386.060 388.647 383.601 384.601
696 331.000 336.684 338.633 341.207 339.433 338.992 335.785 338.089 339.083 337.984 338.211
697 330.000 309.884 317.812 324.926 320.338 312.696 314.800 312.961 309.742 327.979 314.951
698 451.000 446.013 442.787 440.987 442.053 439.378 443.429 440.434 441.122 443.111 439.955
699 313.000 377.165 374.165 377.745 381.600 376.897 376.978 375.996 370.921 375.289 380.680
700 408.000 414.763 409.301 415.433 411.299 413.102 409.581 415.538 412.904 408.433 410.671
701 440.000 437.847 438.463 440.706 438.099 441.524 437.780 439.996 438.611 429.017 443.891
702 375.000 365.081 360.579 370.809 369.338 364.878 370.333 364.966 365.844 371.047 364.283
703 462.000 460.018 461.998 462.864 457.887 461.004 457.343 461.897 464.427 460.468 462.906
704 450.000 426.176 447.391 422.342 423.375 445.702 425.448 442.518 425.706 426.610 416.667
705 417.000 417.675 412.748 413.356 416.207 416.562 415.107 414.974 415.715 415.487 415.443
706 452.000 443.215 443.225 443.640 442.100 447.584 444.055 444.019 442.317 443.105 443.527
707 526.000 533.479 534.007 535.087 535.981 535.448 533.628 534.565 535.933 533.688 528.288
708 460.000 427.923 434.428 442.986 450.898 448.064 442.607 438.082 448.235 445.129 434.231
709 428.000 430.317 431.957 430.391 430.863 430.393 432.673 432.502 430.901 428.748 431.784
710 310.000 359.494 370.136 357.813 348.151 353.425 347.566 361.505 352.542 355.428 367.888
711 412.000 410.720 418.084 415.949 413.716 413.511 416.249 410.832 411.319 413.439 416.722
712 320.000 296.485 298.478 298.903 308.803 299.686 299.275 294.537 294.587 302.737 295.535
713 468.000 435.055 436.622 429.194 462.182 445.189 431.299 439.637 440.359 435.996 443.561
714 316.000 320.899 320.899 314.810 320.899 320.900 319.907 320.058 316.714 321.010 320.900
715 602.000 607.589 610.285 607.092 588.869 606.602 613.135 604.781 610.165 605.127 613.233
716 328.000 339.068 334.752 342.872 326.544 339.671 342.637 342.008 334.065 324.496 337.877
717 579.000 535.619 534.997 526.715 532.346 502.541 537.795 529.923 518.239 529.298 524.738
718 354.000 355.827 355.063 358.117 351.456 353.986 340.025 359.653 355.218 357.490 354.137
