data_index lambdaa.observed lambdaa.predicted.repeat1 lambdaa.predicted.repeat2 lambdaa.predicted.repeat3 lambdaa.predicted.repeat4 lambdaa.predicted.repeat5 lambdaa.predicted.repeat6 lambdaa.predicted.repeat7 lambdaa.predicted.repeat8 lambdaa.predicted.repeat9 lambdaa.predicted.repeat10
1 342.000 375.286 361.187 340.567 371.452 360.392 342.314 378.641 355.373 368.467 363.398
2 336.000 346.613 343.410 350.946 344.513 352.636 347.549 353.687 352.251 358.659 342.329
3 434.000 428.282 433.981 436.215 426.592 432.731 426.787 429.393 435.242 432.501 426.661
4 320.000 323.219 324.092 323.546 321.827 322.736 321.097 322.649 323.763 323.791 322.608
5 317.000 321.061 323.795 325.496 325.038 322.865 324.309 323.312 323.708 324.606 323.077
6 432.000 453.127 458.144 465.770 454.286 458.132 464.445 455.928 457.773 454.696 457.445
7 419.000 420.958 418.869 418.205 423.179 420.894 419.076 418.901 418.123 417.982 420.831
8 554.000 534.700 535.350 535.345 541.568 520.019 533.723 537.900 536.425 531.817 530.413
9 438.000 438.726 438.389 434.334 438.649 434.041 427.651 443.798 450.442 446.018 437.996
10 315.000 323.990 322.989 324.607 323.831 322.183 323.282 323.809 322.660 322.102 322.608
11 325.000 325.988 325.567 326.620 329.647 325.701 328.771 325.911 334.890 328.632 328.020
12 492.000 416.004 411.686 412.823 415.962 419.540 415.425 418.893 433.841 414.389 427.896
13 370.000 367.540 415.747 382.337 388.046 377.560 369.034 373.302 372.726 371.168 376.535
14 424.000 413.909 422.274 415.828 421.446 418.927 412.532 408.000 416.092 415.882 423.865
15 400.000 407.671 408.012 405.869 406.771 406.001 404.942 403.409 408.697 406.088 404.808
16 406.000 405.856 405.498 405.052 406.970 406.469 404.417 404.496 408.813 404.806 407.185
17 429.000 435.831 439.493 433.045 441.676 440.260 435.766 439.823 438.120 441.752 438.558
18 450.000 432.729 429.058 423.161 433.551 431.303 421.113 434.035 430.945 441.878 428.220
19 342.000 329.789 333.126 328.658 331.859 332.182 329.472 337.745 333.249 336.623 334.170
20 302.000 324.802 324.380 327.105 324.526 325.143 323.340 325.346 324.821 323.647 322.717
21 437.000 437.319 434.156 435.259 435.252 442.680 437.333 434.801 436.183 438.123 438.807
22 407.000 420.710 422.000 418.349 421.106 423.895 423.158 418.575 419.659 421.505 424.048
23 384.000 389.165 398.133 392.515 393.020 391.311 393.222 391.866 398.518 389.961 393.863
24 371.000 386.671 386.339 380.796 376.309 383.189 379.879 387.803 388.763 382.577 388.068
25 417.000 377.230 361.404 396.559 377.059 395.039 397.953 378.147 373.970 374.458 387.403
26 425.000 427.860 423.292 425.331 429.177 422.989 427.277 425.013 428.345 425.614 437.108
27 350.000 311.576 318.965 318.409 314.736 309.642 312.446 318.571 315.871 316.808 314.476
28 444.000 436.527 434.163 435.432 426.561 430.968 436.509 431.534 435.741 433.694 426.650
29 379.000 367.100 379.129 382.681 391.624 368.361 373.634 372.814 377.245 380.914 384.377
30 400.000 421.000 418.424 419.013 418.771 423.895 421.743 422.198 422.972 419.834 419.509
31 378.000 377.666 356.856 378.291 376.811 372.013 393.145 381.551 392.511 377.434 383.359
32 364.000 379.135 386.339 385.960 387.401 389.646 402.745 386.196 390.848 382.798 389.450
33 360.000 359.785 363.345 362.786 365.198 360.983 356.173 361.213 359.734 356.955 361.470
34 382.000 360.376 371.540 384.827 367.189 376.940 374.193 371.464 381.902 367.748 374.523
35 527.000 440.571 472.259 469.430 466.357 456.476 478.128 446.534 463.583 439.471 441.485
36 408.000 405.132 403.904 406.702 403.424 403.385 406.787 414.661 405.551 409.304 406.618
37 421.000 357.752 360.883 365.273 353.500 353.952 367.511 364.154 356.745 340.428 348.357
38 346.000 319.028 322.398 321.082 323.456 321.401 319.344 320.017 325.655 320.426 324.784
39 478.000 517.712 514.885 489.842 506.947 496.730 516.307 503.611 497.316 504.208 492.871
40 420.000 419.342 426.390 430.014 419.733 424.807 423.232 417.770 419.542 428.444 425.881
41 430.000 434.194 441.539 449.115 435.483 447.047 442.514 443.615 439.844 436.053 440.096
42 623.000 530.106 535.725 567.186 544.850 550.118 526.700 536.950 546.741 546.150 536.517
43 457.000 434.023 430.817 433.718 436.125 430.610 430.520 433.942 434.625 420.304 433.475
44 424.000 420.332 425.411 420.577 420.300 416.139 430.518 418.603 420.679 418.755 424.109
45 456.000 436.424 435.521 433.877 440.417 441.026 438.657 434.078 432.509 445.277 436.309
46 411.000 406.407 403.904 409.338 405.512 405.028 404.355 401.586 407.288 405.591 410.104
47 413.000 425.433 427.689 429.963 430.207 435.867 432.804 432.640 432.889 429.711 428.731
48 332.000 341.090 352.950 344.912 351.036 348.922 336.861 337.310 340.055 352.329 341.259
49 489.000 478.317 457.139 471.942 459.938 476.248 449.668 458.887 456.123 467.261 454.067
50 425.000 398.994 382.675 422.496 404.589 416.706 399.050 427.470 407.190 412.152 398.991
51 359.000 377.166 378.526 383.094 389.892 383.277 381.443 377.566 386.276 383.201 380.471
52 418.000 419.106 419.936 418.088 419.657 417.074 419.792 421.439 421.388 416.532 419.725
53 325.000 322.278 321.521 323.028 321.827 323.640 323.586 322.520 322.370 321.436 321.991
54 447.000 418.719 420.700 420.943 421.305 419.754 419.800 421.404 419.882 419.871 422.833
55 464.000 493.383 496.100 502.650 466.018 482.050 487.932 482.542 493.067 484.617 501.133
56 431.000 429.664 426.169 433.451 431.981 429.968 435.184 431.129 433.988 433.794 432.986
57 332.000 329.805 332.518 329.304 332.448 335.372 329.951 338.087 333.873 334.276 335.690
58 329.000 400.447 406.411 415.659 403.715 407.610 415.434 410.336 412.101 413.877 419.087
59 315.000 321.846 322.946 323.330 322.933 322.379 320.238 321.794 320.825 322.775 322.363
60 396.000 417.208 415.534 411.920 410.101 415.055 406.621 416.320 418.039 413.760 408.099
61 390.000 374.178 383.510 378.253 374.168 381.271 379.240 381.616 380.437 375.365 382.455
62 423.000 434.665 432.744 443.082 440.565 439.017 439.267 439.148 435.051 435.191 427.247
63 430.000 437.516 439.153 443.996 437.574 436.030 434.172 436.738 441.030 441.853 440.399
64 429.000 431.544 435.300 432.260 432.601 433.165 431.001 432.890 427.334 431.684 431.288
65 467.000 435.269 432.580 436.679 435.549 428.651 437.748 430.710 440.788 426.408 436.730
66 602.000 567.177 566.050 534.108 552.369 555.507 567.725 573.300 549.531 580.342 525.826
67 461.000 447.817 471.485 440.870 445.592 453.755 462.030 444.875 447.653 436.430 443.415
68 342.000 348.969 339.596 347.922 350.114 347.813 349.157 350.488 344.106 342.455 345.824
69 545.000 499.142 510.664 509.945 491.162 473.482 496.412 454.486 471.580 463.600 397.356
70 415.000 418.583 419.677 416.578 417.102 419.241 419.802 416.410 415.483 422.118 418.828
71 365.000 374.669 371.702 379.252 374.910 364.156 365.002 369.969 371.022 373.043 383.213
72 429.000 432.362 433.232 429.158 427.871 429.285 429.146 439.615 429.370 438.383 427.216
73 336.000 334.336 332.012 334.846 332.452 332.182 330.227 332.988 334.570 333.971 333.866
74 302.000 319.538 320.177 321.405 325.576 321.832 317.310 318.959 323.748 323.564 325.160
75 426.000 420.463 422.754 429.945 424.631 430.944 424.877 427.947 423.699 423.466 426.292
76 364.000 365.999 360.819 362.662 366.767 371.034 363.965 373.421 367.702 359.569 368.774
77 451.000 428.873 431.250 436.685 430.704 429.724 429.938 436.275 434.577 430.771 427.080
78 573.000 552.289 538.400 555.522 543.475 546.317 555.058 555.800 553.300 544.892 557.050
79 447.000 424.781 430.622 423.098 429.160 428.610 437.080 426.486 434.774 433.890 427.830
80 322.000 326.897 329.056 330.552 327.937 328.235 327.791 329.851 324.627 328.362 327.988
81 586.000 585.575 575.025 589.550 587.465 588.908 585.567 587.794 580.155 587.829 582.080
82 459.000 438.185 435.390 438.687 429.744 434.473 429.969 438.873 431.358 431.521 437.637
83 405.000 419.035 422.241 422.778 420.094 432.991 421.291 417.485 417.097 421.288 418.959
84 434.000 421.550 419.821 423.883 422.687 420.519 423.604 424.225 419.659 430.418 422.953
85 441.000 455.358 457.475 458.548 465.170 458.648 470.216 459.020 464.408 463.546 457.126
86 403.000 416.617 414.415 416.887 417.843 418.343 416.277 416.425 416.092 420.510 417.285
87 450.000 417.026 423.513 419.342 419.563 423.463 421.587 416.331 423.277 421.604 421.078
88 372.000 376.895 377.131 369.759 372.629 371.582 379.554 381.653 372.821 375.714 374.787
89 400.000 416.910 421.877 414.499 400.798 398.787 400.229 405.892 402.262 399.937 420.903
90 545.000 547.442 551.350 563.700 547.436 568.117 548.667 539.606 543.200 548.462 539.017
91 411.000 396.800 397.577 407.866 393.040 416.893 391.907 401.627 411.909 397.389 421.259
92 344.000 352.816 353.761 356.720 360.523 350.942 362.706 354.054 357.344 355.606 356.458
93 502.000 541.739 535.408 548.767 532.112 537.640 533.625 530.937 537.258 551.977 552.433
94 401.000 425.817 432.521 441.873 400.930 423.695 408.956 412.040 408.026 404.125 407.782
95 407.000 416.744 416.618 417.754 421.875 419.614 416.193 416.899 416.420 418.803 419.508
96 444.000 420.463 424.413 427.277 422.475 422.584 427.693 419.266 420.718 422.358 420.487
97 321.000 323.835 324.049 322.564 322.933 322.353 324.635 322.273 320.978 323.149 322.684
98 584.000 585.125 590.602 586.442 588.730 590.189 583.764 582.979 589.612 589.467 586.650
99 480.000 536.440 528.800 555.533 498.200 535.003 537.362 504.350 518.400 532.550 486.900
100 510.000 475.400 483.083 494.552 485.125 474.821 479.946 466.839 481.613 457.612 452.198
101 408.000 416.903 418.359 411.764 412.698 415.936 401.109 425.316 412.932 419.670 417.589
102 323.000 323.282 323.535 326.261 324.426 324.461 322.946 324.011 324.821 323.647 324.234
103 438.000 429.371 458.310 421.529 438.778 435.054 427.569 431.962 430.030 436.569 443.954
104 417.000 420.934 419.769 421.049 420.159 418.333 420.264 419.642 419.481 418.739 422.010
105 429.000 432.213 429.436 430.438 430.207 430.783 427.113 429.090 432.889 430.510 425.261
106 434.000 421.973 418.354 417.567 418.256 425.862 422.681 416.769 421.771 418.869 419.074
107 442.000 417.448 418.429 419.357 422.487 417.277 417.402 416.927 422.635 418.084 419.160
108 410.000 415.914 417.392 418.752 417.404 417.790 416.120 416.689 416.585 416.979 418.752
109 335.000 323.538 335.034 328.384 334.998 348.797 323.443 338.400 324.624 339.956 343.913
110 515.000 504.183 509.100 520.683 477.525 496.863 513.200 524.000 521.600 521.400 507.296
111 400.000 405.746 411.031 404.870 405.512 404.549 405.950 411.479 405.507 409.152 405.708
112 429.000 423.801 419.608 421.293 422.273 417.684 423.569 424.279 420.595 423.272 427.807
113 432.000 445.002 453.683 439.332 469.158 443.665 450.883 441.749 449.338 444.199 449.095
114 335.000 330.563 330.658 329.205 330.589 327.222 328.741 329.391 333.236 329.551 331.006
115 395.000 391.825 392.420 398.930 395.319 390.998 390.440 386.159 398.868 389.966 390.567
116 341.000 331.473 327.233 334.767 335.646 331.948 326.605 339.837 330.278 329.140 328.995
117 425.000 419.559 419.769 419.023 416.672 419.029 418.835 419.026 416.084 418.705 418.069
118 351.000 370.541 371.937 375.206 376.291 368.216 366.760 376.618 383.629 378.089 372.878
119 315.000 323.051 324.049 324.607 323.500 322.353 324.635 322.199 322.349 323.647 322.036
120 320.000 329.032 319.465 334.884 328.012 321.457 320.923 321.946 320.694 319.878 320.757
121 588.000 515.400 544.600 542.842 541.938 552.967 551.578 545.120 542.500 540.700 562.420
122 469.000 439.605 442.198 457.928 476.230 438.480 451.711 437.865 449.839 442.005 457.403
123 321.000 324.802 326.661 327.614 330.116 331.686 327.345 330.552 328.298 325.574 325.933
124 310.000 367.207 391.345 399.497 379.303 398.183 402.453 397.541 412.286 432.400 375.156
125 362.000 372.933 386.655 347.715 360.345 384.592 418.372 371.510 376.339 384.939 360.213
126 332.000 353.073 353.282 356.157 343.743 358.790 353.249 345.558 352.646 344.387 346.755
127 307.000 365.967 349.454 359.146 366.731 363.612 350.240 358.393 369.337 341.811 344.167
128 400.000 405.856 406.101 404.622 406.884 409.630 406.800 408.600 407.796 407.072 403.233
129 490.000 499.653 475.505 481.800 488.372 499.593 463.174 485.771 465.082 471.667 467.736
130 354.000 357.817 355.833 359.232 355.938 355.718 351.509 358.526 356.536 351.717 353.076
131 326.000 324.093 325.124 324.136 324.459 324.192 324.772 324.238 324.399 324.203 325.792
132 326.000 324.802 325.894 327.105 323.939 323.442 323.340 323.137 322.915 325.030 322.717
133 409.000 413.090 413.994 414.469 415.005 414.821 418.012 414.569 414.280 417.564 415.981
134 562.000 449.559 477.469 473.368 479.211 467.323 469.161 458.855 478.856 483.332 471.548
135 332.000 327.539 326.062 338.451 322.331 327.285 326.653 329.002 326.978 326.629 333.797
136 472.000 440.786 410.202 428.370 420.041 422.250 430.404 419.248 450.659 428.715 428.369
137 405.000 417.448 416.723 416.777 418.478 417.065 417.126 418.910 416.946 417.994 416.436
138 394.000 401.449 409.998 404.581 409.091 403.391 404.535 416.438 418.541 407.072 404.356
139 324.000 323.282 326.026 323.416 324.118 325.094 324.686 326.168 323.748 324.383 323.718
140 555.000 564.555 557.025 566.033 560.237 550.438 563.000 556.100 558.237 535.091 568.690
141 324.000 327.960 326.276 327.822 328.800 326.775 327.791 328.733 325.374 329.287 327.687
142 422.000 421.217 422.844 422.110 423.990 414.402 416.968 421.406 423.610 430.224 419.036
143 429.000 417.414 423.272 407.521 412.448 409.853 414.309 415.955 432.607 414.049 405.631
144 314.000 322.825 325.318 334.058 322.564 322.435 320.599 328.714 327.847 323.189 320.092
145 445.000 433.310 434.634 426.074 435.119 436.193 432.844 433.541 430.449 427.555 433.783
146 420.000 425.355 421.769 423.640 427.921 426.304 428.992 421.899 426.706 427.232 426.776
147 350.000 356.782 353.713 356.617 355.938 358.748 355.731 360.438 356.322 353.828 357.457
148 381.000 359.244 366.129 359.299 367.024 362.781 357.309 361.538 358.840 355.708 357.022
149 340.000 333.579 333.138 328.935 332.766 340.563 334.902 339.837 336.822 332.513 331.850
150 462.000 437.508 464.476 448.520 438.704 445.106 443.520 450.789 453.921 433.263 445.262
151 545.000 538.983 540.350 535.703 543.254 520.044 535.029 539.594 534.383 535.781 530.204
152 401.000 404.865 397.761 402.000 398.980 389.495 403.383 419.987 412.457 410.089 409.642
153 450.000 456.694 480.718 462.861 494.046 470.515 440.644 443.578 444.533 453.551 455.680
154 495.000 498.300 496.450 481.200 479.802 487.720 478.898 480.167 497.492 497.750 490.790
155 415.000 357.814 372.378 367.410 374.623 396.449 382.100 381.599 350.633 381.444 379.680
156 580.000 525.400 527.875 541.967 525.800 511.368 537.876 515.118 535.000 537.083 540.800
157 412.000 417.021 416.702 411.584 416.185 418.716 413.126 417.994 415.810 416.179 415.335
158 446.000 440.326 452.439 440.182 441.304 444.952 430.725 441.135 439.349 451.863 439.371
159 330.000 322.584 325.683 326.518 324.560 327.823 324.885 328.312 324.098 324.939 330.345
160 325.000 330.631 321.521 334.689 336.491 324.540 333.889 343.551 327.615 327.865 329.958
161 316.000 322.685 323.782 322.654 320.783 320.720 322.758 318.837 323.564 318.515 322.025
162 408.000 404.852 408.012 406.597 412.120 406.665 405.828 408.124 407.288 404.713 403.673
163 428.000 409.076 412.594 406.212 410.856 406.642 415.167 412.557 418.016 406.809 408.411
164 396.000 493.633 493.192 496.172 493.824 485.503 498.236 497.633 481.629 499.071 494.151
165 385.000 364.378 367.604 344.827 352.107 352.461 357.905 365.816 355.031 353.417 353.440
166 335.000 330.736 330.543 328.257 330.950 332.968 332.858 331.380 332.555 330.635 331.996
167 339.000 327.284 327.316 327.181 325.949 326.123 328.673 322.592 329.340 326.541 326.220
168 419.000 428.486 428.524 425.023 430.129 427.727 437.239 429.340 432.227 433.147 427.152
169 321.000 322.975 323.414 325.282 321.421 321.917 323.586 323.137 323.469 322.659 322.608
170 419.000 414.747 417.714 417.485 419.315 418.399 418.743 417.354 419.179 419.035 418.289
171 423.000 420.723 421.449 420.096 420.972 424.673 422.091 424.193 419.659 426.416 420.193
172 416.000 430.601 436.017 431.559 436.236 432.446 433.505 430.831 431.916 434.819 436.582
173 434.000 418.185 413.876 413.143 416.143 414.618 415.401 408.525 415.810 419.035 417.470
174 329.000 326.803 339.854 330.011 336.019 329.601 330.276 333.348 331.413 331.203 337.178
175 450.000 435.981 434.788 432.907 427.570 434.807 432.222 436.738 437.864 435.253 437.762
176 333.000 324.802 324.134 326.261 324.526 323.711 322.946 323.809 323.461 324.728 323.589
177 420.000 433.169 431.675 430.386 432.406 429.751 430.919 429.090 431.117 430.510 429.329
178 315.000 323.901 324.134 324.136 322.696 323.565 322.478 325.392 322.055 324.450 322.267
179 349.000 353.082 348.576 352.709 356.516 356.725 348.470 354.457 361.970 352.733 349.397
180 431.000 427.808 425.996 419.182 434.316 424.885 451.237 440.103 436.569 437.224 435.065
181 407.000 417.291 418.518 419.118 421.165 415.720 422.279 418.402 421.875 418.739 419.074
182 424.000 418.254 419.161 419.449 420.199 416.673 416.520 422.262 422.119 418.343 422.010
183 425.000 419.106 417.174 417.004 419.265 420.992 418.743 418.575 417.128 416.532 418.714
184 588.000 570.095 579.776 565.100 574.242 569.645 577.897 569.588 575.431 565.027 581.333
185 332.000 327.149 326.899 325.283 328.903 324.662 325.863 326.150 326.652 325.458 326.881
186 379.000 420.371 415.815 426.283 420.222 416.429 417.999 419.917 420.220 415.991 416.806
187 586.000 590.390 586.935 588.825 583.208 590.380 586.864 589.868 588.533 591.517 588.084
188 528.000 541.508 534.783 531.412 549.946 528.219 523.732 547.798 549.938 564.023 524.150
189 425.000 415.931 423.128 423.760 425.730 425.409 427.742 420.792 424.260 420.418 426.453
190 398.000 407.069 403.314 407.842 408.630 408.571 409.236 407.777 409.034 406.644 405.547
191 492.000 495.956 479.109 491.349 490.453 484.783 485.506 493.342 486.006 468.760 481.037
192 395.000 419.611 417.208 420.295 421.969 418.335 420.264 423.548 423.431 422.068 424.833
193 503.000 478.191 462.532 473.388 475.886 466.294 470.824 472.964 460.400 473.582 472.009
194 402.000 421.082 416.220 419.859 415.643 420.204 418.857 417.487 418.356 419.530 416.688
195 316.000 326.040 326.626 327.367 328.130 325.094 324.686 327.100 328.103 325.294 325.792
196 537.000 520.119 516.921 524.234 525.743 516.530 528.233 502.558 510.025 513.538 516.198
197 426.000 416.782 418.970 421.164 419.657 421.605 416.484 422.072 422.400 418.124 415.927
198 414.000 428.349 427.017 426.670 427.102 423.475 426.473 427.809 424.320 425.928 424.890
199 460.000 501.217 536.823 542.650 533.709 530.298 542.550 537.413 542.902 553.108 519.237
200 438.000 435.582 439.760 439.294 436.000 434.757 434.291 435.116 435.038 437.080 435.433
201 418.000 417.291 418.312 417.770 418.903 422.123 417.801 418.451 418.389 416.532 420.475
202 432.000 382.026 390.317 383.227 384.024 397.381 385.714 383.278 388.510 389.080 396.188
203 422.000 429.015 430.077 429.837 432.849 429.579 428.099 429.090 431.194 429.349 428.894
204 450.000 437.001 443.321 439.736 436.300 436.325 429.739 440.009 441.371 428.717 425.489
205 362.000 364.923 367.082 375.816 376.426 373.683 380.412 368.577 368.195 365.907 374.848
206 500.000 463.557 404.937 467.917 442.905 466.755 472.494 457.099 470.912 459.634 460.712
207 361.000 370.280 378.358 363.718 378.941 368.580 344.361 350.171 370.174 394.994 365.983
208 439.000 433.702 431.382 426.393 434.745 427.092 430.856 430.258 427.210 427.007 437.185
209 382.000 491.984 493.949 467.216 454.376 464.148 495.109 485.409 464.774 446.842 481.030
210 446.000 436.062 437.158 437.422 438.832 439.132 432.343 440.198 443.113 438.601 432.744
211 420.000 429.918 430.555 428.257 429.136 429.579 430.919 429.090 431.194 430.448 425.597
212 420.000 415.149 422.181 415.101 421.130 417.356 417.677 418.193 419.446 420.500 413.995
213 488.000 497.624 476.257 465.185 452.069 473.554 478.731 465.415 473.332 477.427 469.717
214 395.000 401.883 407.262 406.702 401.655 405.081 406.800 403.767 406.573 405.567 404.356
215 399.000 418.304 415.238 414.318 416.675 414.821 418.012 412.791 414.280 416.857 414.559
216 356.000 360.438 357.665 358.976 358.742 357.318 356.513 360.833 353.070 358.774 359.180
217 440.000 433.969 438.068 444.322 436.906 433.127 432.066 431.709 431.683 431.956 441.393
218 342.000 323.255 325.124 324.725 323.939 324.850 323.340 324.337 322.915 325.294 323.538
219 535.000 477.052 496.220 478.434 500.209 495.339 492.267 490.125 504.275 499.043 485.749
220 525.000 482.122 498.704 477.738 482.083 490.548 485.169 504.203 475.254 463.553 494.093
221 526.000 526.300 516.683 520.973 498.772 513.589 499.157 511.997 516.865 522.191 507.535
222 318.000 324.398 324.606 324.136 324.118 323.932 324.587 322.805 324.821 325.030 324.911
223 518.000 413.080 417.844 421.365 405.527 434.572 434.205 449.501 415.704 463.596 447.786
224 366.000 353.084 358.992 355.662 359.360 357.885 359.464 360.122 359.135 362.208 360.063
225 349.000 367.720 368.397 370.627 362.867 370.709 365.372 374.887 379.267 366.517 372.361
226 396.000 405.132 405.322 407.201 404.752 406.879 407.014 410.428 405.982 406.191 409.805
227 380.000 373.328 383.102 383.990 385.906 382.435 382.043 381.453 378.003 385.339 382.455
228 375.000 361.200 365.983 362.501 361.642 379.247 360.090 360.914 362.899 352.816 359.688
229 455.000 466.562 461.875 460.981 463.539 461.358 457.754 455.352 458.390 453.256 449.203
230 428.000 447.618 437.858 440.390 434.836 434.137 441.236 437.918 444.418 443.439 444.644
231 334.000 328.381 327.657 332.466 327.810 328.313 329.695 327.914 325.528 327.030 331.648
232 337.000 344.256 340.302 337.035 341.086 338.857 343.085 340.038 340.506 343.874 340.291
233 418.000 435.775 434.342 435.685 434.547 436.511 434.384 435.972 436.435 434.091 434.971
234 310.000 323.255 318.616 323.293 321.914 318.449 323.128 319.042 320.407 321.712 322.370
235 395.000 405.856 403.904 408.913 407.403 409.630 408.203 405.267 409.085 406.387 405.740
236 450.000 393.161 393.093 408.959 386.633 390.326 404.516 403.949 411.248 406.334 400.900
237 368.000 358.529 358.341 354.677 359.251 358.668 358.968 354.901 356.520 361.931 361.154
238 468.000 468.970 481.092 485.421 490.881 474.988 481.879 478.016 463.451 487.025 475.909
239 305.000 322.182 320.753 320.149 322.214 323.733 323.128 323.237 322.376 321.712 323.028
240 303.000 320.398 323.431 325.131 321.514 320.106 320.286 320.429 322.920 320.612 324.048
241 316.000 326.453 331.478 328.063 328.800 330.786 325.679 334.568 323.887 338.343 327.961
242 360.000 332.669 337.884 330.236 336.690 343.411 329.722 339.380 333.309 334.502 329.240
243 466.000 451.812 443.636 443.794 443.483 430.096 451.064 424.936 435.215 434.200 439.435
244 422.000 433.681 430.730 434.366 430.780 433.127 428.178 432.200 431.745 429.369 432.227
245 418.000 408.626 405.763 405.743 410.846 406.142 413.287 402.415 405.687 409.616 403.726
246 409.000 422.118 417.208 422.398 425.548 416.673 421.158 421.110 420.220 419.221 422.217
247 326.000 324.398 323.094 323.202 329.231 323.442 324.587 327.345 324.545 324.383 324.218
248 328.000 349.671 362.624 368.726 348.279 353.089 356.576 346.985 356.642 368.202 362.205
249 369.000 374.455 379.050 385.812 387.401 385.716 402.745 393.540 385.640 395.601 392.112
250 346.000 325.764 323.535 326.004 323.939 325.743 323.340 323.338 324.208 323.491 325.253
251 407.000 416.901 417.719 419.783 417.097 421.587 419.116 423.088 421.388 421.924 419.441
252 414.000 377.954 371.379 376.809 374.221 381.785 377.691 372.143 378.831 379.253 377.225
253 501.000 496.172 475.578 476.363 473.765 495.631 478.606 499.096 484.050 493.283 490.100
254 421.000 416.508 416.481 418.595 416.347 416.621 414.831 416.410 419.179 416.851 416.765
255 316.000 348.387 329.942 330.352 346.911 325.607 324.099 323.504 323.157 334.709 337.908
256 328.000 330.961 327.375 326.283 324.838 327.027 327.522 327.857 328.203 326.598 328.504
257 445.000 458.197 476.406 477.680 496.493 479.146 471.858 477.642 465.506 468.200 472.685
258 371.000 413.519 411.742 411.011 428.020 425.712 445.959 399.595 444.937 416.923 408.867
259 484.000 435.217 458.748 449.388 453.267 460.804 442.393 427.599 463.461 445.537 456.853
260 418.000 420.350 414.689 422.595 419.653 419.241 420.317 420.445 424.749 421.317 422.347
261 371.000 363.329 360.660 362.958 361.199 361.750 368.879 364.618 367.043 360.341 364.295
262 331.000 325.048 325.575 323.852 323.589 325.166 324.619 324.840 322.915 326.114 323.726
263 586.000 540.519 553.676 539.400 528.941 532.497 534.260 527.207 552.000 535.145 554.470
264 434.000 442.801 433.541 437.565 435.490 450.205 424.900 439.076 442.059 456.087 431.903
265 412.000 431.702 438.954 427.712 434.392 437.676 430.083 434.791 436.317 439.999 439.365
266 483.000 456.973 456.112 460.490 440.319 448.923 472.331 456.799 462.026 451.755 460.876
267 393.000 376.413 381.876 376.402 383.090 376.637 376.953 371.791 378.048 380.998 373.750
268 386.000 384.107 381.724 384.422 387.365 385.037 383.817 389.185 384.817 378.655 381.705
269 344.000 345.750 347.011 345.231 352.512 368.949 356.686 363.756 368.144 353.806 359.214
270 392.000 365.142 378.372 370.385 381.308 369.455 375.568 371.416 369.535 342.831 363.102
271 460.000 435.936 442.464 441.033 438.326 441.981 443.170 440.729 439.567 441.540 438.554
272 321.000 327.946 325.161 328.188 325.360 324.110 327.531 328.090 327.428 329.032 326.092
273 311.000 323.901 326.026 323.202 324.526 325.166 323.340 328.695 323.748 324.606 323.589
274 391.000 390.268 396.023 369.010 364.498 395.087 357.524 371.516 379.746 386.093 380.556
275 431.000 423.771 408.928 433.205 384.697 413.982 409.102 421.573 425.590 416.871 411.109
276 357.000 366.490 360.370 368.836 368.619 365.479 370.669 364.443 361.387 364.802 362.999
277 414.000 398.359 401.846 400.872 395.934 401.571 390.962 399.357 403.419 392.552 393.791
278 452.000 430.257 423.475 429.485 424.867 427.710 426.875 425.821 429.930 433.922 429.692
279 437.000 455.426 458.259 442.599 457.078 472.991 455.115 459.100 454.220 465.780 437.441
280 315.000 323.276 323.414 321.883 322.933 323.675 324.635 322.199 323.763 323.647 322.608
281 435.000 435.714 449.633 434.816 432.042 440.243 433.109 425.224 450.792 440.513 431.219
282 448.000 426.565 423.571 434.877 423.317 422.888 424.730 422.807 423.891 434.908 435.004
283 416.000 420.116 419.697 420.314 422.003 422.280 422.029 419.171 416.946 421.128 422.217
284 328.000 329.697 325.301 329.034 329.917 326.152 327.567 324.651 328.737 328.713 329.897
285 390.000 406.687 405.881 408.794 406.325 409.630 407.014 406.362 408.697 409.304 405.740
286 310.000 323.255 320.753 319.565 321.200 320.392 321.590 322.119 321.160 321.562 319.747
287 365.000 356.602 358.175 364.072 363.030 364.537 364.868 363.268 364.175 357.341 364.575
288 402.000 417.339 419.677 417.485 419.015 420.733 417.257 419.295 414.091 420.229 419.592
289 372.000 379.077 391.751 383.773 376.309 389.646 392.799 396.645 372.105 378.848 376.917
290 428.000 441.374 425.460 443.415 427.086 431.985 435.979 436.617 439.786 432.112 429.364
291 267.000 419.514 435.295 412.443 404.030 395.848 437.848 432.501 393.017 408.227 403.823
292 330.000 327.379 331.657 326.459 337.701 334.833 332.924 332.075 329.702 330.574 336.219
293 598.000 599.737 584.100 575.158 586.116 587.494 590.228 582.896 583.450 594.900 588.425
294 392.000 404.440 406.399 409.203 408.276 409.002 401.741 408.558 412.361 411.694 407.342
295 430.000 517.163 469.527 475.286 491.804 496.596 494.297 516.318 488.265 499.471 480.292
296 340.000 335.959 336.455 329.897 330.484 337.096 333.156 330.571 326.064 329.404 326.801
297 312.000 325.346 325.532 324.620 325.234 331.604 326.767 326.599 325.176 325.266 326.738
298 327.000 324.812 323.795 323.967 324.426 325.143 323.900 322.805 323.708 324.606 323.718
299 342.000 348.076 352.732 346.853 343.908 344.036 340.738 343.976 339.822 339.474 344.488
300 417.000 418.720 417.564 417.726 420.159 421.274 416.520 418.451 419.857 419.053 421.577
301 318.000 323.565 322.787 324.602 321.680 324.258 323.586 322.221 320.978 323.647 322.476
302 329.000 331.462 325.993 325.770 331.003 330.903 324.444 325.490 325.020 326.391 337.671
303 339.000 328.173 328.546 326.810 327.501 326.814 327.397 329.113 331.000 329.607 328.613
304 334.000 328.625 331.572 331.525 333.127 328.906 329.023 330.174 327.693 336.414 332.049
305 346.000 343.646 343.132 337.999 346.133 346.121 349.145 341.235 351.707 342.303 342.201
306 420.000 418.927 422.283 415.431 420.528 417.018 416.043 416.808 423.573 417.921 417.588
307 371.000 392.400 402.572 389.521 389.220 392.169 386.494 404.301 393.313 395.601 403.278
308 560.000 580.475 574.300 581.640 579.750 571.680 573.950 579.375 579.050 570.400 580.050
309 512.000 452.147 459.858 487.897 460.053 458.288 467.103 442.725 456.093 473.111 452.292
310 410.000 417.333 419.433 418.240 426.293 418.948 420.567 419.669 429.513 419.972 422.871
311 473.000 470.816 470.493 472.301 478.719 470.578 480.321 470.676 461.037 456.521 466.445
312 427.000 416.901 416.539 416.352 414.603 417.041 417.257 417.715 419.109 417.214 424.054
313 326.000 387.743 386.530 404.524 380.218 381.268 393.368 397.057 401.435 397.388 391.192
314 405.000 406.044 404.847 407.352 408.630 406.007 408.075 409.243 406.535 402.365 407.987
315 442.000 453.401 454.950 453.961 466.454 459.165 463.259 448.152 459.736 445.341 454.664
316 330.000 325.475 333.429 330.651 332.202 331.839 329.826 336.357 334.944 333.199 334.058
317 328.000 329.893 325.621 329.996 325.133 325.617 323.995 328.321 325.902 325.133 323.840
318 436.000 434.716 432.456 431.588 430.636 438.723 433.233 431.709 431.978 433.494 433.535
319 410.000 418.402 418.341 417.504 416.654 417.254 417.126 416.450 415.487 417.214 418.631
320 462.000 445.381 456.103 453.263 446.071 428.842 443.218 442.207 444.735 444.919 448.669
321 471.000 436.726 446.298 447.290 434.941 441.128 434.936 441.657 440.268 446.483 434.916
322 427.000 422.247 422.514 420.096 421.603 417.277 420.134 423.279 419.263 423.001 420.193
323 464.000 443.610 432.758 436.618 447.134 442.812 440.225 436.341 435.857 441.091 440.147
324 446.000 434.983 426.071 437.026 430.692 419.798 428.626 421.304 428.359 420.537 435.004
325 583.000 558.361 568.737 571.783 579.492 583.819 578.350 575.550 582.005 572.604 590.113
326 562.000 480.730 489.666 498.942 482.625 495.413 493.561 486.450 497.316 505.808 465.793
327 313.000 322.720 323.953 323.097 326.124 330.067 327.650 326.170 333.142 326.254 326.257
328 422.000 409.283 416.188 413.509 409.232 419.450 416.851 409.346 406.688 419.342 412.795
329 382.000 392.804 373.621 401.588 386.659 380.680 375.382 401.841 380.082 385.622 423.080
330 398.000 468.045 454.162 451.939 481.410 426.242 451.741 455.638 478.431 488.700 467.945
331 371.000 384.077 380.731 371.138 380.845 380.968 380.450 378.346 388.763 385.448 379.329
332 414.000 415.396 416.200 417.010 416.005 416.163 417.554 417.805 416.738 418.631 416.975
333 440.000 436.712 430.934 439.748 434.427 436.806 438.412 436.307 435.096 438.311 437.925
334 599.000 578.004 587.942 589.100 592.390 579.219 579.075 579.630 585.892 582.791 586.200
335 353.000 357.752 356.902 359.250 358.684 359.915 360.596 359.016 355.107 354.386 363.672
336 404.000 444.088 449.862 455.440 448.231 428.945 443.085 449.998 454.404 432.885 436.959
337 406.000 423.891 419.041 418.034 420.970 422.253 415.107 419.949 416.639 418.963 419.508
338 324.000 324.802 324.380 325.876 325.038 323.932 324.686 325.346 323.748 324.728 323.749
339 337.000 327.778 328.921 328.248 329.954 331.549 330.458 330.898 330.172 330.635 329.139
340 395.000 417.291 418.518 418.595 417.146 417.221 416.902 417.715 419.435 418.233 419.252
341 407.000 418.133 420.508 418.349 416.430 418.858 416.520 420.647 419.228 418.073 420.009
342 330.000 352.886 350.287 345.721 352.871 361.920 355.111 367.301 360.974 358.382 374.977
343 417.000 420.275 423.299 422.490 429.364 426.805 427.528 426.786 427.288 423.119 438.808
344 395.000 406.699 404.758 406.334 406.448 406.001 410.390 407.386 407.796 409.115 408.657
345 503.000 390.491 384.445 388.257 391.051 386.187 390.894 393.850 389.991 387.966 386.769
346 448.000 454.996 450.416 445.503 449.745 465.240 438.325 445.478 453.675 446.403 460.023
347 363.000 369.071 390.231 385.256 389.640 378.942 365.905 376.622 390.097 376.902 381.634
348 386.000 381.338 383.448 377.158 374.823 381.078 376.252 385.183 382.711 391.547 385.090
349 330.000 329.237 333.487 327.234 331.597 332.387 332.494 331.791 330.499 329.117 332.732
350 488.000 351.504 363.872 350.482 368.247 377.598 361.901 344.557 362.120 359.428 363.825
351 479.000 468.094 507.310 472.926 479.236 482.783 476.044 485.292 498.775 483.900 483.033
352 338.000 375.893 364.541 390.086 387.697 391.436 375.367 392.449 375.351 387.247 407.327
353 456.000 441.025 450.665 449.674 457.355 451.108 431.969 453.996 445.383 446.847 441.477
354 418.000 412.637 415.024 407.110 409.758 422.292 418.621 413.279 407.267 412.594 411.104
355 322.000 324.334 326.026 322.920 324.426 323.499 324.309 322.805 323.781 324.728 323.718
356 321.000 322.016 322.989 322.973 323.094 322.353 322.748 322.901 322.894 321.369 322.324
357 335.000 366.547 360.858 359.702 361.377 357.248 362.857 354.148 368.144 355.415 352.100
358 394.000 408.005 406.458 403.467 414.157 415.854 411.407 410.428 418.541 403.090 399.337
359 398.000 426.467 430.814 425.317 430.368 418.862 404.306 413.439 431.269 434.611 382.908
360 421.000 387.545 409.586 394.029 381.595 397.618 405.203 381.907 386.350 385.531 397.003
361 364.000 360.485 371.841 362.128 362.765 359.200 366.967 371.310 367.438 363.176 358.685
362 322.000 323.419 325.578 329.178 328.701 327.823 322.383 326.610 325.656 324.939 329.461
363 446.000 498.608 489.104 506.850 499.616 487.383 490.025 493.257 493.224 492.207 508.550
364 340.000 346.568 332.915 345.228 343.683 347.581 339.536 343.488 346.323 334.201 334.026
365 340.000 356.774 360.108 360.434 355.247 362.723 361.957 358.347 356.116 357.602 360.983
366 452.000 441.581 435.971 415.837 433.251 433.729 415.596 421.773 445.906 416.223 421.225
367 367.000 369.004 378.396 389.564 384.726 388.439 370.670 371.271 383.403 377.943 380.776
368 425.000 424.664 420.594 425.023 430.405 427.162 433.233 433.132 429.011 425.297 434.857
369 399.000 354.137 354.711 358.486 357.090 349.704 365.738 357.305 354.883 369.524 357.005
370 420.000 415.282 416.754 416.853 421.513 419.888 418.666 419.501 420.173 416.125 418.250
371 526.000 535.993 524.342 534.368 519.883 542.275 565.758 527.405 537.150 544.180 524.199
372 343.000 348.426 339.185 344.015 342.801 341.996 343.796 343.987 344.581 336.636 340.783
373 420.000 446.751 440.156 451.512 436.809 440.631 431.479 434.489 449.146 450.261 442.339
374 403.000 394.813 390.749 386.143 396.770 407.116 389.638 409.324 402.808 396.695 389.954
375 495.000 475.378 486.684 477.145 487.735 457.512 452.779 482.730 478.309 463.156 488.225
376 564.000 457.651 445.349 441.922 447.098 445.778 446.636 451.965 449.223 440.343 447.318
377 420.000 496.537 477.445 474.058 461.986 483.661 481.829 485.067 436.812 482.017 503.029
378 414.000 416.384 418.682 415.005 417.319 417.041 419.055 416.751 413.044 415.107 418.631
379 328.000 322.058 323.893 324.223 322.293 319.394 321.157 324.465 322.908 319.308 322.631
380 546.000 436.715 445.449 450.568 442.399 453.239 450.850 445.935 445.051 447.591 455.680
381 323.000 324.779 323.439 324.602 323.800 323.675 321.883 323.964 324.340 325.010 322.608
382 413.000 417.021 414.415 413.143 417.389 417.524 415.937 414.106 416.111 419.481 414.871
383 360.000 428.533 427.378 419.246 415.912 418.809 419.251 421.193 423.735 416.857 412.292
384 411.000 419.062 414.530 416.696 419.265 417.779 416.843 420.964 418.482 418.635 414.275
385 346.000 328.958 329.432 329.383 330.092 328.713 328.215 328.845 329.570 329.000 329.063
386 449.000 449.204 438.944 435.080 441.839 441.445 442.015 434.855 449.228 440.641 448.753
387 389.000 417.719 409.463 407.700 408.145 409.962 420.383 412.564 416.313 410.379 407.938
388 340.000 362.535 341.066 349.365 366.549 365.582 357.573 359.577 364.490 345.446 369.068
389 343.000 325.814 326.398 326.007 324.870 327.907 328.292 329.572 326.501 327.627 327.867
390 404.000 416.195 417.453 416.689 415.641 419.218 416.599 415.774 415.364 417.850 420.395
391 451.000 483.621 463.225 470.348 452.074 473.814 448.344 464.159 464.215 461.762 466.540
392 359.000 362.225 357.359 357.778 364.392 358.377 363.417 357.963 363.704 367.462 358.221
393 410.000 429.563 431.270 442.722 437.034 430.798 432.841 430.538 440.491 434.532 441.830
394 340.000 328.156 329.343 328.858 330.145 332.491 327.649 328.376 330.103 328.701 328.667
395 504.000 445.492 455.814 474.372 463.466 467.441 442.732 430.322 474.377 464.100 449.651
396 546.000 476.442 437.486 470.379 451.600 456.813 462.821 464.281 442.212 421.030 447.336
397 392.000 401.777 419.532 404.429 406.512 395.883 401.888 419.743 405.835 397.690 405.728
398 413.000 422.465 420.321 418.088 425.860 419.798 417.800 429.999 418.856 423.336 415.040
399 325.000 360.458 357.597 366.474 373.642 365.272 358.904 368.823 370.556 379.713 366.277
400 297.000 322.790 324.092 323.028 321.887 323.260 321.874 321.494 322.349 323.791 321.832
401 397.000 418.707 422.923 418.595 417.609 419.609 417.257 419.997 419.659 416.611 415.608
402 428.000 431.792 432.056 423.952 432.971 427.700 419.094 435.878 425.243 423.642 424.288
403 440.000 419.424 419.793 429.464 426.961 425.265 430.276 417.770 422.862 420.520 428.631
404 604.000 585.605 592.852 579.938 589.978 583.237 595.883 584.333 593.587 589.837 593.677
405 442.000 439.712 431.242 443.117 440.573 437.887 443.294 440.792 441.949 446.939 436.627
406 462.000 482.811 503.240 486.413 497.425 484.129 485.058 487.125 485.596 480.524 492.075
407 491.000 472.775 450.135 458.482 447.520 450.781 466.931 469.208 470.673 465.667 456.075
408 495.000 473.681 469.194 464.381 475.796 477.185 483.725 476.524 462.809 492.407 474.689
409 394.000 362.598 357.620 355.994 354.853 356.657 365.290 358.554 365.752 357.617 364.142
410 320.000 329.672 331.133 328.263 332.184 328.940 330.050 330.203 328.663 330.637 332.523
411 445.000 442.196 440.868 438.125 434.037 434.018 441.443 439.465 439.699 434.236 431.729
412 350.000 357.379 360.768 360.105 358.694 355.084 359.781 358.204 359.291 361.146 355.964
413 332.000 328.792 330.458 328.345 329.102 325.324 327.187 328.418 327.924 327.457 329.653
414 411.000 420.548 422.741 420.996 418.261 420.047 420.030 422.522 420.193 422.562 419.652
415 341.000 349.581 380.820 357.193 376.271 358.607 350.481 370.496 358.865 371.045 362.431
416 452.000 455.056 454.021 453.052 457.539 465.693 462.868 458.743 457.831 452.562 462.925
417 398.000 404.879 404.805 405.902 401.498 410.664 405.787 400.749 414.450 401.563 409.817
418 357.000 360.041 356.185 356.885 359.972 357.756 356.767 361.593 360.334 355.192 356.222
419 410.000 419.106 417.896 422.067 421.053 419.798 419.330 418.575 419.228 416.532 419.761
420 411.000 423.951 434.676 425.306 414.966 420.806 414.567 417.937 411.703 414.960 411.651
421 316.000 323.255 319.786 322.654 322.778 319.742 322.758 321.239 321.309 322.099 322.025
422 454.000 422.373 420.327 421.289 423.720 420.944 422.985 417.348 420.349 420.359 421.200
423 492.000 485.525 487.700 487.721 478.273 491.000 500.150 495.900 489.857 490.050 488.342
424 405.000 415.282 419.551 421.952 416.840 417.135 418.494 420.051 420.173 417.573 419.044
425 357.000 361.979 363.669 359.672 359.747 362.376 363.067 369.421 360.761 361.194 366.968
426 424.000 418.493 419.125 418.518 417.102 418.323 417.257 416.410 420.291 418.854 418.289
427 335.000 354.725 350.130 354.790 344.492 342.509 347.114 335.277 348.787 347.651 348.016
428 438.000 449.544 452.246 435.868 432.447 458.406 449.146 452.499 451.921 455.508 444.956
429 525.000 463.171 438.781 449.575 472.316 468.667 459.656 458.543 455.356 466.384 464.847
430 331.000 407.416 430.654 413.376 443.344 400.738 430.465 414.228 452.991 418.557 424.736
431 431.000 397.378 409.903 387.102 402.163 387.579 384.041 397.768 401.928 402.703 393.244
432 591.000 573.605 575.675 584.045 575.083 591.775 577.853 583.658 585.275 587.367 589.273
433 414.000 417.042 416.698 416.352 414.498 417.704 415.937 417.647 412.267 418.917 418.576
434 388.000 376.432 371.611 379.712 372.154 374.962 377.274 373.882 376.300 381.290 373.144
435 585.000 574.950 572.150 561.458 551.795 567.900 578.159 556.850 573.551 575.510 555.550
436 398.000 407.441 405.807 408.913 407.623 408.717 404.355 405.631 407.796 406.976 405.740
437 441.000 486.308 462.604 472.598 472.510 476.563 480.388 471.314 466.187 449.555 474.253
438 309.000 322.551 324.164 325.227 322.838 321.997 322.383 321.876 320.982 322.659 321.642
439 518.000 527.094 524.304 504.670 510.918 518.027 514.009 522.450 508.151 509.586 529.680
440 416.000 416.427 421.566 420.095 416.347 421.368 421.825 422.053 417.325 418.846 424.580
441 412.000 415.914 417.392 416.423 417.404 417.254 418.012 417.357 417.311 418.631 414.622
442 385.000 368.370 386.901 379.065 376.830 377.039 374.588 376.015 369.542 378.625 368.212
443 325.000 324.802 324.163 326.261 322.887 325.166 323.340 323.809 322.331 324.383 324.684
444 325.000 326.948 331.133 329.426 327.837 328.632 327.970 329.093 326.416 325.485 329.969
445 328.000 331.574 325.932 330.552 327.807 328.085 327.655 324.841 325.670 328.443 327.687
446 397.000 413.128 417.510 412.422 416.185 415.345 417.063 417.994 417.364 417.214 414.774
447 407.000 416.384 418.210 417.896 417.524 417.254 415.621 419.997 414.974 416.611 415.419
448 491.000 447.382 455.591 450.213 449.198 445.910 447.668 443.501 442.369 453.502 447.785
449 328.000 316.324 321.134 322.909 313.902 322.977 320.688 321.453 322.070 316.720 315.998
450 430.000 440.711 436.711 442.269 437.320 434.273 435.766 440.201 439.294 431.681 434.002
451 413.000 391.495 390.323 396.186 390.931 406.798 406.002 393.692 392.432 404.491 384.505
452 364.000 373.795 417.197 378.234 388.046 374.379 372.818 375.883 400.991 374.209 388.382
453 404.000 402.661 403.904 407.094 406.970 403.391 405.538 404.496 400.864 409.304 405.680
454 431.000 442.824 436.845 438.422 440.235 436.413 430.508 439.934 447.176 436.942 439.422
455 461.000 458.263 467.307 454.940 461.373 455.483 453.373 462.806 451.714 461.224 458.330
456 346.000 341.273 342.423 340.601 338.773 348.848 344.079 340.950 341.187 344.128 340.832
457 461.000 439.172 441.701 436.618 443.849 444.100 430.899 446.153 446.363 447.689 437.684
458 446.000 442.664 451.483 440.445 448.351 444.772 441.635 449.528 443.258 435.439 437.525
459 334.000 332.428 329.332 331.707 327.710 329.809 328.899 329.106 330.560 330.223 330.674
460 368.000 341.358 339.010 340.724 343.908 338.178 355.743 338.540 341.354 339.474 343.805
461 421.000 443.300 463.820 442.544 400.207 456.724 438.074 428.655 445.779 431.951 411.920
462 536.000 529.354 520.480 526.796 536.367 532.100 540.475 558.910 548.400 528.850 523.079
463 399.000 427.961 426.118 434.358 426.323 430.657 435.907 423.482 428.321 433.379 431.541
464 584.000 590.300 587.087 579.750 579.820 589.092 586.575 585.176 588.086 588.292 585.000
465 592.000 586.882 590.557 587.976 584.790 588.010 586.917 586.779 584.898 587.738 589.800
466 450.000 448.804 432.758 444.793 441.367 449.256 442.515 445.847 443.837 447.689 440.147
467 359.000 362.233 355.048 366.032 360.574 362.385 366.891 362.922 353.783 362.091 364.011
468 325.000 322.385 323.431 320.932 322.732 322.293 322.879 321.780 322.393 324.934 324.048
469 315.000 323.117 323.389 322.577 331.198 322.443 322.153 331.610 328.264 323.660 322.342
470 411.000 433.369 427.241 434.058 422.972 419.868 434.100 421.413 426.404 416.193 425.385
471 548.000 518.538 540.337 540.800 541.041 539.700 530.575 535.100 536.775 537.067 542.400
472 450.000 435.776 435.368 437.198 436.948 435.240 437.006 433.347 437.540 439.582 437.784
473 310.000 400.267 409.962 403.448 392.938 404.262 402.011 418.377 415.215 402.918 394.365
474 362.000 328.446 348.882 334.316 340.509 332.298 330.159 329.457 328.199 329.813 338.849
475 322.000 324.887 325.588 325.817 324.144 325.617 323.995 326.199 325.902 325.566 325.253
476 396.000 415.630 416.220 413.686 413.693 415.775 415.980 417.152 415.237 416.161 414.423
477 408.000 418.720 419.936 417.971 418.272 416.591 417.402 418.575 421.388 418.541 419.761
478 540.000 534.202 513.834 514.477 518.109 518.161 512.680 496.492 510.628 530.868 516.381
479 399.000 412.446 412.196 409.376 409.267 406.851 407.651 411.964 418.415 409.304 408.378
480 448.000 455.812 454.121 452.330 457.535 455.799 455.766 460.493 455.300 455.466 459.701
481 460.000 417.291 417.719 418.958 420.372 416.701 416.849 416.899 415.882 417.573 418.566
482 331.000 323.901 323.437 322.591 322.696 323.711 323.900 325.033 322.538 322.502 323.749
483 448.000 417.466 423.228 433.237 432.273 428.511 430.292 423.755 435.957 430.300 434.061
484 444.000 446.994 435.208 431.616 428.219 442.865 434.242 433.489 439.871 433.814 433.770
485 336.000 327.195 323.535 325.283 326.385 326.859 326.831 325.911 329.171 325.563 324.435
486 502.000 455.041 462.803 464.834 441.897 455.582 464.947 452.640 467.460 475.508 441.619
487 409.000 419.815 419.551 420.096 423.023 419.979 418.743 423.088 421.388 421.924 422.307
488 405.000 417.448 415.166 416.504 417.609 416.471 416.843 415.379 418.305 418.286 418.918
489 555.000 553.975 569.960 553.354 564.321 552.607 562.008 564.700 558.108 546.592 556.150
490 427.000 423.309 422.514 419.762 422.487 425.589 420.371 423.770 419.659 423.344 424.561
491 452.000 442.348 444.717 442.938 438.902 443.973 430.899 437.222 446.213 440.169 447.869
492 329.000 326.477 325.567 324.721 327.247 324.850 326.476 326.475 329.808 323.647 324.936
493 491.000 490.850 467.653 487.104 483.780 487.535 486.565 468.646 479.435 486.015 471.443
494 440.000 439.977 448.352 433.159 437.771 437.254 443.170 454.009 450.285 436.509 441.142
495 363.000 332.180 326.627 334.549 334.763 329.602 327.220 326.098 337.650 331.980 327.844
496 432.000 428.011 431.803 433.734 434.950 432.731 433.139 429.393 433.273 433.850 431.647
497 514.000 456.317 492.636 501.849 494.125 498.504 470.031 472.261 461.290 483.953 484.157
498 536.000 533.306 554.054 563.004 553.700 500.945 527.917 553.468 568.775 547.391 568.426
499 462.000 417.466 428.836 421.373 426.856 425.867 430.495 420.456 428.062 434.622 430.220
500 510.000 488.283 504.686 491.700 506.886 501.801 509.800 493.115 519.550 500.268 497.893
501 357.000 387.117 390.471 384.004 391.255 395.222 381.379 394.563 389.923 388.678 380.137
502 418.000 421.416 420.712 418.391 419.603 417.277 421.116 419.347 414.406 424.006 419.202
503 406.000 449.172 440.662 443.171 448.219 435.320 450.943 442.575 458.528 449.198 438.228
504 464.000 471.566 463.650 464.636 472.456 469.022 463.476 476.007 470.038 469.194 468.593
505 400.000 408.924 407.122 408.086 413.227 406.932 405.058 410.626 408.520 409.152 405.106
506 400.000 419.855 419.326 423.298 417.649 417.135 417.801 420.843 420.173 421.516 421.577
507 333.000 325.170 325.575 324.205 323.939 324.192 325.931 325.147 323.708 324.412 323.589
508 452.000 444.553 440.288 446.725 438.951 441.797 439.578 442.328 444.499 445.643 435.955
509 586.000 527.950 530.067 546.200 532.954 524.980 538.800 552.670 522.000 540.355 527.021
510 461.000 443.344 443.146 436.746 436.161 440.948 448.379 446.843 443.052 437.730 440.620
511 606.000 586.138 583.500 582.119 567.150 581.696 566.928 584.366 576.350 589.520 570.087
512 338.000 395.762 396.373 379.583 383.949 401.531 388.561 374.798 386.921 385.849 403.339
513 368.000 388.357 384.508 387.334 378.340 376.114 388.837 393.301 389.399 390.931 379.879
514 442.000 427.019 419.821 423.503 419.062 419.263 423.517 428.735 424.829 428.631 429.915
515 417.000 432.864 420.460 418.994 417.350 419.655 432.737 422.644 425.305 419.549 420.965
516 328.000 324.032 321.428 324.110 321.827 322.906 323.795 322.199 322.660 322.444 323.253
517 477.000 467.353 446.144 478.392 469.170 441.181 480.562 463.951 475.788 458.231 466.045
518 350.000 328.257 332.726 328.278 332.294 327.572 332.959 324.567 324.137 328.370 330.132
519 421.000 416.923 416.754 418.091 417.159 419.035 418.666 418.451 419.857 418.541 419.761
520 592.000 541.408 562.271 527.455 535.807 525.350 526.510 541.588 528.118 483.038 524.725
521 422.000 448.884 450.397 442.680 451.317 445.529 442.644 447.916 440.733 449.428 448.287
522 473.000 482.332 474.150 472.063 477.303 469.393 478.880 470.510 471.969 480.328 473.682
523 567.000 567.813 562.346 564.425 568.328 565.750 550.993 569.864 567.951 575.283 551.909
524 425.000 420.253 419.510 412.985 419.265 422.283 426.733 417.781 418.784 427.680 419.989
525 429.000 421.889 422.443 415.154 419.164 414.805 422.565 424.424 416.768 419.035 417.097
526 351.000 357.101 345.760 354.250 351.266 354.502 350.771 353.059 348.488 352.305 346.066
527 416.000 416.204 416.206 416.590 414.603 416.621 420.264 419.997 416.946 418.286 418.918
528 354.000 357.817 362.657 360.595 358.463 353.749 358.186 357.419 358.885 357.603 357.457
529 524.000 507.000 518.878 527.315 506.606 532.600 514.600 531.500 520.066 532.319 516.000
530 334.000 345.341 344.646 348.533 342.626 348.848 342.777 344.201 345.534 346.324 342.236
531 462.000 429.802 429.616 423.836 423.910 424.326 428.394 419.606 424.121 427.391 428.659
532 477.000 425.950 448.864 429.509 427.630 440.444 427.225 429.774 427.201 424.031 426.114
533 528.000 511.385 515.136 510.193 510.942 511.751 513.909 512.077 510.201 510.052 501.443
534 335.000 327.236 325.164 328.862 326.515 331.785 327.741 329.099 328.917 326.443 327.265
535 323.000 324.229 324.773 328.597 324.560 325.239 327.086 328.914 326.042 325.324 330.744
536 412.000 417.780 419.677 416.891 416.325 419.142 416.520 418.910 418.514 416.851 418.828
537 551.000 528.799 539.854 539.505 550.350 544.408 552.616 549.400 542.656 554.500 557.800
538 406.000 416.508 419.125 418.595 419.162 415.934 418.925 416.646 415.483 416.532 416.028
539 502.000 514.240 546.632 500.867 534.146 524.550 515.833 523.150 515.949 524.663 514.050
540 415.000 418.564 416.200 417.858 416.005 416.634 415.401 417.782 418.881 414.273 416.077
541 336.000 331.875 328.195 328.382 334.250 328.901 331.391 328.952 333.389 330.442 332.610
542 312.000 323.399 323.195 324.602 323.300 325.368 323.966 322.128 323.166 324.150 322.036
543 330.000 335.133 334.247 336.489 336.096 337.478 333.588 334.305 334.274 334.897 336.803
544 508.000 451.246 428.973 437.906 410.888 454.699 469.292 445.171 460.731 429.472 440.483
545 588.000 577.429 571.883 563.901 566.392 568.913 583.150 574.465 553.917 563.377 571.923
546 410.000 422.376 417.719 420.939 425.111 416.701 421.476 418.112 422.584 420.489 423.020
547 540.000 536.779 523.822 534.114 526.624 531.709 528.843 539.375 532.068 535.456 524.917
548 362.000 374.551 371.071 372.167 368.967 376.829 371.610 368.941 365.510 372.168 368.971
549 404.000 412.101 406.324 406.702 407.789 406.001 405.412 405.608 407.517 409.304 404.808
550 370.000 352.159 358.695 356.062 355.818 361.922 364.684 360.838 362.806 355.480 356.794
551 482.000 430.841 421.584 427.920 418.632 442.858 471.360 408.146 465.736 429.472 432.073
552 398.000 408.711 407.181 406.702 406.325 408.530 404.942 406.362 407.986 404.244 406.185
553 466.000 438.014 438.936 439.481 472.009 434.169 437.769 437.910 430.630 436.287 435.464
554 405.000 418.903 418.079 414.357 418.162 418.175 417.430 415.820 416.884 416.836 417.230
555 576.000 541.038 549.729 545.825 553.704 539.050 548.050 548.700 541.680 546.601 532.300
556 457.000 416.412 418.312 418.349 419.556 422.011 416.624 418.986 418.845 419.659 419.761
557 478.000 465.537 476.410 462.472 461.372 469.032 464.701 468.388 468.257 455.572 479.564
558 431.000 425.319 428.492 428.303 420.963 419.576 425.307 428.652 419.098 426.674 424.614
559 411.000 371.456 374.595 360.913 356.331 363.936 351.806 359.054 344.976 377.849 363.528
560 409.000 416.772 423.049 411.973 424.377 422.861 419.871 428.224 417.904 426.462 419.333
561 375.000 395.215 424.752 402.145 423.431 410.836 409.249 378.208 414.585 418.126 385.927
562 400.000 372.665 389.661 384.936 396.457 394.539 355.506 396.857 405.272 400.256 405.096
563 331.000 326.477 325.573 325.155 328.388 324.850 325.136 324.238 326.633 324.982 324.891
564 412.000 420.350 419.766 422.398 419.466 419.347 419.121 417.014 422.673 423.791 427.108
565 485.000 489.500 497.650 477.750 501.367 495.321 509.088 496.161 484.709 479.833 486.650
566 407.000 416.412 418.312 419.419 418.272 420.992 418.743 419.676 415.882 416.532 419.761
567 405.000 422.820 418.212 424.724 413.753 420.871 420.264 418.201 421.288 418.339 419.500
568 406.000 405.856 406.782 405.122 406.801 406.469 405.828 404.496 405.551 406.976 406.209
569 342.000 346.020 345.052 350.384 343.618 348.096 347.677 339.133 344.387 347.037 343.637
570 321.000 324.802 324.606 323.202 323.830 325.094 323.340 323.312 323.461 325.030 323.585
571 361.000 384.459 415.747 382.337 382.572 377.301 376.098 378.165 376.720 385.841 387.287
572 387.000 381.845 384.044 380.323 379.350 377.764 383.421 385.081 377.047 376.714 384.879
573 323.000 323.276 323.195 322.564 322.697 323.675 320.929 322.199 320.978 324.348 322.585
574 390.000 394.845 393.617 380.570 403.183 387.974 381.905 386.462 389.399 398.553 394.320
575 440.000 448.172 446.590 441.662 447.165 443.667 443.411 442.080 442.203 443.661 452.501
576 332.000 339.711 340.267 340.023 336.534 343.470 340.342 330.680 348.257 332.607 350.278
577 456.000 443.216 457.848 452.747 466.070 428.842 453.308 442.371 441.620 459.481 453.699
578 488.000 447.709 427.192 454.546 424.766 440.862 443.222 446.489 437.024 445.114 418.375
579 332.000 323.792 323.530 324.194 330.768 322.874 334.171 328.860 324.437 332.977 323.397
580 316.000 321.118 325.399 322.838 324.016 324.221 323.319 322.718 324.493 325.568 325.293
581 459.000 436.997 433.503 430.096 434.178 436.886 437.251 442.930 439.185 438.798 440.777
582 335.000 324.958 325.700 324.755 323.211 324.236 326.143 323.972 325.902 323.791 323.495
583 332.000 329.366 327.545 335.809 331.107 340.195 330.614 328.230 327.571 334.656 336.839
584 459.000 511.317 501.360 498.892 508.156 501.650 499.164 491.225 497.040 492.418 503.554
585 396.000 415.316 416.702 417.790 417.814 418.515 419.055 416.198 417.715 415.580 414.679
586 489.000 484.849 488.733 487.269 482.254 472.436 489.382 477.800 486.460 465.328 491.671
587 417.000 400.485 401.290 399.635 412.176 403.728 384.083 399.799 401.831 399.706 405.944
588 404.000 408.711 406.101 405.465 406.325 405.081 404.465 407.793 407.751 405.678 404.808
589 400.000 428.069 422.440 432.699 424.170 427.970 435.907 426.769 423.712 433.379 432.237
590 357.000 357.226 354.458 356.821 355.089 354.484 355.513 354.607 354.220 360.896 350.402
591 437.000 449.609 462.088 474.438 468.902 463.576 434.917 470.901 467.791 443.914 465.352
592 542.000 540.810 548.071 539.982 556.073 546.825 540.600 535.823 550.087 559.233 533.475
593 419.000 416.097 419.821 418.349 419.754 419.888 419.330 421.439 419.906 419.961 417.102
594 350.000 367.725 368.335 379.880 366.123 374.190 347.675 356.834 366.895 383.855 377.266
595 424.000 421.497 425.259 427.268 430.610 423.966 423.783 429.222 421.006 424.521 436.878
596 443.000 461.802 455.832 438.326 455.898 467.995 461.782 472.711 468.837 467.659 469.224
597 439.000 429.323 429.565 429.465 431.020 431.563 430.949 430.689 432.221 432.254 432.380
598 324.000 322.944 320.762 325.282 322.420 318.824 322.383 321.876 322.507 321.148 322.072
599 311.000 337.351 326.378 331.523 321.934 332.918 325.372 324.890 328.007 330.013 330.052
600 331.000 331.182 329.565 330.872 330.062 331.414 330.683 334.873 331.393 328.590 332.031
601 428.000 413.081 409.641 411.724 412.328 410.188 408.060 410.064 408.243 411.720 417.507
602 400.000 421.990 423.230 423.268 421.098 416.876 419.883 420.088 420.793 421.060 421.074
603 309.000 320.385 321.650 325.131 321.514 318.449 321.590 321.088 320.407 320.771 324.048
604 375.000 354.503 369.171 369.062 370.949 356.527 367.117 366.336 358.018 366.059 372.964
605 450.000 422.063 423.466 421.698 420.426 422.814 418.097 424.698 418.693 422.088 424.096
606 388.000 383.796 385.873 392.900 384.741 387.515 383.817 378.263 382.795 376.420 377.936
607 323.000 323.282 325.539 324.136 326.759 323.711 324.309 324.011 323.748 324.203 323.589
608 448.000 417.830 422.754 418.030 418.741 424.735 425.193 423.571 419.606 419.227 424.890
609 372.000 360.240 356.813 359.965 368.323 359.406 360.136 357.024 357.563 359.080 364.115
610 328.000 322.590 325.121 321.297 324.426 321.511 320.503 326.168 322.712 320.762 323.585
611 460.000 436.885 433.340 431.416 434.225 434.018 436.726 431.939 441.837 432.291 434.356
612 504.000 511.185 524.071 527.032 526.031 530.944 518.842 511.122 506.800 526.365 525.521
613 433.000 428.042 426.701 426.721 429.389 420.405 426.293 424.583 427.843 428.212 421.108
614 564.000 572.870 567.066 560.750 572.640 568.845 577.050 578.786 555.658 559.602 573.277
615 439.000 413.972 429.921 424.765 448.619 426.781 439.698 428.856 419.795 389.027 416.503
616 440.000 430.425 424.516 430.723 434.568 437.998 436.085 435.285 429.495 425.311 426.569
617 484.000 482.448 485.850 472.262 477.620 479.780 489.958 482.845 482.563 504.950 470.550
618 396.000 407.002 406.218 409.376 406.553 414.403 406.292 407.442 405.706 406.502 408.683
619 435.000 416.412 416.369 418.088 418.652 416.591 418.666 417.778 415.882 417.780 419.725
620 397.000 372.948 379.192 378.729 362.539 367.299 375.351 373.302 381.201 379.456 378.331
621 420.000 416.384 417.714 417.485 419.315 420.778 416.902 417.715 419.435 417.115 417.234
622 408.000 351.921 366.375 366.885 356.618 365.218 366.642 364.847 371.193 356.669 350.546
623 437.000 424.135 420.872 427.631 422.585 426.274 424.490 426.483 421.542 419.295 428.913
624 406.000 392.613 391.147 388.896 384.004 386.355 388.415 386.661 381.000 394.748 385.758
625 393.000 389.718 369.219 375.147 380.574 378.632 372.926 373.176 371.230 366.558 379.774
626 452.000 487.275 478.154 497.582 498.632 502.930 487.255 497.592 502.401 472.273 475.012
627 466.000 431.008 432.877 410.499 420.536 421.281 427.958 413.608 424.569 416.792 416.023
628 410.000 409.106 405.809 442.900 405.727 402.536 436.263 413.001 453.397 395.203 416.684
629 447.000 430.117 432.219 429.264 425.347 429.699 432.149 425.130 425.933 430.761 432.579
630 487.000 452.628 463.410 449.965 438.890 446.497 448.778 443.934 459.315 447.341 448.302
631 420.000 433.865 433.455 421.571 438.245 433.432 434.022 434.757 432.059 438.373 430.606
632 565.000 554.550 539.850 552.525 556.650 553.050 560.425 551.550 557.138 535.050 551.250
633 309.000 319.950 323.431 321.419 320.290 323.733 323.326 321.780 321.685 322.502 322.025
634 437.000 426.299 408.190 426.272 437.998 420.968 415.813 412.086 415.247 416.054 411.682
635 481.000 486.468 489.545 485.340 490.749 475.874 484.345 471.121 485.276 488.738 483.425
636 390.000 391.495 405.054 419.474 399.955 406.798 406.002 398.820 393.467 402.449 401.882
637 329.000 324.812 324.380 326.261 324.006 323.932 323.966 323.312 323.461 324.606 323.589
638 349.000 348.569 361.352 356.104 355.021 356.948 360.609 357.410 358.646 352.757 362.580
639 336.000 331.684 330.038 330.770 330.819 328.937 325.316 329.131 330.338 326.802 325.228
640 550.000 437.078 477.510 473.689 436.465 463.909 460.432 469.807 496.433 462.452 399.171
641 315.000 323.117 322.132 324.607 323.831 323.675 324.635 322.199 321.908 324.348 323.141
642 420.000 419.892 416.698 419.070 419.653 416.621 420.264 416.751 415.487 421.550 418.847
643 466.000 445.891 449.227 441.177 443.291 440.281 435.282 426.346 433.492 445.892 445.145
644 315.000 324.658 335.580 324.280 333.708 332.982 327.297 324.413 323.155 329.542 324.143
645 345.000 339.447 349.657 343.560 346.222 337.940 344.069 349.749 343.578 330.948 340.218
646 451.000 420.783 408.284 422.308 392.298 431.080 413.295 428.032 417.816 437.662 425.206
647 337.000 377.406 361.832 358.564 363.393 375.437 388.392 391.482 363.728 368.308 385.097
648 439.000 417.703 419.936 419.436 418.770 419.035 419.330 419.368 421.697 424.201 419.725
649 330.000 323.989 321.521 324.602 322.480 322.906 323.580 322.520 323.155 321.369 323.991
650 538.000 519.775 547.080 538.850 543.850 549.290 531.550 535.005 541.000 544.167 544.500
651 326.000 331.914 325.539 329.919 328.665 325.281 334.496 324.315 328.722 326.988 344.282
652 392.000 388.897 391.976 390.283 387.389 390.844 393.631 390.513 414.995 400.519 391.800
653 366.000 386.923 397.811 410.852 399.995 404.710 385.468 393.976 393.274 401.251 378.780
654 318.000 323.989 324.992 323.384 323.478 323.640 323.966 322.901 323.155 322.819 322.032
655 561.000 512.783 521.709 510.674 494.291 479.531 512.632 487.800 501.689 518.479 501.358
656 436.000 442.799 450.427 422.354 444.452 441.061 446.227 437.918 438.831 442.997 437.481
657 463.000 455.393 446.412 464.249 457.167 466.850 437.473 450.267 459.697 472.544 457.509
658 348.000 361.585 358.568 358.239 358.045 359.312 357.196 360.372 361.118 356.004 357.170
659 313.000 325.771 323.956 321.536 328.159 324.850 322.938 322.599 324.738 326.601 323.726
660 451.000 456.899 467.365 457.390 463.627 463.371 462.543 459.214 450.245 467.607 466.758
661 384.000 394.047 396.920 386.047 390.990 415.121 409.495 410.788 400.937 405.256 403.232
662 459.000 440.956 438.692 441.520 441.496 437.855 438.698 448.977 438.422 429.145 437.250
663 421.000 391.961 361.404 375.775 371.273 386.246 379.700 383.669 389.755 364.029 371.972
664 481.000 477.682 489.693 484.117 489.815 491.604 482.657 484.654 483.966 492.767 491.629
665 320.000 326.111 325.894 327.105 325.038 323.932 324.587 325.033 324.821 323.647 325.235
666 310.000 337.843 328.191 331.810 335.510 319.349 341.651 325.952 320.376 321.989 326.746
667 402.000 418.884 417.629 420.096 417.708 417.585 417.698 417.814 416.913 418.644 418.499
668 530.000 457.895 445.143 451.021 425.166 445.051 420.854 442.605 447.219 445.232 442.920
669 583.000 532.000 548.039 546.350 552.000 545.250 533.582 546.660 535.900 553.571 537.556
670 421.000 424.554 421.476 420.935 419.833 417.462 419.291 422.520 417.715 420.416 420.385
671 415.000 418.402 416.934 418.595 416.541 418.297 416.968 420.964 419.659 414.197 417.234
672 387.000 387.950 387.586 388.950 390.632 392.715 391.087 386.585 380.714 390.221 393.161
673 584.000 563.317 544.400 544.767 564.756 565.650 555.117 547.471 551.921 563.938 560.072
674 307.000 329.035 328.554 327.976 323.966 330.889 326.349 326.188 328.651 330.000 324.851
675 424.000 418.003 416.765 417.004 418.771 417.876 416.705 416.701 417.128 419.074 419.761
676 449.000 435.010 442.434 447.686 448.471 441.318 445.622 444.170 438.902 444.861 438.188
677 610.000 482.231 445.862 475.424 489.430 482.639 512.199 484.042 492.741 463.769 487.685
678 505.000 488.266 485.397 493.500 489.512 486.741 490.410 483.054 486.110 473.398 493.631
679 408.000 405.430 407.055 407.121 407.407 408.530 404.942 408.600 407.751 410.224 407.968
680 377.000 365.773 366.950 356.238 373.826 364.156 366.602 365.058 376.404 378.037 369.306
681 502.000 466.637 406.857 460.623 442.673 465.915 455.986 469.881 459.918 435.632 467.678
682 319.000 324.735 325.749 327.827 322.192 321.904 323.458 322.199 321.908 323.660 321.991
683 394.000 408.105 404.509 405.845 410.078 404.744 403.117 408.320 411.460 403.090 398.507
684 290.000 322.862 322.551 321.227 325.038 321.903 320.048 325.134 322.487 320.762 325.160
685 407.000 418.520 419.936 417.726 418.673 417.443 418.743 422.299 419.228 418.541 419.044
686 444.000 431.768 426.021 426.389 425.632 427.857 424.209 427.046 416.536 425.088 423.190
687 322.000 324.779 324.126 326.296 324.534 325.866 325.335 326.839 324.251 331.103 329.461
688 331.000 326.308 326.443 333.115 327.937 328.126 325.452 326.334 327.720 325.794 324.653
689 402.000 416.560 412.172 411.283 408.842 412.157 408.719 411.540 415.819 409.464 411.937
690 320.000 323.438 323.094 323.416 323.939 323.711 324.309 326.168 322.915 324.203 325.573
691 386.000 359.253 362.256 367.400 364.347 362.150 367.648 367.134 368.887 364.276 369.127
692 364.000 447.419 439.331 440.953 438.244 429.747 431.296 439.970 427.537 436.941 428.606
693 328.000 325.360 323.331 327.451 324.870 325.221 326.083 325.001 324.662 325.181 323.395
694 312.000 330.249 325.588 324.133 322.999 328.441 323.830 322.881 325.032 324.119 326.049
695 378.000 367.740 362.234 359.965 366.080 358.639 366.480 357.024 363.120 366.533 360.613
696 331.000 326.720 325.932 330.310 327.250 324.134 328.047 324.008 327.924 329.287 328.821
697 330.000 358.073 354.648 356.216 363.907 360.615 361.130 360.982 361.667 360.133 363.361
698 451.000 440.455 444.395 446.566 441.460 432.619 438.823 434.135 438.354 449.552 443.076
699 313.000 334.813 350.399 344.800 356.862 331.791 334.014 359.841 356.935 336.523 345.126
700 408.000 412.440 415.596 413.015 414.114 411.196 416.843 418.597 412.091 413.546 418.631
701 440.000 438.842 441.126 432.934 431.145 441.055 439.386 440.729 443.413 434.035 437.917
702 375.000 362.255 370.385 364.145 367.649 373.936 369.394 371.539 370.802 366.972 366.807
703 462.000 434.587 436.323 438.212 435.409 437.006 434.557 431.764 438.435 434.529 442.197
704 450.000 437.664 440.260 439.556 433.339 439.980 440.862 443.615 438.194 439.224 439.095
705 417.000 416.195 416.665 416.022 417.789 417.908 416.902 416.689 417.319 416.979 416.077
706 452.000 435.245 440.239 439.234 436.229 440.257 437.683 439.999 441.062 444.292 439.212
707 526.000 498.789 542.612 527.180 518.224 532.002 506.558 518.967 520.369 529.700 539.525
708 460.000 441.427 439.047 435.913 445.968 432.714 433.828 442.518 440.039 449.930 436.153
709 428.000 432.498 431.272 433.745 428.940 435.564 436.011 426.564 437.640 427.975 435.653
710 310.000 323.219 325.850 322.033 322.933 322.396 323.586 327.406 323.155 321.436 322.032
711 412.000 415.430 422.700 419.882 418.903 415.472 421.033 417.778 419.569 416.582 423.070
712 320.000 370.928 368.751 402.039 364.039 383.210 389.407 353.661 388.668 383.073 386.208
713 468.000 478.746 474.674 476.550 473.399 481.975 476.969 471.468 474.920 475.002 472.215
714 316.000 323.441 329.570 324.379 323.537 325.041 324.058 320.443 331.450 323.242 323.960
715 602.000 591.600 592.502 574.737 591.600 594.984 595.672 591.233 596.500 596.689 585.125
716 328.000 346.529 357.463 346.667 344.497 353.138 358.803 344.793 353.862 340.774 349.066
717 579.000 544.763 546.950 499.443 553.196 534.440 540.263 545.779 541.880 538.435 558.925
718 354.000 354.738 359.055 351.213 358.556 356.739 358.697 354.607 354.300 354.671 358.734
