data_index logt12.observed logt12.predicted.repeat1 logt12.predicted.repeat2 logt12.predicted.repeat3 logt12.predicted.repeat4 logt12.predicted.repeat5 logt12.predicted.repeat6 logt12.predicted.repeat7 logt12.predicted.repeat8 logt12.predicted.repeat9 logt12.predicted.repeat10
1 0.088 2.100 2.558 2.178 2.188 1.929 2.894 2.044 2.412 2.221 2.109
2 0.255 1.728 1.798 1.517 1.764 1.711 2.003 1.754 3.170 1.864 1.773
3 0.325 3.291 2.614 2.899 2.848 2.861 2.320 3.202 2.620 2.541 2.764
4 1.105 2.670 1.849 2.460 2.974 2.960 2.426 2.564 2.764 2.649 2.824
5 1.182 2.718 2.567 1.870 2.908 2.772 3.208 2.720 2.963 2.937 2.649
6 1.196 3.525 3.374 3.754 3.673 3.411 3.528 4.190 3.994 3.787 3.884
7 1.358 0.466 0.784 0.674 1.255 0.715 0.686 2.802 0.759 0.933 0.890
8 1.653 3.123 3.302 3.160 3.206 3.269 3.242 3.256 3.746 3.290 3.204
9 2.208 3.453 3.493 3.322 4.029 3.611 3.655 3.312 3.945 3.615 3.729
10 2.235 2.929 2.881 2.676 2.797 2.885 2.920 3.212 3.340 2.885 3.236
11 2.381 3.467 3.343 3.441 3.501 3.303 3.331 3.501 3.407 3.406 3.259
12 2.408 2.955 2.915 2.941 2.907 2.826 2.905 2.936 2.270 2.901 2.002
13 2.542 2.316 2.323 2.363 2.099 1.998 2.391 2.345 2.444 2.334 2.502
14 2.631 4.492 4.088 4.418 4.487 3.867 4.046 4.546 4.477 4.387 4.587
15 2.679 3.292 1.588 1.650 1.505 1.792 1.467 2.138 2.036 1.631 2.813
16 2.682 0.934 2.045 1.701 1.565 1.410 1.511 0.870 1.515 1.337 1.370
17 2.760 4.168 4.150 4.153 4.201 3.986 4.127 4.182 4.201 4.151 4.047
18 2.857 2.598 2.600 2.507 2.269 2.607 2.614 2.328 2.656 2.680 2.600
19 2.954 4.522 4.595 4.464 4.589 3.582 4.550 4.794 4.742 4.544 4.553
20 2.954 3.360 3.391 3.612 3.358 3.245 3.781 3.374 3.354 3.364 3.256
21 3.147 4.079 4.157 4.354 3.941 3.997 4.056 3.519 4.083 3.998 4.412
22 3.250 4.032 3.828 4.027 3.847 4.034 4.268 3.825 4.009 4.054 4.091
23 3.404 4.221 4.262 4.237 4.243 4.230 4.379 4.379 4.294 4.212 4.423
24 3.561 5.207 4.389 5.036 4.792 4.801 4.034 4.066 5.127 4.858 5.024
25 3.787 3.843 3.974 3.840 3.800 3.743 3.715 3.710 3.946 3.887 4.045
26 4.003 3.618 3.727 3.905 3.734 3.835 3.987 3.776 3.979 3.784 3.755
27 4.028 4.851 5.013 4.804 5.022 5.122 4.856 5.116 5.126 5.100 5.133
28 4.104 3.731 3.759 3.811 3.708 3.602 3.819 3.750 3.686 3.762 3.822
29 4.113 3.918 4.058 3.925 3.916 3.848 3.955 4.081 3.920 3.899 3.919
30 4.146 3.383 3.291 3.273 3.355 3.392 3.305 3.297 3.347 3.347 2.938
31 4.183 2.900 3.169 3.261 3.210 3.169 2.850 3.297 3.227 3.052 2.846
32 4.196 3.193 3.359 3.236 3.240 3.152 3.232 3.582 3.270 3.289 3.236
33 4.228 4.674 4.428 4.428 4.452 4.430 4.359 4.475 4.668 4.661 4.437
34 4.297 4.316 4.269 4.461 4.581 4.264 4.343 4.449 4.109 4.194 4.169
35 4.359 4.171 4.308 4.135 4.284 4.279 4.255 4.237 4.245 3.924 4.131
36 4.376 3.412 3.554 3.684 3.584 3.761 3.665 3.663 3.465 3.845 3.578
37 4.401 3.591 4.039 3.594 4.029 3.660 3.629 4.095 3.606 3.638 3.500
38 4.401 4.321 4.515 4.519 4.488 4.508 4.520 4.530 4.522 4.516 4.509
39 4.405 4.291 4.021 3.966 4.013 4.028 4.029 3.946 4.018 4.033 3.942
40 4.414 3.584 3.817 3.833 3.687 3.881 3.851 3.702 3.939 3.833 4.083
41 4.459 4.197 4.160 4.155 4.036 3.888 4.126 4.174 4.096 4.443 4.273
42 4.459 4.016 3.941 4.086 3.680 4.210 4.222 3.952 3.959 3.728 3.973
43 4.500 4.555 4.430 4.478 3.814 4.381 4.467 4.563 4.965 4.514 4.468
44 4.511 4.453 4.558 4.006 4.794 4.834 4.748 4.880 4.902 4.876 5.127
45 4.561 5.074 5.079 5.090 5.064 5.069 4.987 5.121 5.101 5.118 5.064
46 4.565 4.641 4.664 4.666 4.626 4.675 4.721 4.659 4.710 4.805 4.740
47 4.598 5.049 5.044 5.059 5.068 5.051 5.059 5.056 5.055 5.060 5.051
48 4.605 5.033 5.060 4.969 4.961 4.959 4.916 5.076 5.073 4.781 5.045
49 4.613 4.347 4.389 4.257 4.319 4.374 4.382 4.402 4.401 4.418 4.293
50 4.635 5.487 5.124 4.926 4.942 4.934 4.953 5.123 5.026 4.865 4.843
51 4.673 4.739 4.819 4.715 4.799 4.542 4.905 4.798 4.764 4.760 4.843
52 4.702 4.567 4.584 4.594 4.560 4.578 4.544 4.981 4.576 4.512 4.574
53 4.712 4.576 4.614 4.466 4.561 4.588 4.559 4.473 4.606 4.571 4.584
54 4.732 5.095 4.728 4.886 4.612 4.743 4.988 4.923 4.816 4.750 4.772
55 4.741 4.980 5.002 5.075 5.147 4.974 5.140 5.029 5.034 4.799 5.072
56 4.758 4.602 4.528 4.626 4.611 4.471 4.608 4.502 4.636 4.639 4.644
57 4.779 4.703 4.762 4.708 4.719 4.688 4.769 4.669 4.745 4.742 4.786
58 4.804 4.376 4.388 4.345 4.275 4.435 4.343 4.348 4.383 3.906 4.250
59 4.857 4.666 3.286 4.700 4.716 4.660 4.732 4.692 4.728 4.673 3.159
60 4.858 5.432 5.385 5.197 5.374 5.425 5.370 5.414 5.612 5.516 5.398
61 4.861 4.038 4.050 4.028 4.056 4.107 3.984 4.249 3.951 3.885 4.096
62 4.878 4.286 4.279 4.303 4.209 4.271 4.454 4.282 4.287 4.200 4.410
63 4.951 4.068 2.970 4.087 4.108 4.079 4.276 4.079 4.365 4.164 2.942
64 4.954 4.747 4.746 4.748 4.727 4.746 4.748 4.728 4.749 4.746 4.745
65 4.988 4.660 4.831 4.508 4.563 4.671 4.602 4.854 4.581 4.519 4.491
66 4.999 6.330 5.540 5.678 5.817 5.319 5.820 5.785 5.721 5.538 5.643
67 5.033 5.396 5.267 5.204 5.298 5.295 5.288 5.357 5.284 5.281 5.279
68 5.064 3.963 4.052 4.016 3.482 3.909 4.379 4.323 3.816 4.405 4.022
69 5.093 3.621 4.202 3.574 3.629 4.175 3.980 3.763 3.812 3.663 3.679
70 5.177 5.282 5.149 4.107 5.108 5.107 3.759 5.307 5.325 5.126 5.116
71 5.317 6.001 6.005 5.996 6.005 5.892 5.941 6.023 5.998 5.998 6.002
72 5.414 2.742 2.571 2.950 2.684 2.795 2.614 2.620 2.508 2.732 2.519
73 5.505 3.851 4.060 4.034 4.063 4.508 4.105 3.978 4.018 4.011 4.075
74 5.520 5.124 5.176 5.223 5.079 5.118 5.106 5.126 5.073 5.136 4.946
75 5.700 5.678 5.728 5.125 5.313 5.750 5.592 5.685 6.104 5.699 5.679
76 5.749 5.052 5.046 4.830 5.048 4.882 5.067 5.175 5.046 5.050 5.057
77 5.937 5.738 5.937 5.715 5.749 6.097 6.021 6.247 5.819 5.774 5.792
78 5.978 6.448 6.437 6.457 6.479 6.330 6.502 5.930 6.142 6.451 6.467
79 6.167 6.434 6.136 6.060 6.358 5.935 6.312 6.354 6.039 5.844 6.131
80 6.190 5.765 5.720 4.649 5.405 5.787 4.483 5.697 5.757 5.702 5.642
81 6.519 5.329 5.272 5.138 5.163 5.068 5.010 5.171 5.169 5.076 5.163
82 6.644 4.032 3.872 3.986 4.126 4.110 3.621 4.032 4.005 3.783 3.914
83 6.799 5.999 6.137 6.024 5.970 6.168 6.142 6.179 6.223 6.167 6.115
84 6.946 7.218 6.822 6.174 6.842 6.706 6.711 6.302 6.564 7.086 6.831
85 6.982 5.534 5.588 5.417 5.834 5.817 5.380 5.508 5.323 5.243 5.579
86 7.960 6.893 6.849 6.873 6.770 6.818 6.800 6.302 6.382 6.807 6.763
