data_index ev.observed ev.predicted.repeat1 ev.predicted.repeat2 ev.predicted.repeat3 ev.predicted.repeat4 ev.predicted.repeat5 ev.predicted.repeat6 ev.predicted.repeat7 ev.predicted.repeat8 ev.predicted.repeat9 ev.predicted.repeat10
1 3.628 3.816 3.765 3.778 3.787 3.764 3.771 3.838 3.813 3.752 3.768
2 3.693 3.450 3.350 3.405 3.400 3.367 3.405 3.425 3.344 3.405 3.408
3 2.859 2.803 2.789 2.774 2.807 2.767 2.787 2.798 2.786 2.798 2.787
4 3.877 3.861 3.927 3.934 3.849 3.873 3.860 3.871 3.939 3.851 3.862
5 3.914 3.766 3.731 3.756 3.741 3.750 3.719 3.738 3.728 3.755 3.682
6 2.872 2.785 2.813 2.780 2.788 2.830 2.799 2.816 2.788 2.823 2.842
7 2.961 2.828 2.826 2.855 2.852 2.853 2.854 2.869 2.900 2.842 2.830
8 2.240 2.315 2.277 2.279 2.241 2.261 2.298 2.266 2.276 2.228 2.300
9 2.833 2.723 2.719 2.724 2.705 2.702 2.714 2.714 2.699 2.658 2.711
10 3.939 3.989 3.958 3.978 3.953 3.967 3.973 3.982 3.964 3.971 3.954
11 3.817 3.947 3.958 3.923 3.951 3.871 3.913 3.918 3.821 3.977 3.850
12 2.522 2.888 2.907 2.659 2.716 2.873 2.764 2.687 2.733 2.626 2.669
13 3.353 3.239 3.290 3.283 3.282 3.284 3.266 3.254 3.257 3.283 3.247
14 2.926 2.979 2.995 2.992 2.968 2.998 2.997 2.999 2.984 3.022 3.011
15 3.102 3.173 3.144 3.160 3.153 3.160 3.143 3.181 3.151 3.159 3.155
16 3.056 3.158 3.158 3.152 3.165 3.163 3.169 3.168 3.145 3.151 3.141
17 2.892 2.993 2.990 3.003 3.002 3.001 2.976 3.000 2.965 2.989 2.956
18 2.757 2.932 3.043 2.994 3.037 3.006 3.025 2.987 2.993 2.997 3.003
19 3.628 3.599 3.606 3.601 3.503 3.572 3.586 3.587 3.587 3.604 3.609
20 4.108 3.489 3.486 3.467 3.505 3.524 3.599 3.508 3.502 3.484 3.465
21 2.839 2.957 2.975 2.937 2.947 2.956 2.952 2.967 2.956 2.986 2.951
22 3.048 3.040 3.017 3.018 3.056 3.046 3.014 3.023 3.018 3.030 3.044
23 3.231 3.266 3.223 3.283 3.221 3.251 3.226 3.246 3.229 3.239 3.215
24 3.344 3.245 3.292 3.319 3.269 3.298 3.304 3.272 3.286 3.266 3.285
25 2.975 3.523 3.546 3.534 3.512 3.541 3.502 3.495 3.499 3.417 3.518
26 2.919 3.026 3.010 3.031 3.005 3.017 2.980 3.012 3.001 2.992 3.014
27 3.545 3.748 3.828 3.728 3.710 3.737 3.767 3.701 3.697 3.677 3.722
28 2.794 2.944 2.900 2.940 2.922 2.899 2.928 2.928 2.895 2.929 2.902
29 3.274 3.326 3.315 3.307 3.349 3.219 3.310 3.291 3.312 3.285 3.237
30 3.102 3.041 3.032 3.028 3.061 3.030 3.004 3.026 3.044 3.025 3.027
31 3.282 2.996 3.107 3.014 2.992 3.010 3.116 3.122 3.007 3.010 2.995
32 3.408 3.256 3.279 3.253 3.254 3.267 3.319 3.284 3.284 3.257 3.273
33 3.446 3.542 3.529 3.531 3.592 3.524 3.516 3.532 3.540 3.522 3.526
34 3.248 3.262 3.307 3.229 3.300 3.248 3.282 3.287 3.255 3.262 3.261
35 2.354 2.626 2.609 2.630 2.615 2.690 2.604 2.603 2.614 2.596 2.607
36 3.041 3.087 3.062 3.082 3.050 3.063 3.090 3.080 3.047 3.070 3.058
37 2.947 3.153 3.128 3.177 3.386 3.188 3.186 3.127 3.256 3.197 3.156
38 3.586 3.667 3.677 3.629 3.664 3.645 3.638 3.591 3.710 3.596 3.655
39 2.596 2.154 2.189 2.166 2.179 2.185 2.155 2.161 2.185 2.140 2.181
40 2.954 2.852 2.844 2.794 2.835 2.834 2.825 2.846 2.819 2.865 2.834
41 2.885 2.876 2.763 2.751 2.768 2.779 2.769 2.751 2.756 2.751 2.757
42 1.991 2.162 2.183 2.149 2.132 2.138 2.155 2.151 2.170 2.150 2.132
43 2.715 2.752 2.745 2.755 2.745 2.766 2.736 2.734 2.738 2.775 2.750
44 2.926 2.834 2.856 2.857 2.852 2.846 2.863 2.823 2.875 2.862 2.853
45 2.721 2.806 2.806 2.760 2.881 2.812 2.579 2.846 2.824 2.827 2.730
46 3.019 3.145 3.110 3.143 3.109 3.137 3.145 3.089 3.124 3.125 3.114
47 3.004 2.881 2.883 2.888 2.890 2.888 2.917 2.901 2.879 2.889 2.907
48 3.737 3.847 3.870 3.717 3.867 3.869 3.844 3.800 3.869 3.946 3.765
49 2.537 2.613 2.602 2.634 2.601 2.624 2.606 2.628 2.588 2.599 2.637
50 2.919 2.995 3.014 3.003 2.993 3.018 2.997 2.986 3.025 2.991 3.041
51 3.456 3.293 3.268 3.263 3.208 3.258 3.260 3.263 3.255 3.221 3.252
52 2.968 3.027 3.051 3.022 3.049 3.048 3.026 3.011 3.057 3.046 3.019
53 3.817 3.911 3.891 3.892 3.921 3.894 3.881 3.895 3.901 3.891 3.905
54 2.776 2.760 2.744 2.719 2.708 2.776 2.743 2.771 2.718 2.756 2.734
55 2.674 2.707 2.755 2.698 2.742 2.695 2.741 2.744 2.648 2.653 2.738
56 2.879 2.885 2.899 2.869 2.892 2.875 2.886 2.901 2.879 2.900 2.889
57 3.737 3.762 3.740 3.701 3.720 3.734 3.741 3.737 3.718 3.743 3.727
58 3.771 3.473 3.509 3.530 3.507 3.436 3.551 3.508 3.482 3.454 3.509
59 3.939 3.901 3.918 3.892 4.006 3.958 3.944 3.903 3.935 3.945 3.928
60 3.133 3.082 3.067 3.064 3.039 3.077 3.076 3.075 3.051 3.057 3.073
61 3.181 3.235 3.242 3.192 3.242 3.119 3.197 3.205 3.090 3.201 3.204
62 2.933 2.875 2.812 2.878 2.838 2.818 2.866 2.868 2.819 2.834 2.811
63 2.885 2.839 2.809 2.820 2.801 2.816 2.802 2.828 2.800 2.796 2.803
64 2.892 2.920 2.873 2.825 2.866 2.881 2.902 2.869 2.887 2.875 2.910
65 2.657 2.858 2.860 2.861 2.856 2.874 2.866 2.858 2.872 2.867 2.863
66 2.061 2.319 2.270 2.337 2.402 2.357 2.292 2.303 2.388 2.329 2.317
67 2.691 2.843 2.743 2.763 2.780 2.762 2.809 2.749 2.759 2.785 2.764
68 3.628 3.589 3.609 3.566 3.608 3.562 3.566 3.612 3.567 3.558 3.574
69 2.276 2.686 2.716 2.801 2.778 2.763 2.732 2.683 3.274 3.309 2.780
70 2.990 3.087 3.101 3.070 3.057 3.047 3.034 3.062 3.058 3.082 3.061
71 3.399 3.274 3.268 3.271 3.198 3.257 3.294 3.294 3.305 3.194 3.318
72 2.892 2.865 2.820 2.838 2.845 2.811 2.831 2.859 2.861 2.827 2.794
73 3.693 3.761 3.708 3.696 3.695 3.670 3.725 3.714 3.711 3.719 3.696
74 4.108 3.917 3.940 3.969 3.947 3.932 3.942 3.952 3.927 3.992 3.922
75 2.912 2.940 2.935 2.936 2.940 2.902 2.926 2.939 2.940 2.947 2.937
76 3.408 3.293 3.328 3.319 3.305 3.327 3.339 3.332 3.287 3.345 3.316
77 2.751 2.859 2.801 2.813 2.824 2.829 2.818 2.809 2.800 2.823 2.806
78 2.165 2.253 2.256 2.229 2.254 2.231 2.212 2.232 2.243 2.282 2.224
79 2.776 2.918 2.876 2.876 2.876 2.876 2.875 2.875 2.875 2.876 2.875
80 3.853 3.654 3.698 3.691 3.678 3.675 3.637 3.633 3.620 3.637 3.675
81 2.117 2.265 2.296 2.291 2.233 2.270 2.283 2.352 2.309 2.294 2.329
82 2.703 2.833 2.812 2.818 2.820 2.789 2.818 2.812 2.824 2.798 2.855
83 3.063 2.958 2.870 2.933 2.936 2.943 2.935 2.909 2.922 2.936 2.965
84 2.859 2.889 2.883 2.872 2.882 2.894 2.894 2.880 2.881 2.896 2.923
85 2.813 2.705 2.773 2.725 2.773 2.767 2.721 2.748 2.778 2.769 2.743
86 3.079 3.132 3.133 3.142 3.136 3.163 3.159 3.135 3.117 3.151 3.132
87 2.757 2.842 2.771 2.766 2.774 2.772 2.781 2.747 2.764 2.796 2.763
88 3.335 3.428 3.376 3.375 3.433 3.435 3.434 3.441 3.431 3.381 3.405
89 3.102 3.124 3.180 3.164 3.159 3.191 3.142 3.157 3.105 3.122 3.167
90 2.276 2.199 2.237 2.191 2.169 2.201 2.180 2.180 2.238 2.212 2.242
91 3.019 3.247 3.225 3.205 3.203 3.217 3.203 3.207 3.188 3.240 3.202
92 3.607 3.598 3.586 3.639 3.671 3.670 3.641 3.577 3.608 3.598 3.594
93 2.471 2.393 2.558 2.394 2.399 2.396 2.402 2.405 2.411 2.411 2.492
94 3.094 3.011 3.066 2.992 3.060 3.009 3.005 3.030 3.036 3.032 2.982
95 3.048 3.032 3.100 3.049 3.039 3.073 3.054 3.045 3.052 3.071 3.055
96 2.794 2.923 2.912 2.927 2.884 2.910 2.914 2.909 2.919 2.916 2.910
97 3.865 3.999 3.973 4.011 3.988 3.977 4.005 3.997 3.943 3.975 4.005
98 2.124 2.155 2.199 2.169 2.165 2.207 2.175 2.120 2.166 2.124 2.181
99 2.585 2.579 2.587 2.592 2.564 2.571 2.580 2.553 2.598 2.595 2.264
100 2.433 2.605 2.584 2.614 2.590 2.621 2.629 2.637 2.764 2.549 2.447
101 3.041 3.081 2.959 3.042 2.958 2.952 2.956 2.957 2.951 2.956 2.956
102 3.841 3.833 3.817 3.831 3.839 3.854 3.831 3.855 3.849 3.823 3.845
103 2.833 2.629 2.704 2.748 2.735 2.723 2.744 2.705 2.820 2.756 2.768
104 2.975 2.981 2.976 2.994 3.001 2.970 3.028 2.972 2.988 2.995 3.000
105 2.892 3.077 3.025 3.027 3.030 3.034 3.028 3.004 3.026 3.047 3.009
106 2.859 2.987 2.943 2.927 2.949 2.941 2.956 2.967 2.942 2.940 2.949
107 2.807 2.877 2.936 2.902 2.892 2.887 2.883 2.889 2.872 2.876 2.878
108 3.026 2.993 3.017 3.031 3.031 3.027 3.007 2.990 3.016 3.044 3.026
109 3.704 3.317 3.171 3.386 3.313 3.399 3.330 3.369 3.323 3.337 3.371
110 2.409 2.343 2.336 2.353 2.347 2.349 2.371 2.331 2.362 2.307 2.305
111 3.102 3.107 3.140 3.114 3.156 3.125 3.118 3.140 3.128 3.095 3.128
112 2.892 2.909 2.942 2.919 2.935 2.861 2.909 2.900 2.910 2.922 2.898
113 2.872 2.712 2.768 2.708 2.727 2.759 2.719 2.689 2.681 2.721 2.701
114 3.704 3.710 3.738 3.761 3.737 3.740 3.723 3.736 3.721 3.753 3.722
115 3.141 3.380 3.316 3.336 3.254 3.368 3.270 3.305 3.333 3.308 3.329
116 3.638 3.751 3.753 3.751 3.788 3.704 3.752 3.763 3.728 3.749 3.766
117 2.919 2.979 2.976 2.957 2.952 2.948 2.947 2.953 2.943 2.970 2.947
118 3.535 3.472 3.517 3.507 3.507 3.527 3.509 3.489 3.492 3.523 3.437
119 3.939 3.958 3.964 3.960 3.994 3.954 3.981 3.963 3.971 3.968 3.972
120 3.877 3.698 3.665 3.697 3.683 3.698 3.670 3.672 3.659 3.651 3.686
121 2.110 2.131 2.140 2.096 2.096 2.103 2.114 2.130 2.100 2.115 2.113
122 2.645 2.400 2.412 2.403 2.386 2.373 2.425 2.378 2.434 2.388 2.422
123 3.865 3.601 3.583 3.619 3.595 3.604 3.548 3.557 3.577 3.609 3.614
124 4.002 3.704 3.892 3.840 3.741 3.689 3.819 3.912 3.775 3.725 3.912
125 3.427 3.233 3.210 3.198 3.240 3.322 3.217 3.216 3.241 3.205 3.192
126 3.737 3.520 3.488 3.544 3.485 3.504 3.523 3.493 3.509 3.508 3.489
127 4.041 3.488 3.535 3.483 3.485 3.465 3.505 3.453 3.456 3.483 3.472
128 3.102 3.102 3.090 3.112 3.139 3.114 3.137 3.098 3.110 3.129 3.143
129 2.532 2.565 2.555 2.557 2.579 2.521 2.565 2.561 2.561 2.563 2.575
130 3.505 3.556 3.565 3.553 3.581 3.573 3.531 3.571 3.586 3.585 3.576
131 3.806 3.793 3.729 3.698 3.757 3.727 3.732 3.768 3.724 3.715 3.746
132 3.806 3.809 3.775 3.775 3.795 3.794 3.781 3.783 3.770 3.785 3.784
133 3.033 3.083 3.113 3.096 3.122 3.107 3.105 3.103 3.065 3.089 3.079
134 2.208 2.546 2.536 2.572 2.594 2.588 2.538 2.578 2.547 2.566 2.554
135 3.737 3.754 3.737 3.742 3.748 3.752 3.747 3.741 3.748 3.771 3.744
136 2.629 2.838 2.833 2.804 2.756 2.858 2.820 2.793 2.847 2.791 2.790
137 3.063 3.065 3.019 3.079 3.073 3.042 3.022 3.102 3.083 3.082 3.067
138 3.149 3.091 3.077 3.171 3.057 3.055 3.101 3.072 3.052 3.110 3.121
139 3.829 3.773 3.783 3.792 3.782 3.780 3.786 3.800 3.780 3.815 3.762
140 2.235 2.209 2.165 2.199 2.171 2.199 2.232 2.188 2.173 2.231 2.286
141 3.829 3.774 3.745 3.789 3.832 3.789 3.761 3.750 3.822 3.775 3.753
142 2.940 2.861 2.849 2.827 2.855 2.848 2.870 2.822 2.795 2.808 2.843
143 2.892 2.990 2.992 3.025 3.010 2.998 2.999 2.989 3.013 3.014 3.018
144 3.951 3.947 3.943 3.833 3.889 3.979 3.871 3.971 3.902 3.837 3.977
145 2.788 2.805 2.862 2.798 2.806 2.806 2.804 2.821 2.808 2.800 2.796
146 2.954 2.879 2.881 2.880 2.874 2.906 2.851 2.852 2.872 2.872 2.863
147 3.545 3.612 3.592 3.613 3.617 3.595 3.601 3.612 3.612 3.603 3.591
148 3.256 3.295 3.259 3.193 3.285 3.219 3.261 3.271 3.253 3.200 3.234
149 3.649 3.723 3.754 3.738 3.733 3.700 3.741 3.757 3.718 3.745 3.711
150 2.685 2.804 2.766 2.778 2.759 2.791 2.779 2.807 2.786 2.791 2.779
151 2.276 2.334 2.371 2.325 2.305 2.327 2.331 2.347 2.338 2.359 2.371
152 3.094 2.985 2.965 2.984 3.026 2.959 3.010 2.992 3.004 3.004 2.982
153 2.757 2.753 2.736 2.706 2.720 2.722 2.744 2.744 2.730 2.727 2.735
154 2.506 2.229 2.302 2.310 2.296 2.326 2.299 2.348 2.307 2.314 2.334
155 2.990 3.051 2.990 3.052 3.091 3.027 3.116 3.026 2.997 3.005 3.090
156 2.139 2.141 2.146 2.204 2.138 2.355 2.166 2.226 2.120 2.185 2.131
157 3.011 3.036 3.049 3.038 3.040 3.035 3.058 3.064 3.070 3.042 3.057
158 2.782 2.681 2.699 2.696 2.698 2.714 2.676 2.712 2.711 2.709 2.703
159 3.760 3.894 3.925 3.909 3.755 3.911 3.923 3.750 3.907 3.998 3.902
160 3.817 3.896 3.895 3.846 3.906 3.904 3.908 3.904 3.865 3.889 3.943
161 3.926 3.869 3.854 3.828 3.855 3.835 3.869 3.875 3.855 3.889 3.859
162 3.041 3.081 3.022 3.096 3.004 3.053 3.040 3.080 3.020 3.032 3.044
163 2.899 2.976 2.992 2.968 3.014 2.972 2.996 2.959 2.943 3.020 2.964
164 3.133 2.806 2.817 2.793 2.775 2.805 2.509 2.769 2.778 2.800 2.784
165 3.223 3.491 3.488 3.491 3.492 3.489 3.493 3.487 3.488 3.494 3.538
166 3.704 3.720 3.704 3.725 3.721 3.722 3.742 3.710 3.747 3.723 3.723
167 3.660 3.732 3.725 3.681 3.773 3.687 3.719 3.673 3.714 3.732 3.749
168 2.961 2.852 2.839 2.865 2.845 2.818 2.857 2.873 2.883 2.824 2.865
169 3.865 3.999 3.995 3.962 4.035 4.003 4.006 3.989 3.998 3.992 3.995
170 2.961 3.015 2.996 2.996 3.017 3.032 3.014 2.989 3.003 3.030 2.983
171 2.933 2.999 2.955 2.942 2.970 2.985 2.962 2.944 2.962 2.967 2.982
172 2.982 3.035 3.043 3.050 3.021 3.046 3.039 3.059 3.029 3.067 3.072
173 2.859 2.848 2.920 2.940 2.883 2.915 2.849 2.907 2.913 2.909 2.895
174 3.771 3.667 3.607 3.687 3.661 3.626 3.678 3.655 3.684 3.664 3.682
175 2.757 2.891 2.884 2.923 2.895 2.879 2.911 2.892 2.931 2.886 2.868
176 3.726 3.838 3.812 3.796 3.798 3.796 3.768 3.798 3.790 3.808 3.781
177 2.954 3.137 3.109 3.120 3.116 3.113 3.111 3.109 3.096 3.113 3.125
178 3.939 3.832 3.859 3.877 3.854 3.859 3.808 3.871 3.866 3.850 3.775
179 3.555 3.568 3.561 3.522 3.512 3.497 3.545 3.576 3.540 3.561 3.557
180 2.879 3.311 3.135 3.118 3.100 3.144 3.114 3.057 3.155 3.147 3.096
181 3.048 3.094 3.017 2.995 3.070 3.066 3.071 3.068 3.066 3.054 3.074
182 2.926 2.967 2.974 2.941 2.951 2.960 2.982 2.977 2.977 2.945 2.979
183 2.919 3.005 3.001 2.950 2.971 2.997 3.012 2.985 2.996 3.019 2.956
184 2.110 2.094 2.093 2.108 2.089 2.096 2.096 2.074 2.086 2.109 2.107
185 3.737 3.825 3.851 3.760 3.796 3.775 3.791 3.802 3.813 3.786 3.824
186 3.274 3.360 3.309 3.319 3.312 3.299 2.859 3.321 3.343 3.353 3.331
187 2.117 2.222 2.183 2.223 2.177 2.231 2.189 2.188 2.204 2.223 2.155
188 2.350 2.242 2.217 2.241 2.288 2.229 2.215 2.253 2.413 2.238 2.255
189 2.919 2.863 2.869 2.843 2.883 2.871 2.873 2.872 2.917 2.847 2.834
190 3.117 3.090 3.094 3.091 3.087 3.099 3.068 3.096 3.109 3.103 3.059
191 2.522 2.607 2.579 2.605 2.611 2.591 2.574 2.637 2.627 2.584 2.608
192 3.141 3.032 2.989 3.023 2.978 3.002 2.983 2.991 2.995 2.985 2.988
193 2.467 2.823 2.897 2.837 2.845 2.718 2.827 2.832 2.834 2.845 2.696
194 3.086 3.010 3.061 3.057 3.044 3.035 3.062 3.041 3.068 3.036 3.051
195 3.926 3.915 3.954 3.971 3.964 4.005 3.971 3.957 3.925 3.918 3.925
196 2.310 2.448 2.383 2.389 2.460 2.400 2.562 2.472 2.427 2.400 2.394
197 2.912 2.955 2.972 2.943 3.003 2.969 2.978 2.967 2.953 2.977 2.964
198 2.997 2.817 2.835 2.829 2.838 2.815 2.776 2.831 2.848 2.797 2.795
199 2.697 2.450 2.423 2.417 2.478 2.423 2.469 2.442 2.419 2.437 2.268
200 2.833 2.771 2.746 2.745 2.727 2.760 2.763 2.772 2.775 2.758 2.745
201 2.968 2.993 3.018 3.012 3.020 3.056 3.056 3.031 3.038 3.029 3.021
202 2.872 3.035 3.122 3.065 3.062 3.044 3.044 3.049 3.029 3.067 3.054
203 2.940 2.999 2.949 2.938 2.910 2.960 2.982 2.937 2.949 2.952 2.967
204 2.757 2.730 2.707 2.685 2.814 2.687 2.711 2.721 2.823 2.728 2.715
205 3.427 3.294 3.390 3.331 3.458 3.345 3.360 3.323 3.360 3.424 3.349
206 2.481 2.594 2.567 2.584 2.817 2.561 2.569 2.624 2.596 2.597 2.593
207 3.437 3.597 3.518 3.544 3.617 3.451 3.563 3.592 3.559 3.590 3.551
208 2.826 2.608 2.628 2.657 2.651 2.650 2.631 2.646 2.651 2.634 2.628
209 3.248 2.895 2.889 2.848 2.920 2.974 2.909 2.869 2.892 2.895 2.890
210 2.782 2.811 2.766 2.802 2.827 2.775 2.822 2.812 2.809 2.832 2.804
211 2.954 2.881 2.947 2.937 2.930 2.952 2.928 2.935 2.946 2.933 2.945
212 2.954 3.029 3.032 3.017 2.989 3.012 3.009 3.040 3.009 3.028 3.022
213 2.542 3.021 3.110 2.975 3.024 3.025 3.020 2.990 3.056 3.008 2.977
214 3.141 3.066 3.016 3.129 3.073 3.061 3.064 3.106 3.073 3.078 3.047
215 3.109 3.146 3.192 3.169 3.148 3.142 3.167 3.156 3.145 3.162 3.163
216 3.485 3.537 3.524 3.529 3.527 3.508 3.520 3.539 3.519 3.516 3.504
217 2.820 2.863 2.834 2.881 2.785 2.825 2.921 2.828 2.818 2.762 2.821
218 3.628 3.577 3.532 3.549 3.618 3.583 3.557 3.613 3.555 3.556 3.151
219 2.319 2.127 2.164 2.206 2.126 2.099 2.105 2.126 2.099 2.191 2.178
220 2.363 2.350 2.355 2.392 2.430 2.316 2.215 2.327 2.233 2.340 2.341
221 2.359 2.441 2.372 2.418 2.373 2.369 2.405 2.382 2.429 2.395 2.413
222 3.902 3.760 3.775 3.765 3.789 3.716 3.747 3.759 3.767 3.739 3.820
223 2.395 2.512 2.478 2.461 2.448 2.447 2.474 2.432 2.485 2.488 2.507
224 3.390 3.406 3.444 3.315 3.333 3.327 3.429 3.289 3.310 3.324 3.322
225 3.555 3.453 3.470 3.458 3.463 3.493 3.480 3.453 3.480 3.487 3.504
226 3.133 3.139 3.128 3.157 3.171 3.105 3.116 3.171 3.113 3.145 3.158
227 3.265 3.302 3.296 3.298 3.322 3.322 3.343 3.340 3.327 3.373 3.345
228 3.308 3.205 3.210 3.224 3.250 3.187 3.221 3.295 3.208 3.215 3.240
229 2.727 2.734 2.752 2.732 2.715 2.716 2.719 2.735 2.737 2.732 2.737
230 2.899 2.641 2.637 2.638 2.637 2.671 2.656 2.695 2.672 2.608 2.608
231 3.715 3.721 3.731 3.726 3.742 3.725 3.722 3.754 3.757 3.764 3.766
232 3.682 3.854 3.855 3.867 3.851 3.881 3.849 3.839 3.860 3.908 3.886
233 2.968 3.181 3.173 3.184 3.184 3.181 3.172 3.170 3.193 3.170 3.167
234 4.002 3.363 3.394 3.364 3.362 3.379 3.487 3.406 3.374 3.391 3.388
235 3.141 3.114 3.147 3.129 3.135 3.145 3.152 3.130 3.128 3.130 3.122
236 2.757 2.878 2.884 2.876 2.869 2.973 2.835 2.899 2.902 2.964 2.902
237 3.371 3.363 3.380 3.415 3.357 3.396 3.335 3.403 3.361 3.353 3.347
238 2.651 2.748 2.860 2.797 2.761 2.752 2.735 2.740 2.824 2.761 2.779
239 4.068 3.987 3.981 4.007 3.963 3.966 4.034 3.986 4.014 3.979 3.984
240 4.095 3.657 3.645 3.626 3.662 3.642 3.701 3.703 3.650 3.693 3.693
241 3.926 4.029 4.013 3.975 4.024 4.082 3.986 4.097 4.035 4.131 4.037
242 3.446 3.560 3.450 3.510 3.539 3.561 3.513 3.556 3.520 3.519 3.543
243 2.662 2.758 2.749 2.747 2.754 2.796 2.764 2.753 2.763 2.752 2.762
244 2.940 2.830 2.854 2.855 2.829 2.877 2.846 2.844 2.857 2.851 2.825
245 2.968 3.065 3.105 3.115 3.130 3.109 3.110 3.125 3.095 3.125 3.128
246 3.033 3.013 3.025 3.021 3.023 3.038 3.021 3.016 3.039 3.003 3.015
247 3.806 3.640 3.629 3.647 3.626 3.617 3.582 3.650 3.636 3.620 3.634
248 3.783 3.567 3.496 3.544 3.479 3.524 3.624 3.536 3.513 3.559 3.517
249 3.362 3.285 3.298 3.298 3.296 3.278 3.313 3.299 3.300 3.273 3.277
250 3.586 3.705 3.708 3.708 3.716 3.743 3.637 3.706 3.705 3.684 3.704
251 3.048 3.022 3.006 3.007 2.983 2.991 3.015 2.993 3.013 2.984 3.012
252 2.997 3.094 3.196 3.068 3.077 3.105 3.076 3.094 3.073 3.044 3.056
253 2.476 2.588 2.604 2.552 2.594 2.525 2.578 2.605 2.569 2.604 2.632
254 2.947 3.011 3.001 2.930 2.986 3.021 2.999 2.929 2.980 2.987 2.985
255 3.926 3.845 3.839 3.837 3.831 3.836 3.848 3.835 3.807 3.849 3.783
256 3.783 3.827 3.822 3.786 3.757 3.845 3.790 3.772 3.771 3.849 3.843
257 2.788 2.431 2.360 2.457 2.424 2.703 2.323 2.441 2.466 2.643 2.449
258 3.344 3.444 3.308 3.438 3.434 3.440 3.432 3.439 3.340 3.417 3.399
259 2.563 2.554 2.408 2.428 2.438 2.434 2.458 2.397 2.434 2.569 2.431
260 2.968 3.048 3.035 3.053 3.092 3.041 3.057 3.055 3.056 3.073 3.059
261 3.344 3.288 3.307 3.294 3.323 3.309 3.281 3.250 3.329 3.252 3.305
262 3.748 3.770 3.766 3.698 3.783 3.715 3.764 3.801 3.671 3.778 3.721
263 2.117 2.426 2.415 2.454 2.407 2.433 2.424 2.398 2.419 2.424 2.400
264 2.859 2.828 2.818 2.803 2.809 2.758 2.796 2.856 2.732 2.786 2.812
265 3.011 2.808 2.797 2.841 2.824 2.820 2.832 2.825 2.818 2.835 2.832
266 2.569 2.740 2.771 2.752 2.732 2.945 2.917 2.743 2.834 2.758 2.782
267 3.157 3.363 3.323 3.340 3.335 3.386 3.345 3.388 3.307 3.454 3.305
268 3.214 3.062 3.079 3.054 3.065 3.104 3.067 3.062 3.075 3.059 3.072
269 3.607 3.414 3.408 3.414 3.345 3.282 3.493 3.023 3.418 3.433 3.430
270 3.165 3.137 3.086 3.217 3.496 3.230 3.188 3.231 3.146 3.180 3.217
271 2.697 2.678 2.660 2.724 2.683 2.693 2.686 2.676 2.779 2.678 2.736
272 3.865 3.806 3.794 3.823 3.774 3.798 3.793 3.766 3.815 3.826 3.851
273 3.989 3.878 3.621 3.764 3.833 3.816 3.861 3.856 3.804 3.840 3.834
274 3.173 3.406 3.420 3.345 3.393 3.397 3.396 3.387 3.403 3.343 3.382
275 2.879 2.840 2.862 2.862 2.830 2.829 2.840 2.812 2.879 2.814 2.870
276 3.475 3.410 3.430 3.402 3.435 3.470 3.458 3.463 3.443 3.432 3.433
277 2.997 2.957 2.921 2.954 2.884 2.949 2.933 2.964 2.951 2.931 2.924
278 2.745 2.888 2.849 2.873 2.863 2.831 2.857 2.870 2.860 2.854 2.876
279 2.839 3.096 3.047 3.111 3.078 3.060 3.033 3.030 3.138 3.053 3.037
280 3.939 4.029 4.026 4.041 4.010 4.049 3.986 4.043 4.048 4.017 4.033
281 2.852 2.798 2.810 2.804 2.822 2.814 2.792 2.806 2.811 2.818 2.823
282 2.769 2.833 2.895 2.817 2.867 2.830 2.817 2.824 2.800 2.823 2.837
283 2.982 2.996 2.944 2.964 2.976 2.966 2.992 2.950 2.963 2.980 2.966
284 3.783 3.694 3.676 3.668 3.687 3.695 3.697 3.599 3.687 3.668 3.690
285 3.181 3.144 3.150 3.157 3.150 3.123 3.183 3.143 3.160 3.139 3.162
286 4.002 3.918 3.945 3.962 3.992 3.939 3.950 3.949 3.954 4.003 3.966
287 3.399 3.409 3.398 3.425 3.375 3.374 3.363 3.394 3.418 3.392 3.392
288 3.086 3.175 3.172 3.108 3.164 3.114 3.148 3.136 3.192 3.156 3.191
289 3.335 3.240 3.229 3.242 3.246 3.254 3.272 3.311 3.226 3.214 3.246
290 2.899 2.804 2.814 2.822 2.803 2.755 2.799 2.769 2.765 2.805 2.806
291 4.647 2.618 2.717 2.700 2.623 2.694 2.541 2.589 2.654 2.661 2.605
292 3.760 3.685 3.682 3.663 3.681 3.659 3.756 3.676 3.665 3.731 3.727
293 2.075 2.157 2.148 2.174 2.163 2.166 2.150 2.157 2.185 2.161 2.229
294 3.165 3.781 3.787 3.785 3.781 3.779 3.797 3.815 3.773 3.780 3.814
295 2.885 2.857 2.986 2.987 3.072 3.066 3.052 2.840 2.960 3.016 3.000
296 3.649 3.549 3.625 3.634 3.685 3.608 3.647 3.683 3.649 3.575 3.633
297 3.977 3.827 3.825 3.770 3.831 3.790 3.869 3.852 3.804 3.827 3.854
298 3.794 3.778 3.770 3.755 3.755 3.776 3.753 3.758 3.770 3.753 3.749
299 3.628 3.461 3.437 3.477 3.491 3.518 3.469 3.484 3.501 3.522 3.462
300 2.975 3.055 3.026 3.044 3.032 3.024 3.057 3.002 3.039 3.040 3.015
301 3.902 3.877 3.881 3.876 3.865 3.900 3.888 3.883 3.878 3.875 3.901
302 3.771 3.703 3.738 3.694 3.689 3.722 3.718 3.715 3.701 3.719 3.719
303 3.660 3.638 3.677 3.610 3.700 3.649 3.688 3.688 3.639 3.691 3.638
304 3.715 3.738 3.743 3.765 3.745 3.762 3.716 3.741 3.756 3.718 3.734
305 3.586 3.380 3.562 3.493 3.430 3.493 3.539 3.505 3.546 3.589 3.533
306 2.954 3.006 2.971 2.999 3.034 3.001 3.028 2.986 2.991 2.996 3.003
307 3.344 3.147 3.174 3.143 3.155 3.150 3.110 3.087 3.126 3.164 3.193
308 2.216 2.092 2.139 2.164 2.142 2.138 2.157 2.131 2.164 2.079 2.109
309 2.423 2.559 2.583 2.543 2.560 2.557 2.564 2.567 2.546 2.538 2.546
310 3.026 3.103 3.139 3.129 3.151 3.120 3.145 3.107 3.116 3.101 3.104
311 2.623 2.696 2.696 2.696 2.654 2.694 2.696 2.696 2.696 2.643 2.695
312 2.906 3.009 3.019 2.943 3.002 3.015 2.920 3.025 2.970 3.019 3.013
313 3.806 3.789 3.740 3.782 3.744 3.746 3.772 3.613 3.744 3.789 3.750
314 3.063 3.150 3.151 3.138 3.169 3.183 3.144 3.142 3.169 3.166 3.165
315 2.807 3.050 3.058 3.078 2.993 2.958 2.999 3.010 3.048 3.048 3.019
316 3.760 3.640 3.614 3.612 3.677 3.692 3.640 3.620 3.637 3.674 3.612
317 3.783 3.713 3.714 3.704 3.687 3.674 3.687 3.674 3.710 3.726 3.768
318 2.846 2.783 2.733 2.754 2.907 2.753 2.794 2.753 2.772 2.879 2.798
319 3.026 3.025 3.033 3.016 3.052 3.008 3.017 3.005 3.013 2.999 3.009
320 2.685 2.670 2.688 2.712 2.681 2.641 2.674 2.678 2.709 2.690 2.663
321 2.634 2.771 2.658 2.644 2.678 2.680 2.673 2.683 2.679 2.674 2.666
322 2.906 3.029 2.998 3.011 2.997 3.006 3.006 3.021 2.995 3.006 2.998
323 2.674 2.761 2.766 2.759 2.754 2.756 2.772 2.765 2.770 2.752 2.773
324 2.782 2.861 2.878 2.857 2.895 2.871 2.855 2.878 2.857 2.859 2.870
325 2.128 2.145 2.119 2.102 2.115 2.127 2.141 2.142 2.068 2.103 2.128
326 2.208 2.444 2.446 2.441 2.469 2.398 2.455 2.446 2.433 2.446 2.412
327 3.964 3.863 3.830 3.828 3.834 3.843 3.830 3.839 3.850 3.862 3.855
328 2.940 2.866 2.846 2.842 2.870 2.825 2.860 2.842 2.874 2.844 2.845
329 3.248 2.891 2.849 2.865 2.894 2.836 2.739 2.835 2.846 2.777 2.533
330 3.117 2.828 2.879 2.932 2.832 2.842 2.869 2.835 2.998 2.838 2.870
331 3.344 3.262 3.262 3.280 3.302 3.269 3.277 3.273 3.276 3.283 3.284
332 2.997 3.004 2.975 3.009 3.014 3.059 3.023 3.011 3.028 3.012 3.036
333 2.820 2.883 2.886 2.911 2.923 2.910 2.921 2.910 2.896 2.893 2.898
334 2.071 2.254 2.245 2.266 2.243 2.254 2.252 2.229 2.252 2.205 2.236
335 3.515 3.577 3.552 3.539 3.553 3.589 3.558 3.529 3.542 3.548 3.510
336 3.071 2.691 2.641 2.637 2.789 2.756 2.707 2.722 2.784 2.736 2.782
337 3.056 3.110 3.104 3.088 3.113 3.085 3.093 3.111 3.000 3.049 3.107
338 3.829 3.520 3.528 3.552 3.537 3.541 3.552 3.545 3.546 3.543 3.554
339 3.682 3.664 3.608 3.676 3.648 3.658 3.693 3.691 3.600 3.655 3.678
340 3.141 3.082 3.087 3.112 3.103 3.097 3.093 3.099 3.097 3.095 3.096
341 3.048 3.065 3.049 2.999 3.021 3.005 3.081 3.086 3.055 3.090 3.050
342 3.760 3.550 3.642 3.639 3.662 3.663 3.671 3.638 3.563 3.646 3.632
343 2.975 2.936 2.945 2.912 2.942 2.924 2.863 2.938 2.929 2.879 2.903
344 3.141 3.075 3.092 3.075 3.081 3.073 3.054 3.072 3.053 3.064 3.087
345 2.467 3.135 3.089 3.129 3.074 3.105 3.098 3.114 3.140 3.069 3.102
346 2.769 2.844 2.840 2.844 2.821 2.847 2.824 2.824 2.822 2.816 2.828
347 3.418 3.516 3.578 3.569 3.515 3.568 3.566 3.515 3.581 3.570 3.553
348 3.214 3.257 3.304 3.226 3.276 3.293 3.288 3.219 3.250 3.216 3.234
349 3.760 3.658 3.661 3.699 3.628 3.670 3.698 3.680 3.660 3.697 3.707
350 2.542 3.461 3.457 3.446 3.472 3.475 3.494 3.488 3.503 3.462 3.438
351 2.590 2.627 2.613 2.649 2.599 2.613 2.594 2.613 2.589 2.633 2.598
352 3.671 3.562 3.551 3.511 3.556 3.814 3.777 3.130 3.133 3.745 3.384
353 2.721 2.942 2.866 2.856 2.865 2.780 2.852 2.857 2.849 2.816 2.889
354 2.968 2.914 2.901 2.899 2.914 2.928 2.922 2.909 2.907 2.911 2.907
355 3.853 3.757 3.761 3.756 3.758 3.762 3.768 3.751 3.762 3.764 3.762
356 3.865 3.951 3.996 3.952 3.956 3.958 3.948 3.963 3.934 3.957 3.996
357 3.704 3.614 3.579 3.599 3.595 3.456 3.605 3.239 3.607 3.614 3.503
358 3.149 3.173 3.155 3.097 3.092 3.166 3.157 3.108 3.117 3.162 3.154
359 3.117 2.922 3.005 3.004 3.002 2.926 3.019 2.993 3.020 3.058 3.021
360 2.947 2.996 2.915 2.977 2.957 2.920 2.991 2.914 2.967 2.981 2.930
361 3.408 3.280 3.312 3.274 3.243 3.283 3.311 3.261 3.249 3.264 3.249
362 3.853 3.834 3.809 3.743 3.815 3.813 3.723 3.895 3.814 3.817 3.809
363 2.782 2.950 2.864 2.898 2.841 2.885 2.899 2.899 2.905 2.877 2.860
364 3.649 3.772 3.790 3.757 3.785 3.765 3.764 3.778 3.786 3.822 3.776
365 3.649 3.452 3.454 3.434 3.350 3.429 3.432 3.104 3.436 3.404 3.355
366 2.745 2.875 2.873 2.926 2.877 2.787 2.876 2.820 2.994 2.842 2.832
367 3.381 3.281 3.324 3.297 3.229 3.296 3.339 3.334 3.358 3.237 3.332
368 2.919 2.878 2.885 2.880 2.860 2.894 2.888 2.877 2.880 2.889 2.881
369 3.109 3.418 3.444 3.447 3.455 3.446 3.438 3.446 3.460 3.441 3.451
370 2.954 3.010 3.019 3.028 3.023 3.002 2.957 2.999 2.992 2.967 2.989
371 2.359 2.301 2.299 2.280 2.311 2.299 2.200 2.300 2.289 2.307 2.303
372 3.617 3.543 3.606 3.599 3.600 3.609 3.601 3.598 3.522 3.562 3.616
373 2.954 2.893 2.808 2.865 2.952 2.907 2.896 2.938 2.806 2.884 2.673
374 3.079 3.032 3.066 3.068 3.126 3.080 3.069 3.068 3.063 3.051 3.073
375 2.506 2.394 2.388 2.388 2.414 2.466 2.394 2.418 2.420 2.406 2.413
376 2.200 2.118 2.213 2.249 2.111 2.107 2.111 2.126 2.172 2.000 2.239
377 2.954 2.180 2.190 2.315 2.376 2.200 2.258 2.256 2.230 2.400 2.306
378 2.997 3.085 3.087 3.049 3.047 3.061 3.022 3.053 3.086 3.091 3.024
379 3.783 3.930 3.876 3.836 3.853 3.885 3.893 3.883 3.903 3.919 3.892
380 2.272 2.818 2.851 2.817 2.802 2.819 2.840 2.806 2.833 2.808 2.843
381 3.841 3.999 3.968 3.969 3.985 3.957 3.960 3.967 3.987 3.988 3.977
382 3.004 3.053 3.056 3.053 3.051 3.049 3.030 3.012 3.032 3.050 3.033
383 3.446 3.486 3.437 3.494 3.510 3.348 3.498 3.511 3.428 3.354 3.373
384 3.019 3.074 3.074 3.083 3.086 3.101 3.098 3.091 3.098 3.099 3.076
385 3.586 3.780 3.773 3.792 3.796 3.775 3.768 3.787 3.700 3.804 3.830
386 2.763 2.819 2.795 2.813 2.811 2.803 2.824 2.824 2.819 2.813 2.808
387 3.189 3.358 3.351 3.270 3.354 3.263 3.301 3.315 3.305 3.319 3.270
388 3.649 3.453 3.458 3.479 3.491 3.508 3.487 3.500 3.481 3.495 3.499
389 3.617 3.710 3.691 3.708 3.699 3.715 3.713 3.718 3.705 3.704 3.777
390 3.071 3.067 3.051 3.035 3.038 3.051 3.090 3.046 3.061 3.058 3.045
391 2.751 2.771 2.708 2.730 2.704 2.725 2.731 2.707 2.728 2.702 2.721
392 3.456 3.533 3.466 3.537 3.569 3.394 3.446 3.599 3.563 3.561 3.542
393 3.026 2.996 2.996 2.998 2.984 3.003 2.996 3.003 2.997 3.005 2.982
394 3.649 3.707 3.760 3.719 3.704 3.716 3.733 3.692 3.681 3.717 3.728
395 2.462 2.512 2.483 2.469 2.498 2.547 2.552 2.493 2.499 2.517 2.544
396 2.272 2.217 2.247 2.238 2.192 2.226 2.202 2.245 2.235 2.261 2.209
397 3.165 3.313 3.201 3.205 3.209 3.200 3.211 3.212 3.207 3.222 3.209
398 3.004 3.039 3.031 2.921 3.016 3.065 3.019 2.999 3.014 3.018 2.977
399 3.817 3.470 3.517 3.509 3.488 3.560 3.430 3.518 3.568 3.496 3.605
400 4.177 4.123 4.104 4.123 4.104 4.096 4.107 4.157 4.078 4.114 4.161
401 3.125 3.142 3.089 3.127 3.128 3.143 3.123 3.141 3.195 3.136 3.142
402 2.899 3.007 3.046 3.021 3.017 2.994 3.006 3.015 3.032 3.024 3.010
403 2.820 2.754 2.786 2.731 2.785 2.779 2.794 2.780 2.823 2.773 2.768
404 2.054 2.167 2.138 2.136 2.121 2.128 2.131 2.132 2.187 2.137 2.075
405 2.807 2.940 2.920 2.930 2.916 2.937 2.924 2.937 2.922 2.934 2.935
406 2.685 2.634 2.730 2.721 2.722 2.761 2.759 2.731 2.747 2.751 2.762
407 2.527 2.496 2.578 2.490 2.519 2.560 2.500 2.556 2.530 2.529 2.483
408 2.506 2.476 2.458 2.482 2.477 2.494 2.472 2.503 2.455 2.481 2.506
409 3.149 3.469 3.471 3.492 3.497 3.496 3.495 3.507 3.493 3.510 3.504
410 3.877 3.734 3.728 3.659 3.702 3.700 3.732 3.737 3.691 3.753 3.727
411 2.788 2.785 2.786 2.780 2.753 2.741 2.782 2.830 2.819 2.750 2.806
412 3.545 3.626 3.553 3.577 3.644 3.645 3.623 3.669 3.551 3.653 3.644
413 3.737 3.823 3.794 3.783 3.791 3.806 3.791 3.771 3.817 3.803 3.816
414 3.019 2.923 2.971 2.944 2.948 2.969 2.963 2.926 2.947 2.989 2.951
415 3.638 3.196 3.170 3.180 3.255 3.236 3.159 3.225 3.203 3.173 3.145
416 2.745 2.698 2.714 2.678 2.691 2.712 2.706 2.718 2.686 2.673 2.712
417 3.117 3.136 3.138 3.092 3.070 3.107 3.127 3.101 3.121 3.067 3.152
418 3.475 3.565 3.578 3.553 3.562 3.584 3.530 3.592 3.570 3.547 3.536
419 3.026 2.761 2.751 2.731 2.701 2.781 2.761 2.749 2.814 2.777 2.788
420 3.019 2.894 2.744 2.918 2.977 2.841 2.932 2.757 2.953 3.065 2.791
421 3.926 3.913 3.925 3.875 3.914 3.929 3.899 3.890 3.913 3.905 3.931
422 2.733 2.930 2.927 2.919 2.864 2.913 2.914 2.900 2.903 2.909 2.912
423 2.522 2.280 2.429 2.430 2.439 2.435 2.423 2.432 2.416 2.437 2.424
424 3.063 2.990 3.063 3.073 3.058 3.085 3.038 3.063 3.019 3.005 3.065
425 3.475 3.494 3.513 3.500 3.493 3.446 3.413 3.433 3.504 3.424 3.447
426 2.926 2.888 2.907 2.940 2.887 2.872 2.876 2.854 2.879 2.908 2.910
427 3.704 3.597 3.634 3.523 3.689 3.668 3.661 3.644 3.579 3.646 3.663
428 2.833 2.888 2.845 2.885 2.857 2.876 2.873 2.901 2.854 2.880 2.875
429 2.363 2.880 2.920 2.940 2.926 2.919 2.902 3.044 3.049 2.917 2.922
430 3.748 3.444 3.470 3.426 3.544 3.461 3.504 3.516 3.493 3.455 3.507
431 2.879 3.094 3.091 3.111 3.100 3.078 3.015 3.145 3.070 3.097 3.103
432 2.099 2.214 2.101 2.221 2.170 2.159 2.166 2.219 2.207 2.206 2.151
433 2.997 2.997 3.008 2.985 3.004 3.015 2.950 2.923 2.986 2.972 2.974
434 3.198 3.089 3.117 3.205 3.090 3.129 3.086 3.124 3.111 3.134 3.091
435 2.121 2.219 2.241 2.316 2.243 2.362 2.218 2.215 2.270 2.239 2.288
436 3.117 3.109 3.063 3.088 3.090 3.064 3.068 3.061 3.065 3.115 3.077
437 2.813 2.997 3.061 2.984 3.024 2.966 3.014 2.989 3.037 2.991 2.982
438 4.015 3.988 3.996 4.005 4.013 4.009 4.022 4.016 4.022 4.004 4.022
439 2.395 2.490 2.494 2.471 2.512 2.461 2.444 2.485 2.445 2.469 2.469
440 2.982 2.996 3.002 2.994 2.989 3.005 3.001 2.980 2.979 3.019 2.986
441 3.011 3.014 2.979 2.997 2.954 3.007 2.998 3.004 2.995 2.993 2.980
442 3.223 3.125 3.051 3.099 3.105 3.150 3.142 3.123 3.077 3.176 3.132
443 3.817 3.692 3.690 3.682 3.770 3.699 3.692 3.691 3.697 3.688 3.671
444 3.817 3.738 3.721 3.630 3.743 3.728 3.741 3.763 3.753 3.760 3.769
445 3.783 3.589 3.600 3.620 3.573 3.719 3.624 3.637 3.539 3.651 3.605
446 3.125 3.195 3.204 3.204 3.190 3.191 3.191 3.198 3.162 3.216 3.183
447 3.048 3.076 3.064 3.090 3.071 3.075 3.038 3.073 3.050 3.031 3.031
448 2.527 2.649 2.531 2.505 2.615 2.557 2.523 2.550 2.516 2.650 2.585
449 3.783 4.013 4.011 3.957 4.021 3.900 4.008 4.017 3.994 3.999 4.004
450 2.885 2.962 2.977 2.988 2.959 2.978 2.984 2.991 2.971 2.977 3.008
451 3.004 2.970 2.966 3.001 2.975 2.977 2.959 2.951 2.951 3.009 3.017
452 3.408 3.294 3.301 3.280 3.311 3.296 3.277 3.298 3.292 3.272 3.338
453 3.071 3.171 3.174 3.152 3.187 3.122 3.185 3.158 3.150 3.167 3.173
454 2.879 2.769 2.757 2.769 2.770 2.769 2.769 2.769 2.769 2.769 2.757
455 2.691 2.745 2.702 2.714 2.748 2.677 2.697 2.754 2.698 2.681 2.702
456 3.586 3.465 3.539 3.533 3.547 3.516 3.495 3.528 3.526 3.553 3.516
457 2.691 2.802 2.797 2.795 2.800 2.799 2.815 2.786 2.794 2.828 2.776
458 2.782 2.755 2.777 2.761 2.783 2.765 2.776 2.761 2.736 2.772 2.782
459 3.715 3.719 3.748 3.749 3.740 3.748 3.750 3.714 3.725 3.746 3.734
460 3.371 3.370 3.382 3.414 3.363 3.375 3.374 3.397 3.379 3.404 3.398
461 2.947 3.742 3.711 3.767 3.696 3.713 3.681 3.702 3.711 3.713 3.664
462 2.315 2.296 2.268 2.288 2.252 2.265 2.234 2.312 2.269 2.245 2.251
463 3.109 2.851 2.858 2.862 2.859 2.867 2.842 2.808 2.849 2.850 2.857
464 2.124 2.163 2.144 2.201 2.128 2.157 2.200 2.130 2.208 2.158 2.140
465 2.096 2.126 2.144 2.120 2.099 2.113 2.140 2.103 2.112 2.122 2.126
466 2.757 2.840 2.850 2.836 2.846 2.823 2.844 2.833 2.832 2.827 2.845
467 3.456 3.432 3.451 3.414 3.416 3.443 3.440 3.532 3.493 3.412 3.425
468 3.817 3.820 3.857 3.813 3.844 3.846 3.817 3.812 3.791 3.862 3.824
469 3.939 3.610 3.551 3.592 3.577 3.592 3.622 3.534 3.574 3.650 3.518
470 3.019 3.180 3.150 3.081 3.104 3.373 3.308 3.108 3.094 3.089 3.128
471 2.264 2.170 2.174 2.241 2.165 2.146 2.139 2.166 2.154 2.168 2.176
472 2.757 2.762 2.790 2.756 2.790 2.784 2.839 2.777 2.764 2.773 2.765
473 4.002 3.599 3.567 3.572 3.568 3.609 3.613 3.562 3.552 3.595 3.607
474 3.427 3.535 3.515 3.552 3.519 3.522 3.514 3.514 3.519 3.518 3.518
475 3.853 3.763 3.758 3.685 3.753 3.750 3.758 3.700 3.766 3.757 3.759
476 3.133 3.173 3.206 3.204 3.185 3.213 3.167 3.205 3.200 3.163 3.208
477 3.041 3.034 3.041 3.034 3.042 3.051 3.035 3.014 3.028 3.075 3.039
478 2.298 2.375 2.446 2.405 2.397 2.342 2.392 2.410 2.386 2.442 2.379
479 3.109 2.946 2.974 2.982 2.940 2.978 2.981 2.949 2.998 2.935 2.958
480 2.769 2.789 2.792 2.802 2.779 2.806 2.796 2.830 2.820 2.800 2.807
481 2.697 3.095 3.091 3.135 3.070 3.101 3.081 3.123 3.028 3.061 3.045
482 3.748 3.771 3.689 3.761 3.724 3.746 3.696 3.765 3.705 3.745 3.755
483 2.769 2.872 2.845 2.890 2.891 2.893 2.885 2.898 2.848 2.903 2.890
484 2.794 3.207 3.171 3.325 3.197 3.178 3.156 3.145 3.192 3.115 3.172
485 3.693 3.654 3.735 3.653 3.670 3.635 3.727 3.657 3.659 3.662 3.669
486 2.471 2.593 2.590 2.803 2.543 2.490 2.552 2.575 2.578 2.560 2.533
487 3.033 2.730 2.732 2.740 2.645 2.717 2.726 2.734 2.749 2.770 2.734
488 3.063 3.084 3.066 3.076 3.104 3.073 3.078 3.115 3.080 3.106 3.103
489 2.235 2.272 2.268 2.260 2.263 2.268 2.303 2.260 2.277 2.295 2.286
490 2.906 3.029 2.999 3.011 2.995 3.006 2.999 3.021 3.006 3.006 3.006
491 2.745 2.855 2.830 2.728 2.850 2.827 2.811 2.883 2.877 2.859 2.815
492 3.771 3.643 3.703 3.641 3.636 3.634 3.688 3.651 3.605 3.631 3.633
493 2.527 2.200 2.197 2.242 2.226 2.211 2.132 2.170 2.220 2.178 2.103
494 2.820 2.698 2.744 2.634 2.680 2.893 2.671 2.756 2.645 2.642 2.652
495 3.418 3.437 3.425 3.535 3.445 3.444 3.433 3.447 3.438 3.429 3.448
496 2.872 2.787 2.767 2.777 2.791 2.783 2.758 2.811 2.780 2.782 2.778
497 2.414 2.545 2.554 2.552 2.550 2.531 2.536 2.545 2.554 2.553 2.530
498 2.315 2.201 2.162 2.207 2.193 2.279 1.996 2.186 2.165 2.206 2.150
499 2.685 2.786 2.785 2.785 2.786 2.786 2.786 2.786 2.858 2.786 2.786
500 2.433 2.379 2.304 2.298 2.316 2.298 2.367 2.340 2.305 2.357 2.401
501 3.475 3.386 3.393 3.393 3.385 3.400 3.419 3.335 3.396 3.389 3.401
502 2.968 2.948 2.911 2.889 2.865 2.877 2.881 2.928 2.883 2.905 2.901
503 3.056 2.935 2.893 2.861 2.939 2.919 2.918 3.022 2.945 2.952 2.885
504 2.674 2.643 2.570 2.620 2.764 2.604 2.640 2.646 2.589 2.599 2.640
505 3.102 3.048 3.044 3.018 3.098 3.106 3.056 3.016 3.116 3.070 3.075
506 3.102 3.462 3.426 3.296 3.376 3.365 3.404 3.396 3.339 3.369 3.320
507 3.726 3.776 3.781 3.681 3.697 3.756 3.762 3.753 3.632 3.733 3.755
508 2.745 2.620 2.705 2.585 2.586 2.605 2.580 2.634 2.623 2.640 2.605
509 2.117 2.293 2.160 2.137 2.072 2.159 2.131 2.151 2.176 2.144 2.149
510 2.691 2.881 2.857 2.851 2.854 2.865 2.857 2.860 2.850 2.847 2.844
511 2.047 2.194 2.178 2.183 2.180 2.198 2.193 2.192 2.207 2.200 2.188
512 3.671 3.398 3.370 3.464 3.366 3.352 3.358 3.115 3.218 3.342 3.380
513 3.371 3.323 3.343 3.340 3.366 3.343 3.393 3.382 3.347 3.358 3.298
514 2.807 2.960 2.941 2.949 2.945 2.955 2.888 2.921 2.933 2.880 2.958
515 2.975 2.951 2.939 2.975 2.939 2.961 2.941 2.906 2.940 2.925 2.951
516 3.783 3.905 3.918 3.910 3.988 3.917 3.924 3.951 3.922 3.928 3.932
517 2.601 2.533 2.502 2.551 2.553 2.558 2.549 2.543 2.544 2.623 2.517
518 3.545 3.809 3.806 3.816 3.848 3.763 3.770 3.831 3.839 3.859 3.859
519 2.947 3.046 2.997 3.007 3.029 2.999 3.010 3.017 3.002 3.029 2.968
520 2.096 2.207 2.170 2.185 2.156 2.165 2.232 2.115 2.114 2.168 2.174
521 2.940 2.888 2.888 2.884 2.878 2.901 2.891 2.883 2.848 2.877 2.877
522 2.623 2.658 2.823 2.649 2.709 2.731 2.734 2.834 2.641 2.707 2.786
523 2.188 2.273 2.266 2.249 2.266 2.262 2.251 2.251 2.286 2.290 2.278
524 2.919 2.455 2.453 2.509 2.489 2.456 2.512 2.563 2.485 2.522 2.531
525 2.892 2.805 2.779 2.779 2.797 2.774 2.798 2.805 2.792 2.826 2.822
526 3.535 3.574 3.554 3.595 3.572 3.544 3.517 3.572 3.570 3.480 3.567
527 2.982 3.066 3.069 3.079 3.051 3.051 3.055 3.056 3.039 3.057 3.061
528 3.505 3.580 3.596 3.645 3.642 3.643 3.644 3.663 3.623 3.603 3.662
529 2.368 2.282 2.292 2.268 2.290 2.287 2.291 2.298 2.306 2.365 2.299
530 3.715 3.524 3.543 3.539 3.543 3.557 3.529 3.561 3.517 3.509 3.537
531 2.685 2.786 2.786 2.786 2.786 2.785 2.786 2.785 2.858 2.786 2.785
532 2.601 2.773 2.804 2.796 2.805 2.810 2.776 2.796 2.775 2.804 2.737
533 2.350 2.462 2.487 2.396 2.514 2.468 2.600 2.525 2.528 2.511 2.503
534 3.704 3.712 3.731 3.696 3.697 3.679 3.686 3.731 3.640 3.705 3.657
535 3.841 4.136 4.130 4.000 4.123 4.178 4.137 4.139 4.128 4.131 4.023
536 3.011 2.811 2.840 2.772 2.833 2.879 2.811 2.801 2.836 2.849 2.816
537 2.252 2.334 2.296 2.366 2.327 2.335 2.339 2.340 2.356 2.318 2.349
538 3.056 3.080 3.090 3.052 3.100 3.071 3.081 3.111 3.119 3.080 3.059
539 2.471 2.473 2.424 2.477 2.422 2.450 2.483 2.515 2.440 2.470 2.428
540 2.990 3.045 3.074 3.077 3.073 3.065 3.085 3.075 3.066 3.069 3.072
541 3.693 3.741 3.735 3.731 3.761 3.737 3.720 3.740 3.727 3.754 3.816
542 3.977 3.923 3.962 3.944 3.942 3.970 3.960 3.902 3.967 3.903 3.932
543 3.760 3.729 3.744 3.806 3.744 3.746 3.749 3.700 3.737 3.751 3.789
544 2.442 2.764 2.736 2.766 2.757 2.730 2.757 2.891 2.906 2.769 2.786
545 2.110 2.091 2.092 2.092 2.071 2.076 2.093 2.043 2.097 2.096 2.097
546 3.026 2.861 2.867 2.852 2.873 2.804 2.907 2.931 2.883 2.889 2.886
547 2.298 2.407 2.389 2.373 2.377 2.346 2.392 2.366 2.338 2.408 2.352
548 3.427 3.508 3.502 3.537 3.527 3.468 3.496 3.481 3.533 3.500 3.534
549 3.071 3.058 3.049 3.120 3.069 3.092 3.061 3.095 3.071 3.060 3.052
550 3.353 3.550 3.518 3.545 3.567 3.538 3.532 3.498 3.544 3.537 3.537
551 2.574 2.933 2.988 2.893 2.862 2.996 2.878 2.904 2.873 2.888 2.889
552 3.117 3.141 3.142 3.136 3.155 3.136 3.122 3.121 3.126 3.139 3.129
553 2.662 2.731 2.748 2.764 2.762 2.801 2.701 2.739 2.691 2.680 2.768
554 3.063 3.086 3.093 3.091 3.115 3.107 3.141 3.125 3.090 3.080 3.098
555 2.154 2.150 2.152 2.154 2.158 2.129 2.284 2.222 2.129 2.263 2.148
556 2.715 2.840 2.818 2.749 2.771 2.689 2.651 2.742 2.744 2.800 2.787
557 2.596 2.707 2.723 2.709 2.723 2.694 2.681 2.697 2.719 2.723 2.720
558 2.879 2.815 2.795 2.817 2.852 2.917 2.815 2.839 2.817 2.795 2.801
559 3.019 3.518 3.647 3.731 3.568 3.644 3.743 3.739 3.637 3.682 3.616
560 3.033 3.065 3.085 3.059 3.046 3.054 3.060 3.057 3.051 3.076 3.070
561 3.308 3.319 3.330 3.310 3.379 3.387 3.339 3.324 3.268 3.335 3.396
562 3.102 3.130 3.288 3.204 3.265 3.223 3.194 3.212 3.095 3.105 3.166
563 3.748 3.768 3.821 3.814 3.815 3.846 3.807 3.800 3.825 3.806 3.788
564 3.011 2.857 2.849 2.893 2.855 2.874 2.836 2.854 2.824 2.851 2.840
565 2.558 2.509 2.439 2.500 2.444 2.492 2.411 2.470 2.488 2.492 2.519
566 3.048 3.058 3.022 3.010 3.032 3.027 3.027 3.021 3.010 3.035 2.999
567 3.063 3.077 3.058 3.019 3.023 3.129 3.042 3.120 3.053 3.038 3.132
568 3.056 3.073 3.087 3.109 3.121 3.108 3.100 3.104 3.095 3.127 3.141
569 3.628 3.667 3.571 3.681 3.604 3.606 3.600 3.638 3.617 3.627 3.635
570 3.865 3.790 3.787 3.784 3.791 3.780 3.803 3.796 3.783 3.790 3.783
571 3.437 3.328 3.461 3.353 3.324 3.333 3.335 3.365 3.339 3.346 3.349
572 3.206 3.211 3.243 3.253 3.230 3.196 3.215 3.236 3.197 3.280 3.229
573 3.841 3.938 3.889 3.935 3.934 3.938 3.914 3.927 3.900 3.916 3.928
574 3.181 3.059 3.091 3.083 3.106 3.077 3.126 3.131 3.069 3.093 3.007
575 2.820 2.617 2.647 2.556 2.616 2.635 2.623 2.661 2.675 2.639 2.609
576 3.737 3.422 3.582 3.493 3.554 3.497 3.496 3.494 3.441 3.543 3.539
577 2.721 2.730 2.720 2.734 2.692 2.715 2.710 2.759 2.637 2.689 2.682
578 2.542 2.518 2.437 2.520 2.461 2.518 2.562 2.296 2.444 2.457 2.514
579 3.737 3.717 3.735 3.356 3.655 3.754 3.720 3.698 3.682 3.235 3.739
580 3.926 3.901 3.907 3.903 3.902 3.869 3.926 3.888 3.834 3.885 3.922
581 2.703 2.846 2.899 2.958 2.934 2.914 2.952 2.904 2.954 2.965 2.950
582 3.704 3.880 3.861 3.862 3.873 3.881 3.871 3.854 3.852 3.860 3.900
583 3.737 3.580 3.614 3.656 3.546 3.620 3.598 3.627 3.607 3.621 3.590
584 2.703 2.667 2.664 2.664 2.627 2.670 2.676 2.674 2.661 2.671 2.672
585 3.133 3.168 3.117 3.133 3.105 3.124 3.121 3.131 3.137 3.142 3.132
586 2.537 2.630 2.629 2.632 2.637 2.624 2.637 2.637 2.637 2.599 2.637
587 2.975 3.066 2.997 2.995 3.007 2.964 2.970 2.999 2.971 3.000 3.014
588 3.071 3.136 3.149 3.090 3.127 3.123 3.135 3.137 3.095 3.125 3.102
589 3.102 3.069 3.059 3.052 3.084 3.029 3.119 3.056 3.064 3.088 3.110
590 3.475 3.503 3.514 3.522 3.571 3.561 3.542 3.467 3.590 3.536 3.545
591 2.839 2.592 2.631 2.633 2.387 2.528 2.433 2.408 2.525 2.562 2.431
592 2.289 2.355 2.354 2.330 2.317 2.316 2.339 2.340 2.354 2.323 2.330
593 2.961 3.051 3.037 3.048 3.053 3.024 3.029 3.017 3.023 3.065 2.991
594 3.545 3.514 3.528 3.522 3.499 3.506 3.540 3.505 3.540 3.530 3.531
595 2.926 2.855 2.866 2.854 2.815 2.858 2.839 2.888 2.835 2.877 2.842
596 2.801 2.999 2.922 2.895 2.993 2.923 2.835 3.014 2.951 2.894 2.820
597 2.826 2.837 2.781 2.810 2.757 2.809 2.772 2.788 2.791 2.759 2.831
598 3.829 3.848 3.839 3.843 3.827 3.837 3.846 3.837 3.842 3.861 3.846
599 3.989 3.928 3.903 3.931 3.877 3.865 3.934 3.927 3.899 3.904 3.920
600 3.748 3.761 3.710 3.746 3.755 3.746 3.758 3.734 3.757 3.789 3.709
601 2.899 2.922 2.942 2.874 2.891 2.885 2.874 2.920 2.907 2.864 2.870
602 3.102 2.980 2.998 3.026 2.960 3.081 3.027 3.032 3.060 3.025 3.023
603 4.015 3.804 3.869 3.781 3.944 3.780 3.956 3.993 3.806 3.921 3.905
604 3.308 3.411 3.372 3.400 3.342 3.384 3.394 3.395 3.392 3.368 3.381
605 2.757 2.933 2.940 2.856 2.945 2.876 2.942 2.921 2.957 2.941 2.948
606 3.198 3.158 3.171 3.151 3.158 3.151 3.128 3.179 3.172 3.178 3.135
607 3.841 3.659 3.524 3.633 3.704 3.610 3.716 3.696 3.726 3.698 3.698
608 2.769 2.894 2.896 2.886 2.896 2.862 2.894 2.867 2.883 2.896 2.897
609 3.335 3.345 3.326 3.370 3.312 3.328 3.347 3.371 3.321 3.320 3.330
610 3.783 3.774 3.770 3.768 3.804 3.772 3.806 3.760 3.773 3.783 3.780
611 2.697 2.702 2.681 2.666 2.617 2.673 2.665 2.656 2.729 2.617 2.677
612 2.462 2.266 2.231 2.251 2.275 2.206 2.284 2.262 2.358 2.260 2.247
613 2.865 2.876 2.888 2.877 2.886 2.861 2.881 2.864 2.866 2.870 2.876
614 2.200 2.139 2.133 2.141 2.159 2.169 2.112 2.132 2.112 2.114 2.142
615 2.826 3.038 2.876 2.920 2.924 2.849 2.836 2.863 3.162 2.973 2.902
616 2.820 2.785 2.793 2.790 2.801 2.771 2.817 2.784 2.781 2.770 2.780
617 2.563 2.536 2.602 2.508 2.583 2.557 2.594 2.572 2.603 2.605 2.575
618 3.133 3.020 2.966 3.032 3.062 3.060 3.023 3.007 3.017 3.021 3.025
619 2.852 2.878 2.908 2.906 2.925 2.884 2.928 2.894 2.915 2.912 2.928
620 3.125 3.158 3.249 3.178 3.126 3.147 3.153 3.151 3.156 3.177 3.153
621 2.954 2.664 2.623 2.656 2.630 2.621 2.627 2.656 2.660 2.632 2.637
622 3.041 3.165 2.898 2.972 3.169 3.218 3.188 3.148 3.208 3.127 3.242
623 2.839 2.807 2.850 2.838 2.824 2.838 2.864 2.837 2.847 2.847 2.852
624 3.056 2.900 3.008 2.810 2.922 2.997 2.806 2.878 2.829 2.967 2.839
625 3.157 3.309 3.392 3.315 3.293 3.306 3.315 3.309 3.359 3.307 3.326
626 2.745 2.719 2.742 2.715 2.753 2.718 2.715 2.742 2.720 2.705 2.734
627 2.662 2.715 2.668 2.680 2.727 2.671 2.691 2.620 2.691 2.678 2.687
628 3.026 2.669 2.699 2.683 2.708 2.664 2.697 2.692 2.702 2.748 2.691
629 2.776 2.918 2.875 2.875 2.875 2.874 2.875 2.876 2.875 2.876 2.876
630 2.548 2.663 2.655 2.661 2.636 2.667 2.732 2.643 2.668 2.670 2.656
631 2.954 2.976 2.991 2.973 2.977 2.989 2.981 3.011 2.988 2.965 3.008
632 2.196 2.189 2.180 2.186 2.178 2.190 2.152 2.181 2.201 2.162 2.185
633 4.015 3.962 3.943 3.937 3.963 3.928 3.910 3.944 3.950 3.969 3.980
634 2.839 2.919 2.797 2.873 2.863 2.836 2.936 2.789 2.850 2.872 2.736
635 2.579 2.597 2.664 2.614 2.568 2.612 2.599 2.664 2.617 2.592 2.608
636 3.181 3.100 3.115 3.155 3.136 3.109 3.162 3.114 3.119 3.137 3.096
637 3.771 3.649 3.655 3.739 3.762 3.754 3.727 3.745 3.748 3.747 3.754
638 3.555 3.570 3.588 3.549 3.576 3.547 3.579 3.584 3.577 3.561 3.577
639 3.693 3.672 3.665 3.658 3.653 3.643 3.673 3.686 3.657 3.668 3.674
640 2.256 2.202 2.296 2.294 2.203 2.343 2.227 2.162 3.009 2.995 2.214
641 3.939 3.981 3.968 3.957 3.981 3.957 3.998 4.001 3.968 3.967 3.968
642 2.954 3.021 3.012 3.035 3.005 3.034 2.998 3.012 2.985 3.004 3.017
643 2.662 2.754 2.762 2.762 2.753 2.796 2.764 2.746 2.761 2.759 2.751
644 3.939 3.889 3.893 3.900 3.837 3.871 3.951 3.913 3.969 3.927 3.978
645 3.596 3.494 3.520 3.504 3.507 3.479 3.457 3.457 3.466 3.478 3.481
646 2.751 2.843 2.821 2.688 2.796 2.813 2.753 2.714 2.764 2.800 2.834
647 3.682 3.360 3.366 3.320 3.338 3.374 3.289 3.415 3.329 3.345 3.339
648 2.826 3.246 3.247 3.243 3.264 3.272 3.084 3.134 3.243 3.264 3.245
649 3.760 3.801 3.797 3.804 3.753 3.803 3.777 3.768 3.804 3.780 3.805
650 2.306 2.253 2.265 2.433 2.244 2.247 2.260 2.245 2.306 2.304 2.223
651 3.806 3.377 3.352 3.144 3.320 3.362 3.373 3.333 3.346 3.004 3.362
652 3.165 3.004 3.044 3.089 3.013 3.048 3.024 3.071 3.044 3.134 3.024
653 3.390 3.105 3.112 3.128 3.125 3.186 3.121 3.116 3.094 3.077 3.045
654 3.902 3.898 3.905 3.866 3.901 3.892 3.883 3.891 3.917 3.918 3.894
655 2.212 2.488 2.506 2.508 2.481 2.465 2.519 2.536 2.490 2.454 2.509
656 2.846 2.875 2.866 2.951 2.843 2.950 2.906 2.923 2.863 2.866 2.929
657 2.680 2.677 2.627 2.663 2.691 2.654 2.648 2.648 2.663 2.635 2.645
658 3.565 3.574 3.580 3.577 3.595 3.574 3.586 3.587 3.590 3.583 3.606
659 3.964 3.713 3.702 3.701 3.695 3.709 3.710 3.706 3.699 3.706 3.714
660 2.751 2.758 2.747 2.740 2.753 2.731 2.759 2.749 2.739 2.724 2.778
661 3.231 3.141 3.150 3.208 3.152 3.137 3.131 3.149 3.187 3.150 3.068
662 2.703 2.708 2.609 2.611 2.611 2.610 2.608 2.608 2.723 2.608 2.609
663 2.947 3.436 3.467 3.424 3.440 3.508 3.438 3.314 3.413 3.425 3.410
664 2.579 2.668 2.614 2.567 2.607 2.673 2.572 2.568 2.585 2.583 2.612
665 3.877 3.773 3.833 3.768 3.799 3.787 3.762 3.793 3.786 3.771 3.774
666 4.002 3.857 3.906 3.901 3.883 3.871 3.857 3.891 3.850 3.828 3.870
667 3.086 3.030 3.058 3.050 3.017 3.052 3.077 3.023 3.039 3.024 3.005
668 2.341 3.003 2.906 2.871 2.919 2.845 2.963 2.881 2.858 2.918 3.007
669 2.128 1.968 1.872 1.910 2.001 1.872 1.565 2.100 1.992 1.943 1.999
670 2.947 2.923 2.943 2.927 2.904 2.910 2.917 2.925 2.930 2.956 2.949
671 2.990 3.082 3.017 3.050 3.044 3.082 3.078 3.077 3.079 3.083 3.079
672 3.206 3.139 3.124 3.208 3.137 3.140 3.118 3.147 3.175 3.144 3.146
673 2.124 2.218 2.262 2.233 2.379 2.256 2.206 2.222 2.390 2.205 2.221
674 4.041 3.813 3.811 3.819 3.837 3.824 3.816 3.809 3.815 3.810 3.777
675 2.926 2.989 2.936 2.961 2.966 2.978 2.939 2.940 2.959 2.976 2.963
676 2.763 2.866 2.852 2.857 2.851 2.849 2.838 2.893 2.859 2.878 2.824
677 2.034 2.509 2.542 2.520 2.529 2.540 2.557 2.529 2.560 2.466 2.548
678 2.457 2.534 2.587 2.536 2.544 2.496 2.555 2.572 2.529 2.531 2.516
679 3.041 3.101 3.123 3.120 3.116 3.125 3.108 3.101 3.095 3.131 3.111
680 3.291 3.145 3.237 3.134 3.072 3.158 3.144 3.203 3.209 3.080 3.141
681 2.471 2.936 2.910 2.935 2.882 2.884 2.918 2.811 2.791 2.814 2.851
682 3.889 3.806 3.776 3.833 3.755 3.747 3.752 3.776 3.778 3.778 3.768
683 3.149 3.152 3.091 3.125 3.146 3.109 3.102 3.148 3.152 3.151 3.160
684 4.278 3.950 3.965 3.976 3.956 3.926 3.975 3.939 3.956 3.953 3.951
685 3.048 3.029 3.053 3.050 3.058 2.997 3.035 3.014 3.031 3.043 3.057
686 2.794 2.950 2.970 2.941 2.956 2.898 2.998 3.022 3.097 2.960 2.986
687 3.853 3.930 3.926 3.924 3.922 3.919 3.810 3.934 3.922 3.905 3.918
688 3.748 3.735 3.749 3.715 3.699 3.738 3.738 3.758 3.753 3.722 3.746
689 3.086 2.943 2.961 2.923 2.922 2.914 2.919 2.934 2.936 2.972 2.947
690 3.877 3.748 3.833 3.718 3.791 3.794 3.777 3.806 3.802 3.818 3.770
691 3.214 3.198 3.172 3.181 3.190 3.198 3.213 3.163 3.179 3.173 3.164
692 3.408 2.790 2.806 2.814 2.806 2.900 2.808 2.839 2.815 2.801 2.898
693 3.783 3.817 3.784 3.852 3.820 3.791 3.769 3.843 3.790 3.830 3.843
694 3.977 3.884 3.880 3.879 3.879 3.874 3.891 3.877 3.877 3.875 3.877
695 3.282 3.330 3.334 3.321 3.313 3.291 3.313 3.240 3.341 3.318 3.299
696 3.748 3.715 3.741 3.734 3.733 3.732 3.762 3.733 3.723 3.726 3.723
697 3.760 3.752 3.725 3.732 3.731 3.731 3.743 3.744 3.771 3.750 3.747
698 2.751 2.924 2.892 2.887 2.904 2.919 2.909 2.888 2.886 2.937 2.909
699 3.964 3.184 3.218 3.207 3.204 3.210 3.173 3.188 3.200 3.211 3.236
700 3.041 3.061 3.050 2.985 3.032 3.029 3.039 2.976 3.028 3.043 3.050
701 2.820 2.892 2.871 2.933 2.922 2.893 2.921 2.891 2.903 2.964 3.011
702 3.308 3.407 3.407 3.424 3.410 3.403 3.421 3.428 3.380 3.409 3.458
703 2.685 2.776 2.689 2.795 2.772 2.739 2.705 2.693 2.704 2.814 2.705
704 2.757 2.990 2.988 2.997 2.997 2.998 2.992 3.007 2.959 3.033 2.910
705 2.975 3.050 3.079 3.042 3.004 3.002 3.028 3.034 3.017 3.042 3.035
706 2.745 2.907 2.906 2.832 2.884 2.895 2.879 2.842 2.905 2.888 2.828
707 2.359 2.326 2.265 2.296 2.272 2.292 2.274 2.277 2.297 2.296 2.311
708 2.697 2.792 2.784 2.785 2.799 2.795 2.794 2.786 2.783 2.789 2.781
709 2.899 2.987 2.941 2.928 2.868 2.908 2.887 2.922 2.914 2.919 2.902
710 4.002 3.450 3.451 3.460 3.461 3.431 3.460 3.521 3.453 3.457 3.412
711 3.011 3.030 3.049 3.040 3.033 3.055 2.984 2.984 2.995 3.055 3.062
712 3.877 3.893 3.877 3.841 3.733 3.893 3.882 3.798 3.821 4.002 3.913
713 2.651 2.577 2.599 2.654 2.615 2.526 2.574 2.594 2.577 2.538 2.584
714 3.926 3.851 3.851 3.843 3.875 3.858 3.891 3.856 3.804 3.838 3.868
715 2.061 2.180 2.193 2.181 2.171 2.191 2.190 2.183 2.149 2.188 2.160
716 3.783 3.477 3.581 3.512 3.572 3.538 3.579 3.648 3.557 3.559 3.534
717 2.143 2.633 2.599 2.601 2.726 2.494 2.578 2.650 2.590 2.590 2.608
718 3.505 3.455 3.479 3.573 3.541 3.569 3.582 3.594 3.519 3.442 3.566
