data_index logt12.observed logt12.predicted.repeat1 logt12.predicted.repeat2 logt12.predicted.repeat3 logt12.predicted.repeat4 logt12.predicted.repeat5 logt12.predicted.repeat6 logt12.predicted.repeat7 logt12.predicted.repeat8 logt12.predicted.repeat9 logt12.predicted.repeat10
1 0.088 0.565 0.407 0.734 0.241 2.508 0.622 1.504 4.895 2.465 2.335
2 0.255 2.997 3.112 2.949 2.957 2.934 3.054 2.946 3.135 2.837 3.132
3 0.325 3.725 3.634 3.437 3.556 3.477 4.399 3.485 2.808 3.656 3.608
4 1.105 2.817 2.781 2.640 3.284 2.681 3.011 2.916 2.845 2.620 2.703
5 1.182 2.893 3.035 2.952 2.922 3.360 2.901 2.193 4.765 3.310 3.217
6 1.196 3.137 1.058 1.458 1.511 1.508 1.407 1.811 1.613 1.416 1.427
7 1.358 3.030 1.430 1.425 1.434 1.361 1.519 1.409 1.402 1.079 1.456
8 1.653 3.632 3.488 3.471 3.363 3.459 3.362 3.757 3.474 3.921 3.386
9 2.208 2.657 3.233 2.968 3.493 2.900 3.736 3.489 3.723 2.933 3.018
10 2.235 3.563 3.611 3.575 3.543 3.693 4.147 3.995 3.552 3.793 3.516
11 2.381 4.059 3.630 4.070 3.981 3.726 3.844 4.039 4.169 3.972 4.058
12 2.408 4.192 2.085 4.054 4.045 3.940 4.114 3.993 5.200 4.378 3.972
13 2.542 2.957 3.217 2.937 2.772 3.034 2.978 2.968 2.953 2.941 2.918
14 2.631 5.472 5.571 5.394 5.388 5.553 5.502 5.400 5.558 5.560 5.609
15 2.679 2.640 2.497 2.887 2.492 2.817 2.569 2.531 2.605 2.429 2.869
16 2.682 1.202 1.246 1.464 3.716 1.513 1.265 1.337 2.610 1.497 2.222
17 2.760 4.337 4.601 4.436 4.484 4.230 4.219 4.566 4.559 4.497 4.515
18 2.857 3.005 3.067 3.287 4.156 3.174 3.007 3.324 4.297 3.304 3.152
19 2.954 4.215 4.085 4.233 3.271 4.209 4.188 4.175 4.253 4.237 4.360
20 2.954 3.684 3.690 3.558 3.584 4.178 3.628 4.265 4.181 3.544 3.431
21 3.147 4.104 4.075 3.976 4.046 4.140 4.182 4.114 3.989 3.966 4.105
22 3.250 4.243 4.340 4.178 4.185 4.464 4.283 4.574 4.632 3.808 4.195
23 3.404 4.409 4.753 4.741 4.439 4.209 4.490 4.144 4.205 4.413 4.625
24 3.561 4.253 4.317 4.269 4.315 3.337 4.366 4.853 3.897 4.701 4.395
25 3.787 3.183 3.613 3.503 3.216 3.559 3.456 3.514 3.418 3.453 3.412
26 4.003 4.160 3.793 4.176 3.941 4.138 4.275 4.311 4.132 4.210 4.240
27 4.028 5.023 5.037 5.098 5.098 4.719 4.908 5.206 5.150 5.212 5.180
28 4.104 3.723 3.666 3.619 3.638 3.564 3.616 3.934 3.705 3.173 3.663
29 4.113 3.613 4.044 3.848 3.930 3.718 3.770 3.912 3.837 3.567 3.801
30 4.146 4.867 3.740 4.612 4.670 4.549 4.032 4.685 4.619 4.509 4.356
31 4.183 3.437 3.882 2.774 3.329 3.467 3.721 3.480 3.377 2.407 3.485
32 4.196 2.595 2.567 2.534 2.625 2.609 2.597 2.463 3.242 2.503 2.535
33 4.228 4.610 4.479 3.999 4.478 4.598 3.683 4.512 4.813 4.640 3.922
34 4.297 4.707 4.553 3.921 4.480 4.594 4.617 4.153 4.461 4.775 4.280
35 4.359 4.209 4.144 4.155 4.069 4.023 4.138 4.127 4.433 4.136 4.216
36 4.376 4.111 2.888 3.195 3.116 3.144 3.338 3.905 3.194 3.096 3.308
37 4.401 3.496 3.470 4.112 3.349 3.508 3.540 3.731 3.302 3.906 3.803
38 4.401 4.851 4.680 4.667 4.527 4.650 4.650 4.609 4.179 4.771 4.547
39 4.405 4.482 4.255 4.805 4.437 4.512 4.563 4.550 4.541 4.596 4.583
40 4.414 3.319 3.029 3.219 3.031 3.088 2.947 2.964 3.025 3.005 2.992
41 4.459 4.345 4.253 4.256 4.427 4.293 4.353 4.280 4.193 3.570 4.140
42 4.459 3.761 4.463 4.534 4.161 4.440 4.602 4.583 4.383 4.494 4.142
43 4.500 3.214 3.132 3.292 3.241 3.003 3.339 3.093 3.016 2.872 3.321
44 4.511 5.696 5.669 5.753 5.900 5.790 5.692 5.922 5.698 5.949 5.895
45 4.561 4.492 4.486 4.712 4.651 4.701 4.480 4.591 4.603 4.626 4.564
46 4.565 3.799 4.506 3.924 4.446 4.412 4.597 4.459 4.447 4.445 4.478
47 4.598 5.028 4.881 4.680 4.418 4.543 5.584 4.621 4.718 4.639 4.956
48 4.605 4.822 4.614 4.842 4.771 4.665 4.674 4.698 4.790 4.698 4.597
49 4.613 4.711 4.540 4.638 4.699 4.526 4.607 4.513 4.454 4.402 4.655
50 4.635 5.577 5.695 5.362 5.456 5.818 5.514 5.502 5.499 5.555 5.627
51 4.673 4.888 4.798 4.712 4.773 4.761 4.825 4.889 4.876 4.882 4.509
52 4.702 4.748 4.681 4.702 4.619 4.497 4.706 4.699 4.779 4.587 4.637
53 4.712 4.373 4.602 4.619 4.600 4.385 4.552 4.334 4.382 4.367 4.198
54 4.732 4.750 4.730 4.758 4.784 4.881 4.731 5.147 4.834 5.024 4.939
55 4.741 3.514 4.447 4.040 4.025 3.963 4.033 3.806 3.948 3.994 3.887
56 4.758 3.896 4.485 4.080 4.459 4.661 4.533 4.536 4.621 4.466 4.445
57 4.779 4.606 4.786 4.698 4.601 4.636 4.583 4.642 4.680 4.712 4.687
58 4.804 4.660 4.601 4.720 4.426 4.468 4.789 4.392 4.714 4.605 4.663
59 4.857 3.585 5.407 5.318 5.119 5.152 2.846 5.224 5.320 5.201 5.360
60 4.858 5.960 5.590 6.380 5.619 6.017 6.055 6.033 5.543 5.905 5.565
61 4.861 3.938 3.552 3.828 3.936 3.851 3.849 4.020 4.016 3.738 4.145
62 4.878 4.064 4.788 4.208 4.120 4.454 4.296 4.243 4.358 4.378 4.369
63 4.951 3.662 3.573 3.713 3.661 4.611 2.231 3.316 3.463 3.617 3.874
64 4.954 5.472 5.576 5.523 5.447 5.359 6.034 5.455 5.547 5.349 5.621
65 4.988 4.474 4.392 4.345 4.464 4.385 4.141 4.428 4.424 4.422 4.308
66 4.999 4.488 4.508 4.421 4.170 4.200 4.052 4.259 4.933 4.317 6.341
67 5.033 5.254 5.232 5.320 5.111 5.277 4.915 5.338 5.252 5.288 5.342
68 5.064 3.410 3.395 3.432 3.482 3.367 2.969 3.813 3.576 3.468 3.405
69 5.093 3.080 2.929 2.743 3.068 2.848 2.969 2.975 2.894 2.925 2.988
70 5.177 4.667 4.286 4.314 4.262 4.263 5.186 4.305 4.282 4.571 4.275
71 5.317 5.379 5.457 5.316 5.315 5.328 5.323 5.317 5.309 5.316 5.390
72 5.414 2.908 2.516 2.895 2.871 2.967 2.728 2.933 2.854 2.738 2.733
73 5.505 4.067 3.959 3.916 4.175 4.184 4.008 4.162 4.097 4.060 4.074
74 5.520 4.858 5.459 5.277 4.972 5.086 5.219 5.069 4.965 4.979 5.149
75 5.700 5.096 5.137 5.026 5.060 5.092 5.075 5.065 5.093 5.137 5.114
76 5.749 4.880 4.891 4.902 4.986 4.871 4.914 4.886 4.890 4.989 4.895
77 5.937 5.971 6.317 6.174 6.393 6.263 5.960 6.349 5.073 6.110 6.394
78 5.978 6.299 6.284 6.316 6.337 6.651 6.175 6.316 6.127 6.341 6.166
79 6.167 6.187 5.649 5.650 5.454 5.813 5.475 5.737 5.628 5.901 5.868
80 6.190 6.930 5.308 7.198 7.075 7.048 7.371 6.978 7.103 7.558 7.241
81 6.519 4.993 5.281 4.822 4.684 4.645 4.793 5.205 4.697 4.959 5.267
82 6.644 3.693 3.777 3.166 3.191 3.611 3.721 4.047 3.423 3.347 3.583
83 6.799 6.830 6.796 6.809 6.970 6.731 6.791 6.642 6.681 6.819 6.710
84 6.946 6.309 6.405 6.340 6.660 5.934 6.180 6.352 6.190 5.414 6.598
85 6.982 5.431 5.055 5.651 5.628 5.201 5.515 4.927 4.803 5.202 5.274
86 7.960 5.820 5.746 5.805 5.883 5.724 5.684 5.653 5.809 5.895 5.851
