data_index lambdaa.observed lambdaa.predicted.repeat1 lambdaa.predicted.repeat2 lambdaa.predicted.repeat3 lambdaa.predicted.repeat4 lambdaa.predicted.repeat5 lambdaa.predicted.repeat6 lambdaa.predicted.repeat7 lambdaa.predicted.repeat8 lambdaa.predicted.repeat9 lambdaa.predicted.repeat10
1 342.000 358.498 365.189 351.541 357.677 369.517 356.216 359.083 353.156 355.646 353.845
2 336.000 334.620 336.064 336.177 341.334 335.121 341.948 335.243 340.616 335.932 340.533
3 434.000 432.223 434.674 433.266 433.059 437.014 412.934 422.240 427.914 408.047 427.627
4 320.000 331.731 337.125 337.166 335.337 332.078 336.996 346.270 333.880 336.689 328.065
5 317.000 335.490 346.635 342.838 353.505 350.674 343.544 333.235 333.807 360.051 332.636
6 432.000 458.814 451.190 451.325 449.975 448.766 454.424 450.829 445.882 450.387 449.250
7 419.000 425.706 425.235 424.998 423.514 427.804 416.678 422.372 421.647 421.623 427.304
8 554.000 542.050 533.050 543.650 533.300 536.442 536.100 535.100 524.311 531.883 534.300
9 438.000 449.375 462.409 445.475 451.761 453.058 438.336 453.649 452.821 449.861 457.049
10 315.000 322.035 323.907 321.835 321.292 323.023 321.994 323.757 322.870 324.188 322.765
11 325.000 321.899 341.151 336.575 329.791 334.642 330.766 326.025 328.388 325.118 336.486
12 492.000 394.169 411.545 403.866 427.972 422.037 414.269 401.371 417.346 405.141 413.483
13 370.000 361.732 383.139 354.625 370.459 371.299 371.909 351.831 376.704 354.039 385.796
14 424.000 415.207 422.651 416.318 423.624 427.827 419.182 414.400 432.489 436.356 419.346
15 400.000 399.447 398.225 399.910 400.603 400.443 398.427 398.277 399.645 406.245 401.709
16 406.000 399.971 399.430 400.743 400.487 398.573 399.059 401.255 400.052 399.411 401.603
17 429.000 412.101 411.143 421.880 415.148 415.302 426.321 437.607 396.324 428.233 409.859
18 450.000 415.774 409.662 420.226 418.391 407.431 418.444 414.813 435.915 405.888 378.048
19 342.000 336.961 336.148 335.115 337.021 336.832 333.746 335.557 335.469 335.076 335.626
20 302.000 406.084 440.085 413.304 432.861 438.575 427.535 421.321 452.899 455.657 438.560
21 437.000 438.907 427.785 438.042 426.332 428.702 424.605 434.037 437.355 435.022 436.820
22 407.000 422.807 419.588 422.786 420.253 420.148 421.611 423.113 420.219 422.675 419.890
23 384.000 414.599 415.506 409.077 417.223 416.134 420.055 412.413 416.753 408.451 412.870
24 371.000 386.523 387.217 384.627 392.962 388.582 367.639 373.442 377.984 382.110 393.284
25 417.000 349.336 353.521 341.399 346.386 352.749 384.626 351.645 346.259 352.858 356.854
26 425.000 427.804 433.873 415.010 421.192 415.263 415.671 418.785 427.214 435.199 426.937
27 350.000 318.292 326.017 327.691 321.239 324.287 315.457 315.948 334.187 334.247 316.636
28 444.000 426.221 425.434 424.153 423.558 419.700 423.047 420.841 421.493 419.941 422.848
29 379.000 389.057 400.888 401.254 404.532 386.668 367.658 397.790 381.807 384.094 380.639
30 400.000 423.513 422.134 420.526 421.264 420.541 421.227 421.717 420.219 423.947 422.502
31 378.000 364.145 393.704 393.913 380.541 388.510 385.157 369.980 362.577 403.115 371.496
32 364.000 370.324 367.922 356.046 363.905 372.948 365.878 382.474 372.144 365.860 368.918
33 360.000 347.608 350.145 347.269 347.714 349.513 351.832 353.162 345.416 347.223 347.647
34 382.000 385.947 432.971 403.858 406.616 369.658 380.147 403.395 421.001 383.694 405.928
35 527.000 542.400 538.150 557.150 551.577 558.350 538.350 530.222 540.650 540.367 537.250
36 408.000 401.387 402.794 399.929 402.117 403.851 402.370 402.816 402.695 403.147 403.851
37 421.000 368.868 349.650 346.417 348.399 349.542 375.145 365.309 352.442 351.704 347.653
38 346.000 341.933 345.186 337.312 339.624 339.738 347.361 339.021 345.708 345.739 337.023
39 478.000 546.203 540.279 535.672 535.290 527.842 525.088 525.634 532.325 520.137 501.802
40 420.000 425.696 433.743 445.993 427.507 440.330 430.044 430.810 435.081 420.100 427.721
41 430.000 442.074 432.247 434.627 444.640 445.081 435.835 439.001 440.618 447.807 435.541
42 623.000 570.500 567.050 574.250 563.900 567.650 572.500 575.000 572.325 564.550 570.050
43 457.000 435.546 433.272 429.209 430.889 430.271 442.021 423.851 440.483 434.144 423.350
44 424.000 430.157 423.351 429.007 425.871 430.155 431.630 441.767 439.939 437.828 442.200
45 456.000 456.139 437.978 454.404 456.954 461.170 456.020 458.478 454.099 475.924 463.663
46 411.000 397.655 397.237 395.894 398.553 396.727 398.066 401.822 398.396 397.080 397.220
47 413.000 434.770 437.344 427.940 432.201 434.509 432.963 427.412 426.880 432.300 432.680
48 332.000 333.589 332.134 339.933 336.904 340.382 335.201 327.902 338.610 335.704 338.155
49 489.000 487.237 488.785 487.531 484.368 494.132 498.147 487.275 483.446 483.082 485.523
50 425.000 387.512 389.613 374.621 392.461 402.626 399.677 391.657 396.320 401.090 386.684
51 359.000 349.611 358.648 356.887 362.628 355.513 365.489 355.042 352.532 358.985 347.731
52 418.000 418.793 409.504 417.523 420.613 419.316 415.623 420.396 420.091 417.099 418.478
53 325.000 332.908 334.672 331.208 337.891 329.247 337.748 335.433 336.207 336.817 337.986
54 447.000 427.470 425.922 429.598 436.107 428.510 432.046 430.230 419.196 432.168 423.162
55 464.000 487.850 480.150 472.512 473.237 491.000 456.634 453.750 465.498 480.500 475.000
56 431.000 425.372 423.350 414.682 422.869 408.391 424.755 431.750 424.271 417.200 404.556
57 332.000 382.231 399.419 359.152 376.090 373.789 362.096 355.436 389.547 354.251 365.528
58 329.000 420.114 418.686 416.556 420.089 417.659 416.114 417.284 411.793 420.420 416.117
59 315.000 326.428 323.731 322.014 321.243 326.276 327.140 331.238 325.712 328.067 324.838
60 396.000 398.071 398.980 401.224 401.690 401.005 399.960 401.173 404.458 399.257 401.497
61 390.000 380.546 376.971 378.023 372.361 375.305 365.410 376.355 375.152 371.358 371.521
62 423.000 457.017 470.219 464.635 461.636 444.923 441.393 459.369 438.313 449.324 445.838
63 430.000 437.920 436.991 437.132 424.243 445.499 435.981 436.695 426.899 432.623 446.766
64 429.000 420.638 404.636 429.112 432.501 420.975 428.032 416.703 414.300 419.536 414.023
65 467.000 427.710 422.782 433.282 437.877 428.459 438.873 439.625 442.209 432.972 439.020
66 602.000 532.230 547.950 551.700 549.225 526.176 579.700 559.150 562.745 538.931 569.500
67 461.000 442.196 436.471 440.404 443.929 442.778 450.044 451.547 442.160 439.791 450.864
68 342.000 332.805 340.405 337.456 342.388 338.362 337.155 342.586 340.610 334.051 337.459
69 545.000 430.442 439.938 455.801 439.136 490.407 449.592 376.571 405.986 421.090 468.175
70 415.000 414.365 417.058 417.876 417.088 417.549 414.259 412.008 414.018 414.696 413.772
71 365.000 360.250 376.045 377.119 370.521 376.963 375.515 379.308 355.947 378.078 371.919
72 429.000 438.032 420.983 427.549 422.110 426.358 419.659 426.590 430.360 442.667 422.767
73 336.000 334.615 334.460 335.212 334.371 333.268 333.746 334.648 335.763 336.581 333.077
74 302.000 325.012 323.150 330.174 322.466 324.287 336.066 330.175 336.608 337.134 324.315
75 426.000 435.801 439.427 446.972 440.745 431.295 435.369 434.469 438.028 435.928 437.495
76 364.000 357.554 357.396 352.352 360.195 350.553 346.933 356.553 359.808 346.098 350.308
77 451.000 421.205 421.183 423.770 422.546 421.623 423.047 433.168 423.848 419.464 421.882
78 573.000 583.100 555.400 569.500 569.050 558.500 582.612 573.300 578.150 565.800 565.050
79 447.000 426.916 429.930 430.109 427.255 429.580 433.367 428.237 425.155 434.084 425.561
80 322.000 341.634 344.022 337.579 340.486 337.850 335.852 338.972 334.329 338.110 344.555
81 586.000 586.075 580.730 566.250 579.800 586.700 551.400 582.150 566.800 581.550 584.425
82 459.000 438.655 422.221 430.530 413.480 427.225 426.960 412.896 421.858 416.738 434.173
83 405.000 415.555 415.056 413.081 411.602 416.053 410.785 414.455 418.478 414.647 420.174
84 434.000 422.111 422.677 423.614 419.532 423.590 424.220 422.168 420.229 424.017 420.072
85 441.000 444.646 440.045 442.554 443.753 442.843 444.102 445.180 443.815 436.466 444.709
86 403.000 415.933 414.782 416.831 417.088 417.549 417.943 412.008 415.180 418.352 415.077
87 450.000 426.557 425.059 424.833 423.086 422.801 422.558 432.382 418.322 421.610 424.063
88 372.000 360.042 363.522 349.501 355.117 353.243 347.032 358.952 347.255 359.197 357.204
89 400.000 425.487 401.790 408.950 423.614 432.145 437.346 426.102 429.672 403.661 415.841
90 545.000 552.350 556.050 526.275 531.300 554.650 534.483 539.225 528.550 534.750 557.754
91 411.000 393.753 375.666 383.686 392.552 390.811 372.892 393.372 370.960 387.769 368.383
92 344.000 344.192 341.219 350.245 348.351 346.537 348.838 339.176 344.071 342.764 341.898
93 502.000 522.100 526.600 538.700 524.000 515.925 517.500 519.423 504.133 503.200 515.350
94 401.000 433.911 431.382 432.133 432.824 421.034 439.759 434.415 422.296 448.985 431.809
95 407.000 417.623 420.087 415.569 418.363 407.626 417.943 415.204 417.367 409.669 416.935
96 444.000 428.149 432.423 432.863 443.091 434.258 433.611 434.553 432.603 434.698 433.583
97 321.000 338.345 328.753 329.128 338.498 333.640 325.947 324.576 329.075 329.514 326.241
98 584.000 576.675 579.725 582.550 588.200 548.663 578.100 582.800 577.450 570.100 584.350
99 480.000 538.500 536.500 525.550 510.000 550.300 531.511 550.150 526.500 528.400 528.783
100 510.000 445.572 438.976 446.415 457.846 475.483 456.900 450.430 452.872 448.286 448.787
101 408.000 368.127 386.602 377.929 383.500 361.133 389.246 367.404 394.196 386.983 374.147
102 323.000 335.111 331.522 330.315 330.038 335.104 324.935 332.087 329.984 328.661 329.559
103 438.000 435.236 426.070 437.294 440.928 433.285 436.369 430.179 435.823 431.211 438.403
104 417.000 419.163 420.556 420.972 422.178 419.977 418.704 421.655 418.915 422.006 420.989
105 429.000 424.744 424.641 429.038 424.850 424.215 422.073 423.026 426.250 424.728 425.620
106 434.000 425.532 424.030 434.630 432.636 432.020 430.891 423.438 425.726 432.073 424.345
107 442.000 425.036 424.952 425.608 421.028 426.721 424.029 423.303 426.621 424.680 425.386
108 410.000 418.665 416.770 419.443 417.659 418.431 418.316 419.732 418.741 418.975 417.675
109 335.000 408.635 374.641 381.034 400.720 379.101 382.972 407.498 422.698 386.297 380.756
110 515.000 520.583 523.581 519.614 491.883 534.450 519.002 499.100 513.520 511.234 511.108
111 400.000 407.024 399.258 410.566 402.018 399.295 396.742 396.379 397.990 396.202 396.865
112 429.000 424.763 423.181 426.117 421.129 422.936 425.590 424.424 421.982 420.516 421.813
113 432.000 446.016 442.908 430.021 443.890 448.369 443.054 423.476 432.822 443.315 442.684
114 335.000 331.807 327.191 332.572 329.486 331.463 330.061 325.927 332.127 330.258 330.981
115 395.000 401.537 411.385 414.396 406.287 414.739 424.080 409.553 412.155 409.767 403.226
116 341.000 368.680 356.181 375.576 382.695 352.810 379.188 381.518 361.257 394.959 351.379
117 425.000 422.479 421.622 421.947 422.178 418.895 423.039 422.581 421.460 421.427 422.150
118 351.000 354.312 344.841 354.478 359.304 356.510 355.763 357.584 348.117 352.451 358.214
119 315.000 323.735 324.399 327.605 325.537 325.958 324.390 324.591 322.541 320.342 321.855
120 320.000 344.492 342.835 336.220 334.804 332.724 335.371 344.322 335.598 339.142 336.332
121 588.000 554.267 573.650 569.600 569.683 565.250 544.000 565.850 564.800 539.352 557.100
122 469.000 462.079 450.949 460.876 456.503 457.817 462.550 457.442 465.126 458.738 447.924
123 321.000 335.415 344.181 338.831 352.204 348.557 340.583 346.158 348.476 342.631 344.879
124 310.000 358.945 371.040 377.318 351.509 368.561 379.396 373.940 357.796 379.050 374.543
125 362.000 325.725 324.221 321.242 319.853 322.873 323.471 321.054 319.802 321.419 320.499
126 332.000 381.100 358.856 367.036 363.682 371.898 368.213 359.925 370.783 368.469 349.629
127 307.000 334.416 354.935 348.903 342.366 340.413 344.263 341.619 326.871 335.314 350.763
128 400.000 399.414 400.414 400.359 400.177 399.137 400.191 400.547 400.244 399.238 398.848
129 490.000 444.059 464.115 453.847 455.873 446.779 442.076 443.244 448.715 455.809 446.674
130 354.000 352.029 352.993 354.608 352.795 349.187 347.328 360.247 351.315 343.267 352.926
131 326.000 334.391 336.339 341.131 346.599 334.786 333.943 332.788 335.521 341.962 336.629
132 326.000 346.030 335.878 348.008 340.606 336.426 350.441 348.640 333.542 343.065 352.358
133 409.000 427.439 420.808 423.734 421.754 421.473 423.641 424.094 425.259 424.168 422.076
134 562.000 461.450 479.541 457.902 494.138 487.206 452.692 469.719 497.780 451.190 465.786
135 332.000 401.129 398.971 402.000 387.239 365.141 369.119 372.126 404.884 383.146 403.331
136 472.000 428.602 429.048 418.316 427.039 434.220 436.572 426.560 422.734 420.372 420.674
137 405.000 420.245 418.390 419.963 422.178 422.108 420.143 420.631 418.823 418.936 422.770
138 394.000 401.002 400.673 410.272 395.239 400.654 398.114 398.173 409.837 403.680 393.711
139 324.000 338.451 337.953 338.601 338.841 336.361 340.583 339.113 337.277 336.525 334.396
140 555.000 550.275 549.700 557.200 549.365 544.580 541.590 548.700 555.350 550.025 548.550
141 324.000 338.131 328.736 327.491 331.915 330.709 326.036 326.635 328.894 330.446 326.959
142 422.000 429.269 433.331 444.598 426.997 438.573 427.486 432.209 436.294 427.597 448.190
143 429.000 412.273 419.053 411.397 407.733 406.680 414.267 408.839 406.090 404.055 408.135
144 314.000 323.868 323.463 322.399 320.199 321.350 320.848 319.689 326.216 320.762 326.207
145 445.000 431.420 422.329 437.848 439.600 431.178 420.692 425.634 439.400 439.999 441.245
146 420.000 430.607 426.400 429.390 419.035 423.887 425.852 429.744 425.815 434.721 423.019
147 350.000 341.369 345.447 339.937 344.723 343.260 343.261 340.806 344.788 341.452 343.597
148 381.000 364.800 361.665 354.703 362.996 373.109 375.418 372.301 361.575 375.099 368.948
149 340.000 357.290 343.561 334.766 350.227 361.781 358.668 356.195 358.948 339.623 359.417
150 462.000 455.721 473.135 456.248 471.498 448.760 465.438 447.922 446.194 482.570 456.028
151 545.000 540.750 542.181 538.550 537.110 543.650 538.450 540.450 535.300 539.288 537.604
152 401.000 413.884 391.066 377.203 375.175 360.872 378.834 373.460 376.996 399.061 378.213
153 450.000 437.118 452.737 445.209 448.543 457.195 455.438 451.047 454.883 448.801 460.918
154 495.000 531.150 534.100 528.000 548.000 552.550 547.900 536.750 551.750 555.600 525.600
155 415.000 438.960 451.379 450.981 435.396 433.645 444.715 451.219 461.439 452.996 446.546
156 580.000 566.350 545.450 563.200 557.700 546.700 541.114 553.348 549.700 557.850 556.000
157 412.000 415.502 421.950 421.273 417.524 416.743 417.614 421.504 417.277 414.202 419.949
158 446.000 491.578 463.778 448.030 470.813 473.632 480.116 475.558 466.690 486.406 481.775
159 330.000 338.974 339.592 337.134 334.232 346.787 348.074 337.374 348.459 342.981 340.862
160 325.000 325.553 324.024 326.237 335.964 326.640 336.881 329.747 330.458 326.530 332.921
161 316.000 333.796 332.938 336.762 334.208 338.129 331.649 328.251 335.191 335.106 337.964
162 408.000 403.056 395.230 402.127 402.462 402.018 402.119 398.961 403.893 404.202 396.563
163 428.000 392.406 404.925 398.016 408.046 397.444 397.551 418.706 393.168 397.467 416.528
164 396.000 437.953 457.165 438.554 450.989 460.358 447.302 434.462 433.141 432.949 438.442
165 385.000 335.952 340.013 332.610 335.622 341.800 343.564 344.351 343.092 331.963 341.258
166 335.000 336.961 338.193 337.134 333.862 336.832 338.625 334.648 335.763 334.369 334.993
167 339.000 330.079 333.518 330.872 333.094 337.749 333.822 332.888 333.106 331.717 330.114
168 419.000 428.082 420.298 434.892 424.076 404.216 407.562 425.216 403.749 393.268 417.617
169 321.000 322.733 320.597 326.264 319.928 322.238 322.474 325.093 321.243 323.740 322.648
170 419.000 422.837 420.295 421.080 422.950 420.480 420.314 422.239 420.810 418.262 421.435
171 423.000 421.470 421.766 423.280 421.048 420.293 423.053 419.999 421.324 417.809 421.536
172 416.000 413.375 420.233 426.564 424.047 426.194 415.872 428.957 420.255 419.950 422.512
173 434.000 408.123 419.440 415.230 413.005 419.555 408.245 418.652 416.890 413.688 409.247
174 329.000 349.685 363.261 344.116 364.448 347.872 349.968 352.317 352.891 351.191 333.378
175 450.000 436.083 434.325 441.381 423.742 429.122 438.289 426.607 425.681 432.036 429.055
176 333.000 337.019 340.989 335.934 334.690 334.786 340.487 336.445 335.521 336.525 338.856
177 420.000 411.995 401.067 409.523 410.743 389.118 410.139 381.182 404.160 409.786 395.872
178 315.000 334.134 342.064 332.963 341.677 341.483 339.936 336.615 333.583 340.076 338.856
179 349.000 343.972 341.186 353.897 347.927 347.171 357.505 343.963 344.752 365.629 366.723
180 431.000 388.608 401.215 407.729 411.039 424.758 414.457 410.770 400.541 403.223 418.540
181 407.000 420.191 418.403 421.196 419.476 420.012 420.143 420.326 420.763 420.161 421.074
182 424.000 420.245 420.556 420.328 417.419 422.108 421.655 420.608 423.492 420.891 419.999
183 425.000 418.728 421.303 423.199 418.618 421.703 421.059 419.383 421.256 427.814 423.839
184 588.000 585.450 565.654 568.425 577.300 575.500 556.079 582.567 564.625 582.970 573.404
185 332.000 329.660 328.706 327.176 328.223 331.012 329.491 327.151 333.123 328.547 330.815
186 379.000 407.426 386.769 409.470 424.108 407.118 404.118 410.941 420.260 386.244 408.622
187 586.000 582.050 578.300 584.450 583.300 572.150 554.150 579.650 585.250 583.450 575.010
188 528.000 492.500 520.650 528.600 530.700 532.250 516.650 512.962 527.650 509.950 487.700
189 425.000 449.371 427.735 449.061 447.576 437.328 442.421 449.028 454.382 429.262 440.157
190 398.000 391.460 397.922 396.499 392.377 398.720 395.907 392.999 398.987 394.059 392.334
191 492.000 507.950 493.160 501.741 492.448 497.685 504.997 496.089 497.900 480.973 493.868
192 395.000 416.941 418.408 418.142 415.589 420.947 417.943 419.808 417.895 419.675 416.263
193 503.000 458.756 452.480 457.041 460.681 435.434 438.453 451.880 446.117 456.153 460.121
194 402.000 421.720 419.440 422.346 420.078 421.023 418.679 420.940 421.237 421.974 422.771
195 316.000 325.200 323.750 325.667 324.906 327.573 326.735 325.675 326.639 327.101 323.966
196 537.000 392.204 388.342 368.268 372.160 379.364 382.380 384.710 397.701 398.393 401.221
197 426.000 421.441 422.491 424.954 423.490 417.680 425.097 423.900 418.548 420.495 418.478
198 414.000 440.906 439.840 447.522 439.858 438.507 443.162 446.151 442.740 441.962 441.756
199 460.000 556.500 529.625 535.650 503.300 527.250 542.350 555.650 545.750 531.100 508.159
200 438.000 426.887 427.688 436.844 421.755 428.557 413.889 432.655 425.057 435.715 434.420
201 418.000 416.671 419.859 426.282 418.891 423.065 416.181 418.167 420.915 416.575 423.058
202 432.000 397.150 388.821 387.257 380.560 389.821 398.214 387.091 382.703 393.466 424.142
203 422.000 424.036 421.982 424.838 423.837 423.123 427.428 424.989 426.027 427.082 426.593
204 450.000 427.460 435.259 425.816 429.727 422.650 424.545 425.599 425.290 431.150 426.621
205 362.000 382.149 384.498 382.523 372.886 369.675 378.552 373.841 384.822 362.288 363.363
206 500.000 465.528 466.670 443.872 437.082 467.862 471.368 452.123 463.048 465.773 446.593
207 361.000 365.021 361.993 358.484 361.236 352.832 361.937 359.018 356.542 376.754 360.932
208 439.000 421.786 430.146 437.166 441.166 416.963 430.979 430.382 423.483 445.173 423.313
209 382.000 341.314 389.932 349.376 358.160 358.965 351.682 343.558 349.100 353.886 372.655
210 446.000 437.195 438.950 415.172 411.039 446.326 439.241 442.452 438.237 452.600 437.688
211 420.000 425.780 427.244 428.265 425.299 428.369 428.294 433.168 423.848 424.938 421.790
212 420.000 426.732 427.283 421.994 424.599 424.062 422.170 425.384 424.086 423.024 421.164
213 488.000 409.271 402.901 401.753 411.031 394.531 396.631 404.304 389.532 408.017 397.141
214 395.000 397.413 394.824 399.040 397.028 396.336 401.779 395.359 395.478 402.972 399.929
215 399.000 415.639 415.133 413.385 417.913 417.088 413.283 418.222 419.828 415.048 416.873
216 356.000 343.724 340.591 344.932 349.785 340.022 340.972 343.109 337.046 334.552 336.730
217 440.000 424.175 439.183 430.108 429.360 417.155 429.715 424.350 433.645 437.050 425.260
218 342.000 339.658 347.008 340.169 353.606 339.983 342.872 344.773 338.895 350.896 344.397
219 535.000 550.700 531.450 549.000 557.533 537.124 523.375 563.300 523.875 541.700 526.650
220 525.000 485.129 447.229 476.629 462.348 475.487 443.676 466.960 469.801 476.570 499.053
221 526.000 525.250 523.952 510.265 502.775 516.163 518.850 515.873 513.653 525.550 524.649
222 318.000 329.913 328.944 329.462 328.455 327.195 333.991 331.942 328.398 329.919 328.632
223 518.000 496.202 491.223 500.371 479.934 482.391 489.726 507.352 484.282 504.613 491.877
224 366.000 360.602 352.580 348.388 356.726 353.276 354.495 360.827 355.074 356.783 358.212
225 349.000 351.992 350.975 359.239 347.925 343.862 349.506 352.127 346.283 346.313 344.219
226 396.000 405.714 399.474 396.961 400.124 399.344 399.649 401.621 401.146 398.996 402.754
227 380.000 352.264 358.992 368.984 372.880 368.178 352.858 357.431 369.350 355.243 369.462
228 375.000 374.599 357.060 362.587 361.079 361.656 362.892 366.766 361.937 365.702 358.546
229 455.000 473.106 463.066 471.237 456.654 456.477 466.348 462.484 475.304 461.151 454.668
230 428.000 453.789 476.276 442.563 459.931 459.706 469.159 458.438 460.081 461.529 476.245
231 334.000 331.037 329.961 331.082 331.651 333.798 330.032 328.519 335.161 331.885 334.432
232 337.000 328.920 336.572 338.497 334.105 337.738 337.530 327.558 334.324 337.188 331.716
233 418.000 421.843 404.530 396.496 417.565 415.517 418.874 417.432 416.087 399.331 409.742
234 310.000 340.055 354.923 341.801 340.154 362.112 343.084 341.289 350.035 341.059 357.341
235 395.000 401.108 397.786 397.001 398.553 398.557 394.292 399.675 403.943 399.863 399.949
236 450.000 423.029 457.336 423.902 423.188 402.679 432.996 408.925 431.030 402.770 406.720
237 368.000 360.814 356.768 357.553 356.032 349.666 357.427 358.231 362.096 357.540 357.252
238 468.000 445.320 457.862 484.449 456.654 458.447 423.153 467.515 446.934 470.518 466.889
239 305.000 322.315 322.962 323.120 322.737 320.358 322.959 323.169 319.968 325.379 322.804
240 303.000 341.506 340.024 339.994 347.508 337.588 332.219 347.673 335.454 345.083 350.017
241 316.000 323.693 323.802 322.557 323.708 322.493 327.778 329.990 322.751 325.237 322.976
242 360.000 383.428 371.635 361.631 379.118 378.051 371.786 388.196 419.051 367.479 377.385
243 466.000 438.537 446.162 441.793 429.323 446.046 433.998 442.889 438.871 438.763 431.162
244 422.000 446.666 444.801 430.525 450.108 437.121 441.253 448.971 437.075 429.089 428.511
245 418.000 406.361 407.988 412.777 373.427 398.678 418.272 416.774 395.807 407.916 403.328
246 409.000 421.546 420.051 420.972 422.950 420.001 421.145 419.828 421.237 421.427 419.339
247 326.000 337.149 338.576 341.857 336.677 341.378 339.174 338.097 334.407 337.269 338.975
248 328.000 337.694 338.705 335.470 335.681 334.497 342.463 344.704 343.729 353.971 353.836
249 369.000 388.974 369.064 402.317 386.295 381.459 376.149 397.693 390.867 383.742 373.537
250 346.000 343.345 337.407 342.192 341.401 335.337 342.994 338.981 336.996 336.284 337.023
251 407.000 418.728 420.507 421.540 419.740 421.499 418.452 419.567 418.675 419.626 419.171
252 414.000 432.505 430.926 433.938 438.483 445.487 427.614 435.989 446.849 434.696 426.122
253 501.000 482.450 499.587 503.183 499.400 523.650 488.970 468.255 502.998 487.950 502.862
254 421.000 421.173 421.622 421.939 417.419 419.087 422.184 421.717 420.652 421.427 420.276
255 316.000 339.178 329.893 351.267 343.650 336.420 334.594 340.655 327.060 342.967 338.679
256 328.000 335.815 336.602 335.095 333.685 329.386 333.328 336.395 333.370 356.967 332.121
257 445.000 491.252 474.311 477.439 508.175 502.477 482.702 435.579 452.653 475.405 475.579
258 371.000 394.990 385.892 361.247 388.704 379.475 378.637 377.398 370.327 381.853 390.896
259 484.000 449.182 453.155 433.361 441.645 451.471 430.423 446.183 470.500 431.529 425.211
260 418.000 422.311 419.214 419.032 415.727 419.853 417.809 422.376 418.240 423.804 421.744
261 371.000 371.903 365.900 365.386 357.749 356.253 357.233 361.354 366.932 362.568 363.335
262 331.000 326.628 327.884 335.149 332.326 327.037 333.142 327.777 328.315 330.107 331.242
263 586.000 534.950 513.300 538.600 533.600 549.250 534.350 552.550 532.283 538.050 543.900
264 434.000 424.719 425.497 425.746 426.197 421.653 432.165 429.419 429.905 421.206 433.730
265 412.000 433.963 429.074 426.424 428.857 430.266 430.990 430.831 428.842 434.567 422.114
266 483.000 422.684 428.013 426.164 443.041 451.453 430.606 448.182 402.349 443.593 436.614
267 393.000 402.539 407.620 415.416 405.483 409.751 418.034 397.157 412.684 410.357 407.267
268 386.000 414.829 413.129 412.689 421.047 418.787 425.394 417.815 411.761 413.101 414.844
269 344.000 401.307 393.000 373.263 390.472 374.813 371.113 380.428 385.744 375.331 366.445
270 392.000 359.452 352.246 368.656 353.022 361.073 360.235 370.688 363.117 358.939 350.924
271 460.000 388.429 393.931 372.933 400.635 394.245 392.390 372.053 397.467 383.345 383.548
272 321.000 323.453 325.916 323.970 325.002 317.538 325.958 325.338 327.749 320.636 320.172
273 311.000 347.733 360.976 362.840 363.425 377.038 381.052 348.574 377.230 353.852 335.666
274 391.000 384.326 373.999 363.424 386.272 386.849 377.213 374.403 378.733 370.371 376.813
275 431.000 407.755 389.749 419.661 432.262 403.970 392.355 431.555 419.064 402.975 415.190
276 357.000 347.049 341.703 349.153 347.071 344.389 346.706 345.654 343.818 348.962 346.541
277 414.000 453.477 448.738 458.913 446.219 449.550 443.674 451.392 460.384 443.724 437.604
278 452.000 425.751 425.806 429.209 428.980 425.154 429.085 427.812 426.917 425.358 424.537
279 437.000 431.464 439.424 440.852 423.457 450.827 437.858 436.591 426.000 421.585 431.938
280 315.000 322.281 320.606 319.615 322.695 324.814 324.383 324.634 321.905 323.791 321.331
281 435.000 445.471 450.134 457.554 454.745 471.619 473.471 480.368 441.461 438.165 447.391
282 448.000 443.059 446.917 443.445 433.108 440.857 451.691 429.772 437.253 436.924 449.249
283 416.000 426.592 420.357 424.701 423.684 419.836 434.725 425.954 424.122 422.718 419.330
284 328.000 353.837 340.214 328.634 344.278 329.814 343.013 328.217 329.525 336.178 357.458
285 390.000 400.674 400.609 400.416 400.100 401.365 403.982 399.660 400.825 400.772 401.815
286 310.000 322.470 323.884 320.846 322.413 322.504 323.608 326.253 328.867 333.047 324.158
287 365.000 365.453 351.423 368.121 366.992 362.968 362.080 360.797 363.985 362.245 365.177
288 402.000 421.546 414.425 423.145 421.286 420.692 423.282 417.001 423.190 409.119 416.727
289 372.000 370.914 372.873 370.359 364.984 362.385 401.612 373.366 386.417 389.684 375.760
290 428.000 422.708 423.213 432.233 424.032 431.160 425.252 446.906 435.498 428.290 451.128
291 267.000 394.583 440.616 435.593 408.397 421.315 419.892 408.886 412.188 412.159 410.229
292 330.000 332.816 332.777 327.609 330.685 330.165 329.494 339.125 333.309 333.660 332.282
293 598.000 592.950 576.443 576.050 589.450 586.550 591.800 587.850 573.336 571.397 587.650
294 392.000 365.852 363.379 354.786 385.301 371.037 377.042 385.499 342.672 356.117 362.582
295 430.000 448.754 474.486 479.095 486.069 488.506 458.024 470.103 477.636 483.603 502.725
296 340.000 395.576 399.271 397.458 400.573 396.894 407.552 389.086 393.993 382.089 396.746
297 312.000 331.800 345.410 330.867 341.411 345.559 339.446 328.700 333.767 335.611 335.827
298 327.000 369.955 388.420 352.024 363.383 394.436 382.487 353.794 376.063 359.968 366.670
299 342.000 371.133 349.800 372.590 370.310 363.574 357.542 366.009 377.633 374.579 365.434
300 417.000 424.244 422.345 421.806 421.504 421.802 422.007 421.976 424.354 419.339 421.655
301 318.000 328.135 332.704 331.045 329.525 328.096 332.226 334.357 330.295 332.723 329.904
302 329.000 333.525 334.783 335.058 335.191 321.292 347.396 329.266 327.019 321.485 325.987
303 339.000 357.056 356.912 353.282 368.580 355.981 356.424 352.813 364.614 348.638 361.584
304 334.000 332.165 335.824 336.799 337.969 336.832 338.339 329.707 333.391 337.331 335.667
305 346.000 357.689 357.344 343.329 363.493 371.803 357.483 347.398 357.507 353.300 351.738
306 420.000 422.484 427.873 424.116 427.652 428.698 422.170 421.418 423.308 432.995 424.903
307 371.000 379.933 379.288 360.383 365.674 369.032 362.979 370.765 365.351 365.905 376.109
308 560.000 570.000 573.050 570.600 568.350 578.225 562.900 570.750 563.862 576.500 565.900
309 512.000 498.020 504.433 502.174 490.875 485.957 486.871 517.805 493.411 506.950 505.552
310 410.000 420.779 421.762 420.183 418.919 415.117 422.412 418.749 416.875 424.282 425.883
311 473.000 460.294 446.592 446.013 446.195 455.528 447.157 444.289 451.392 446.510 456.669
312 427.000 428.657 420.392 423.080 429.999 422.961 436.083 425.864 423.864 420.492 430.385
313 326.000 353.252 380.218 377.026 385.285 383.010 381.876 374.085 390.256 375.191 351.043
314 405.000 394.653 382.518 396.563 397.208 398.260 395.893 392.552 394.849 398.409 402.504
315 442.000 453.483 466.787 441.736 470.597 465.596 478.361 468.908 459.131 452.245 456.624
316 330.000 329.755 331.105 326.187 329.312 331.321 330.535 328.640 333.602 330.574 332.129
317 328.000 364.794 341.184 358.345 353.178 346.629 347.037 321.017 328.145 329.524 326.333
318 436.000 428.944 417.827 428.885 420.073 426.918 426.200 428.183 425.247 416.386 424.179
319 410.000 420.245 421.622 421.171 420.253 420.012 420.472 420.631 420.810 418.936 420.989
320 462.000 451.594 451.405 443.109 451.349 448.253 449.065 443.075 455.143 449.673 464.931
321 471.000 444.129 442.940 450.092 438.516 441.787 444.952 439.748 448.229 439.347 443.468
322 427.000 421.097 424.053 424.120 421.028 423.105 425.915 422.176 422.394 423.243 421.882
323 464.000 445.110 440.766 447.200 440.238 437.609 434.332 439.734 444.338 443.090 442.645
324 446.000 425.059 443.657 434.983 449.237 441.007 445.810 439.763 455.148 450.299 437.626
325 583.000 579.600 580.650 570.400 581.900 551.462 568.100 586.600 585.700 578.700 567.400
326 562.000 517.350 505.683 484.453 496.878 525.442 530.939 498.558 488.818 511.500 490.008
327 313.000 320.966 321.694 323.211 325.537 322.981 322.588 325.477 321.905 322.357 322.061
328 422.000 417.539 433.994 414.227 422.683 411.862 410.113 411.455 429.552 434.964 421.182
329 382.000 377.964 372.810 381.917 394.243 374.946 373.728 390.510 371.618 394.427 389.371
330 398.000 396.508 397.390 395.290 396.593 401.943 411.816 406.021 401.456 424.234 400.347
331 371.000 394.637 389.257 393.131 372.413 407.525 400.158 383.599 360.962 387.134 372.986
332 414.000 412.628 416.035 419.443 420.536 416.743 417.501 416.073 415.652 425.100 418.392
333 440.000 418.151 437.759 431.378 440.583 438.318 406.583 420.390 433.152 428.540 431.829
334 599.000 567.650 582.850 591.550 573.725 560.962 579.700 569.950 586.800 568.950 576.400
335 353.000 341.032 340.307 343.122 342.684 339.991 341.788 342.814 343.077 337.772 347.034
336 404.000 507.442 465.211 502.468 459.656 418.297 483.808 465.960 485.875 467.436 452.082
337 406.000 423.328 427.148 428.771 424.171 422.478 427.632 427.597 424.086 427.982 422.492
338 324.000 341.640 341.921 344.932 342.995 343.654 341.126 341.000 343.077 342.363 340.324
339 337.000 339.569 339.211 337.398 336.505 338.831 336.634 337.002 335.917 337.197 335.671
340 395.000 420.005 419.214 419.771 418.891 420.947 421.209 418.691 419.403 417.664 417.809
341 407.000 422.109 420.874 420.372 420.972 420.053 422.536 421.135 423.200 423.915 421.237
342 330.000 370.614 374.876 374.765 367.934 366.149 367.263 376.033 365.967 364.635 369.188
343 417.000 439.271 435.677 453.826 435.452 439.197 444.898 442.294 437.968 433.093 434.385
344 395.000 398.817 397.425 399.830 396.634 400.224 401.515 400.835 398.935 396.284 401.198
345 503.000 408.820 412.048 410.846 411.449 407.209 410.688 418.373 418.177 407.343 408.893
346 448.000 433.791 436.253 434.584 434.486 434.950 426.017 425.206 433.578 434.833 440.531
347 363.000 345.771 353.676 350.133 348.695 343.814 344.138 361.172 338.197 351.709 347.989
348 386.000 376.487 376.031 367.628 373.436 371.737 369.646 372.095 376.507 363.128 369.889
349 330.000 334.387 336.662 334.508 336.102 334.712 338.149 336.461 336.635 334.807 336.761
350 488.000 360.810 377.663 395.710 381.236 379.050 391.906 412.617 415.869 373.558 372.321
351 479.000 483.900 472.355 477.500 481.100 470.350 464.750 478.650 476.450 462.767 483.700
352 338.000 370.484 332.838 348.648 349.669 342.143 353.295 395.200 372.448 346.476 352.446
353 456.000 450.794 444.001 450.092 452.661 450.915 458.337 450.873 432.738 453.041 441.258
354 418.000 450.961 456.093 436.499 430.092 433.173 442.549 412.358 424.641 437.140 446.878
355 322.000 338.451 336.874 334.579 344.064 341.369 340.487 336.445 336.086 337.269 338.856
356 321.000 321.983 324.325 319.368 321.736 323.624 322.564 327.790 325.009 325.705 322.476
357 335.000 375.655 372.313 397.534 374.041 363.260 376.120 371.670 371.755 368.671 387.557
358 394.000 398.894 392.080 399.688 402.269 399.143 401.177 397.204 402.144 402.925 400.378
359 398.000 430.098 449.379 437.876 427.377 440.456 447.353 448.697 433.081 429.104 450.021
360 421.000 387.562 375.474 395.484 384.072 374.260 383.489 380.020 384.459 381.461 379.201
361 364.000 374.807 386.442 373.321 384.425 364.031 362.385 355.155 358.710 367.671 350.630
362 322.000 331.135 334.323 331.634 330.486 331.972 333.485 326.635 330.308 329.187 328.253
363 446.000 486.450 477.163 443.285 469.650 475.100 477.750 481.633 478.600 471.000 481.400
364 340.000 325.870 333.102 331.761 330.129 329.247 327.207 334.572 327.300 331.932 328.716
365 340.000 357.728 376.517 365.700 374.337 371.139 365.028 355.613 363.002 366.154 386.693
366 452.000 449.806 442.262 425.658 432.356 443.523 437.246 418.725 440.277 446.374 428.761
367 367.000 352.709 356.749 352.708 351.439 353.134 355.464 355.457 351.856 357.272 352.667
368 425.000 426.914 424.645 417.717 425.274 433.346 428.004 434.402 413.761 422.475 429.892
369 399.000 365.861 351.594 358.094 372.150 346.116 363.330 377.498 377.153 356.947 350.206
370 420.000 420.605 420.522 418.787 422.839 422.888 419.740 420.698 417.343 418.214 418.775
371 526.000 546.083 552.800 545.150 524.750 538.950 514.650 558.700 544.783 554.200 535.200
372 343.000 350.918 363.712 353.793 350.455 359.639 343.882 356.475 346.205 365.569 355.964
373 420.000 413.684 395.895 412.122 430.101 414.917 406.380 425.604 414.929 417.401 424.358
374 403.000 385.232 391.778 384.951 392.692 384.251 389.230 393.621 398.884 382.320 384.727
375 495.000 478.597 495.805 458.968 494.090 487.349 490.209 470.904 459.413 483.626 494.812
376 564.000 493.232 503.700 504.665 500.356 488.935 492.144 502.799 501.143 481.431 526.163
377 420.000 446.548 448.572 467.088 472.740 485.127 482.287 468.468 459.189 464.474 492.008
378 414.000 425.010 422.923 432.304 424.126 430.174 425.513 423.835 424.901 428.273 438.431
379 328.000 329.663 323.508 321.567 333.652 317.160 336.557 323.346 321.113 339.894 320.510
380 546.000 488.663 485.623 493.219 494.996 488.391 487.497 498.964 512.218 510.511 522.548
381 323.000 328.477 330.655 328.037 330.503 329.856 328.433 325.052 332.497 327.784 328.162
382 413.000 421.720 421.740 420.267 418.831 419.087 421.342 423.106 421.460 420.920 419.733
383 360.000 414.877 414.939 434.426 429.735 423.335 423.829 432.884 409.658 429.061 409.618
384 411.000 421.405 418.722 414.042 419.015 417.043 417.779 414.905 419.171 414.241 415.271
385 346.000 339.826 343.028 345.876 335.841 341.706 339.492 341.769 336.927 344.737 337.978
386 449.000 437.237 442.167 446.987 445.547 442.099 448.456 444.843 448.223 442.512 448.084
387 389.000 393.077 383.548 391.310 376.852 383.501 369.543 389.279 384.196 379.016 366.283
388 340.000 365.181 378.436 362.403 352.473 386.503 368.353 348.883 351.696 364.460 346.422
389 343.000 341.708 340.008 336.341 340.654 339.577 337.770 332.604 340.159 335.905 341.937
390 404.000 418.471 414.867 418.946 415.823 423.664 425.008 419.961 416.020 417.396 414.415
391 451.000 451.165 453.642 452.600 444.852 449.574 452.759 447.037 452.937 459.074 449.250
392 359.000 350.662 356.144 357.474 350.388 352.971 344.048 339.384 346.171 359.177 354.636
393 410.000 422.484 424.353 428.771 424.541 426.653 428.981 428.287 423.308 427.274 429.491
394 340.000 340.579 331.904 337.591 344.706 339.238 336.120 331.888 337.088 338.451 333.641
395 504.000 504.734 502.001 495.493 477.274 496.494 491.143 495.409 502.070 496.674 470.864
396 546.000 515.925 511.825 531.200 520.678 529.410 522.544 527.998 520.317 494.000 502.174
397 392.000 392.020 399.368 395.734 377.736 381.680 392.779 393.535 391.701 400.269 386.560
398 413.000 424.801 422.829 424.219 429.384 424.932 424.034 425.342 418.858 425.376 431.656
399 325.000 343.435 340.236 335.362 347.808 346.678 345.590 355.468 333.213 369.094 349.591
400 297.000 320.103 323.860 324.358 319.269 321.078 320.848 318.992 323.482 322.155 319.606
401 397.000 414.430 416.580 415.112 417.913 411.565 415.624 415.813 416.024 417.571 415.463
402 428.000 425.117 422.691 422.433 426.705 421.602 417.167 422.782 429.429 432.327 426.815
403 440.000 436.513 455.109 432.215 437.310 432.541 441.015 452.616 448.466 435.394 437.428
404 604.000 513.823 482.911 513.250 543.954 541.191 489.290 544.743 531.173 521.663 543.119
405 442.000 402.100 435.847 414.622 433.190 401.847 422.354 426.798 412.043 421.849 409.360
406 462.000 483.650 465.155 464.250 465.500 471.950 466.100 468.900 467.450 468.000 472.050
407 491.000 470.474 446.178 464.056 457.028 447.296 466.363 453.418 462.651 454.221 456.661
408 495.000 470.950 484.600 465.500 458.791 485.750 480.300 462.250 481.200 458.620 466.238
409 394.000 357.016 360.263 350.891 347.078 373.311 362.215 367.272 344.926 351.158 363.209
410 320.000 363.245 383.550 365.848 384.052 364.424 379.382 376.697 373.947 372.584 396.990
411 445.000 426.769 433.479 428.769 439.092 449.319 433.356 430.852 438.058 433.448 442.006
412 350.000 345.594 343.827 349.115 349.452 354.372 345.037 341.337 345.597 336.285 346.083
413 332.000 343.069 339.197 337.434 337.009 335.670 336.528 336.551 335.302 334.035 336.828
414 411.000 425.623 432.839 439.211 426.528 429.731 430.017 432.128 434.801 431.589 425.331
415 341.000 368.208 358.039 358.920 367.836 385.173 368.603 350.556 382.724 385.249 377.969
416 452.000 448.781 458.647 460.568 462.523 461.220 464.753 460.212 455.799 458.744 450.283
417 398.000 393.934 391.529 394.727 397.251 399.628 399.942 394.266 395.910 393.747 394.271
418 357.000 340.592 341.921 344.932 345.214 339.137 340.631 337.933 337.252 339.391 336.730
419 410.000 420.776 422.134 428.999 421.504 423.593 422.517 423.720 421.868 420.530 422.121
420 411.000 400.278 377.781 388.013 416.019 403.388 402.870 433.346 392.520 403.925 389.002
421 316.000 326.119 325.236 323.776 329.962 327.223 327.095 330.972 332.927 331.838 328.572
422 454.000 426.615 418.945 416.792 419.704 418.632 412.618 421.650 421.647 426.271 418.269
423 492.000 515.450 520.400 523.733 517.250 515.025 522.550 523.900 521.900 526.150 528.950
424 405.000 422.893 420.508 422.627 422.178 419.209 421.800 419.897 420.018 425.023 420.217
425 357.000 366.802 369.351 360.292 362.522 359.446 356.908 369.963 364.611 363.840 362.371
426 424.000 421.546 421.288 421.939 418.965 420.321 420.314 422.930 419.522 418.262 421.882
427 335.000 331.533 352.343 336.911 332.378 336.797 339.669 344.418 335.379 336.937 330.130
428 438.000 426.491 439.961 432.650 431.731 425.199 432.750 422.810 429.837 417.694 445.759
429 525.000 410.107 393.711 358.770 392.450 382.757 374.795 384.612 376.733 364.205 355.562
430 331.000 371.251 400.933 364.406 394.059 391.801 413.048 397.288 376.432 399.154 366.611
431 431.000 422.109 425.273 425.304 423.885 420.541 422.517 431.505 426.219 424.960 425.406
432 591.000 497.807 493.428 505.836 523.379 507.925 506.873 525.663 496.987 481.456 511.468
433 414.000 417.350 418.967 409.152 418.733 420.844 414.986 414.110 421.237 417.584 418.807
434 388.000 366.042 374.501 376.986 371.599 369.763 377.770 378.340 376.911 368.604 381.799
435 585.000 575.700 575.550 570.650 561.200 564.939 570.250 568.125 557.150 565.019 572.000
436 398.000 399.118 401.371 400.278 397.750 400.506 399.250 400.582 402.845 399.333 400.450
437 441.000 387.059 396.803 409.636 410.331 417.090 394.938 398.713 398.423 397.308 392.940
438 309.000 316.346 320.982 317.041 319.880 318.215 323.322 314.773 323.673 319.945 318.481
439 518.000 524.400 509.300 509.515 507.719 510.887 530.250 515.508 522.500 523.300 525.250
440 416.000 421.810 422.762 420.972 420.568 418.845 421.655 421.503 420.229 421.974 421.660
441 412.000 419.727 417.096 417.224 423.185 416.408 420.919 417.496 420.409 421.588 416.814
442 385.000 442.782 445.427 455.753 442.023 457.355 454.530 468.358 453.841 457.539 452.865
443 325.000 337.165 340.304 339.624 334.690 336.847 335.675 338.659 340.902 337.714 337.193
444 325.000 334.515 329.573 335.967 332.345 337.029 334.756 328.248 340.849 335.748 334.776
445 328.000 343.069 337.776 337.043 337.684 338.041 339.909 337.211 342.471 335.421 348.117
446 397.000 418.202 414.958 416.347 415.904 417.549 415.624 416.313 414.018 411.334 417.411
447 407.000 416.323 415.608 413.842 416.335 417.549 413.114 415.813 414.140 415.405 417.411
448 491.000 437.719 446.757 446.440 448.486 440.487 451.060 440.624 442.452 444.382 432.644
449 328.000 322.503 322.040 321.517 313.198 321.661 318.625 321.986 320.609 324.303 317.448
450 430.000 424.223 402.787 412.301 400.415 411.730 415.097 408.096 422.741 423.843 426.684
451 413.000 418.076 429.138 424.622 430.870 418.818 419.572 422.889 432.093 416.507 429.866
452 364.000 369.063 373.789 360.394 405.085 385.965 354.316 377.781 376.704 356.214 369.726
453 404.000 402.306 402.787 399.699 400.510 407.306 397.727 400.545 399.645 398.885 399.319
454 431.000 441.073 436.688 444.054 432.426 437.850 439.367 433.923 435.942 430.780 434.504
455 461.000 441.969 441.090 441.686 438.930 441.796 449.586 444.115 440.158 438.050 436.523
456 346.000 361.343 358.531 366.623 348.926 366.080 368.123 358.435 357.700 354.536 363.515
457 461.000 434.452 445.509 445.340 436.587 437.609 443.789 445.829 443.160 444.041 443.392
458 446.000 435.775 447.252 440.904 443.134 444.053 442.693 441.015 446.412 445.464 435.971
459 334.000 330.967 329.904 329.175 330.522 329.865 328.727 333.629 328.890 329.634 329.221
460 368.000 365.601 357.820 351.354 365.054 350.262 365.070 357.051 349.692 374.579 354.420
461 421.000 395.579 371.527 399.018 380.693 392.734 410.005 387.210 387.098 373.967 383.797
462 536.000 536.850 572.321 533.350 554.950 540.200 534.065 553.875 519.383 545.600 560.600
463 399.000 406.456 423.150 416.134 418.233 407.500 422.329 413.025 422.923 421.498 410.890
464 584.000 580.050 578.867 575.950 576.100 574.150 554.750 583.000 589.400 573.050 574.000
465 592.000 519.488 530.543 549.800 544.133 494.106 487.440 563.874 526.323 544.639 514.506
466 450.000 439.998 445.707 444.889 447.056 444.918 435.392 443.114 439.989 439.140 443.195
467 359.000 351.876 351.211 363.002 359.693 359.084 350.802 356.526 356.340 361.591 350.585
468 325.000 330.402 327.674 328.426 326.068 327.346 327.825 331.505 333.937 327.862 330.383
469 315.000 354.475 395.541 369.505 342.495 355.245 344.937 359.557 352.484 357.309 344.606
470 411.000 379.375 387.792 390.467 375.187 377.189 384.977 371.675 379.471 376.501 375.285
471 548.000 520.057 524.517 526.025 533.458 537.400 533.000 538.500 542.833 528.800 532.700
472 450.000 431.194 441.525 427.920 433.224 432.923 431.928 431.387 435.610 432.899 434.869
473 310.000 359.248 370.170 342.619 369.688 377.915 375.174 342.515 370.806 357.823 364.467
474 362.000 345.997 332.703 331.289 343.186 348.022 347.957 339.096 341.640 333.824 335.015
475 322.000 324.977 322.250 345.144 334.391 338.093 339.546 326.700 331.967 326.050 328.267
476 396.000 415.893 417.351 417.861 417.733 417.901 416.264 419.212 415.518 417.259 415.593
477 408.000 419.085 418.198 418.186 401.793 415.674 419.131 419.212 421.875 419.433 416.140
478 540.000 531.317 546.400 533.050 521.450 521.263 508.779 523.825 534.250 538.237 538.000
479 399.000 401.349 402.825 401.423 403.546 406.753 406.445 403.917 406.673 401.598 407.261
480 448.000 459.248 457.281 458.158 446.129 445.642 453.551 456.609 443.713 459.540 448.279
481 460.000 416.762 413.023 417.944 420.045 415.674 416.008 417.367 413.493 416.777 414.506
482 331.000 335.061 338.086 337.658 340.401 336.345 341.788 342.814 334.407 338.421 345.628
483 448.000 430.483 430.829 430.921 424.744 423.555 423.394 426.803 426.289 429.679 431.803
484 444.000 431.263 426.634 431.820 429.726 427.986 428.209 431.630 436.654 425.444 427.193
485 336.000 341.933 342.903 344.846 339.458 342.250 347.514 348.768 343.939 343.615 338.708
486 502.000 436.296 458.636 472.568 449.786 454.886 451.709 464.699 467.787 454.563 430.915
487 409.000 425.536 421.651 422.425 421.724 420.790 427.223 421.633 432.305 426.365 421.833
488 405.000 421.684 421.288 420.589 420.670 422.108 423.039 420.043 421.967 422.313 421.477
489 555.000 566.200 550.000 561.950 553.600 552.850 543.750 542.400 552.250 538.060 548.100
490 427.000 424.061 425.790 423.042 425.778 424.050 425.873 422.896 423.350 423.429 421.882
491 452.000 445.495 440.666 444.609 440.690 444.068 441.103 448.528 437.943 443.464 440.520
492 329.000 323.627 330.998 327.010 331.272 329.462 330.908 325.930 327.831 326.419 322.183
493 491.000 435.842 433.588 446.811 452.169 451.263 457.904 425.184 462.472 434.518 430.576
494 440.000 453.067 443.206 445.422 448.271 459.504 436.838 447.397 439.302 442.867 450.454
495 363.000 386.512 349.042 377.629 360.285 360.971 361.172 363.746 336.456 360.403 358.663
496 432.000 423.849 431.916 425.792 435.844 420.715 408.091 436.388 424.874 416.826 426.804
497 514.000 487.570 483.805 459.284 487.217 471.103 501.534 459.414 477.539 504.524 492.527
498 536.000 530.900 545.550 543.200 521.745 549.250 546.200 555.550 551.900 542.050 539.458
499 462.000 445.379 434.905 432.876 433.472 437.833 437.296 434.903 433.503 434.570 434.770
500 510.000 496.002 508.950 510.393 520.145 548.758 550.150 524.300 519.929 511.615 527.971
501 357.000 364.278 376.697 380.506 387.436 370.061 373.486 375.937 373.406 381.165 386.685
502 418.000 419.669 422.156 420.711 424.470 421.801 424.143 419.528 419.051 419.059 420.847
503 406.000 439.543 432.322 452.438 450.422 442.951 438.620 442.673 446.975 447.852 442.099
504 464.000 414.227 429.098 439.697 437.568 447.421 432.043 413.562 451.699 438.852 446.561
505 400.000 400.512 401.749 399.365 399.206 401.232 399.081 399.680 399.358 399.228 399.763
506 400.000 314.176 326.738 324.496 317.603 327.762 315.457 315.948 321.776 318.412 312.711
507 333.000 349.361 348.485 347.483 346.654 342.162 351.984 354.508 347.540 350.662 356.951
508 452.000 437.588 454.314 432.364 429.144 436.073 437.348 433.756 434.643 433.804 426.442
509 586.000 540.400 546.375 550.700 551.571 545.100 555.633 557.750 557.620 574.750 549.900
510 461.000 441.165 430.641 433.469 445.303 434.301 437.369 440.949 435.882 437.739 441.153
511 606.000 511.823 477.939 528.705 585.270 492.506 547.642 528.706 531.722 518.582 492.274
512 338.000 372.440 390.715 408.799 395.844 405.258 392.077 386.039 408.727 417.489 393.263
513 368.000 367.175 363.937 373.399 377.201 377.265 371.187 377.190 378.762 380.028 374.595
514 442.000 424.483 431.977 428.982 433.081 428.730 429.809 431.192 447.748 434.187 437.190
515 417.000 420.354 418.157 419.158 415.935 422.833 425.856 414.981 422.164 419.272 428.792
516 328.000 329.552 335.336 330.411 331.535 333.632 332.445 331.202 330.899 333.283 334.325
517 477.000 456.249 461.115 459.327 458.023 461.135 465.343 448.113 447.585 457.164 469.418
518 350.000 335.207 338.122 328.398 325.563 333.502 335.014 339.777 331.925 337.364 337.081
519 421.000 418.306 420.507 419.675 412.136 418.671 419.131 420.065 419.727 432.503 413.408
520 592.000 542.900 551.650 553.000 552.800 560.675 565.200 590.300 546.400 551.625 557.700
521 422.000 437.103 435.463 432.279 438.645 445.747 436.847 433.632 441.076 438.971 433.801
522 473.000 450.260 461.947 456.324 456.053 463.832 459.707 473.265 441.667 448.048 454.664
523 567.000 530.600 557.983 567.000 558.863 546.589 543.925 559.888 562.050 569.400 559.762
524 425.000 445.331 450.551 425.402 428.718 438.356 429.917 436.282 439.609 431.358 431.969
525 429.000 440.460 429.729 448.315 456.537 438.090 450.186 432.179 451.015 431.009 427.828
526 351.000 341.092 341.472 339.828 340.832 343.097 338.420 339.323 342.437 347.777 338.348
527 416.000 422.088 426.290 425.564 422.773 419.498 434.097 422.481 423.886 428.232 423.776
528 354.000 343.535 342.041 348.681 342.949 349.266 345.808 341.320 345.145 346.638 353.469
529 524.000 521.250 528.500 522.400 523.464 532.800 528.900 531.450 520.083 530.881 525.750
530 334.000 356.311 343.246 363.382 351.336 368.725 352.373 341.219 356.707 348.735 365.522
531 462.000 427.744 440.431 429.689 434.924 439.738 438.413 432.286 432.276 426.466 435.146
532 477.000 423.084 432.300 444.609 434.069 437.668 432.868 432.690 428.232 435.422 447.020
533 528.000 516.682 502.434 495.916 491.283 508.377 500.646 483.369 489.219 513.600 482.559
534 335.000 349.073 342.501 337.303 324.567 332.289 333.962 345.152 332.355 336.582 335.110
535 323.000 330.922 347.005 336.739 332.897 339.173 327.719 335.421 335.774 330.508 328.178
536 412.000 426.846 427.106 432.290 429.364 430.731 425.513 423.015 424.111 429.869 438.131
537 551.000 561.150 569.850 545.800 552.650 555.000 563.212 565.500 571.900 552.500 560.200
538 406.000 417.153 417.525 419.697 414.010 419.115 417.466 418.155 416.404 416.660 419.713
539 502.000 494.950 506.150 501.350 500.700 519.188 508.525 514.750 504.402 507.900 499.400
540 415.000 415.885 412.349 413.231 412.289 417.980 406.434 419.528 419.828 411.714 407.015
541 336.000 330.522 328.336 329.139 328.859 328.879 329.561 326.427 331.455 330.184 329.587
542 312.000 332.949 329.459 326.291 325.079 335.887 331.874 333.315 331.303 332.686 328.851
543 330.000 328.998 329.904 334.093 331.820 331.053 330.625 331.397 328.662 330.087 330.154
544 508.000 374.661 368.453 376.811 374.217 394.164 391.742 364.312 378.326 382.759 370.229
545 588.000 570.600 560.745 581.250 583.750 546.875 565.450 582.100 549.875 560.250 573.500
546 410.000 421.871 426.702 440.655 421.899 425.052 422.781 423.250 422.431 431.193 423.861
547 540.000 538.200 531.075 538.575 533.650 534.425 543.950 527.486 539.150 519.883 530.700
548 362.000 356.640 363.405 359.391 356.307 360.318 364.545 365.356 351.553 360.189 362.376
549 404.000 399.731 400.074 401.075 402.305 403.984 404.241 403.742 403.464 402.974 403.086
550 370.000 356.706 357.626 351.191 354.672 353.894 355.514 350.875 360.058 357.209 354.953
551 482.000 378.405 388.401 385.681 400.497 398.645 407.925 378.940 393.548 386.487 405.025
552 398.000 401.045 399.757 399.448 399.143 399.430 399.262 400.060 405.286 397.228 397.681
553 466.000 436.643 426.007 449.628 448.920 460.729 432.824 454.431 449.696 439.514 443.169
554 405.000 420.446 422.110 415.571 417.701 418.108 418.263 417.496 418.505 421.588 417.037
555 576.000 528.107 560.300 550.900 547.850 550.150 545.173 557.350 554.367 553.350 562.950
556 457.000 420.245 417.370 412.449 422.572 420.180 420.314 416.258 419.031 412.047 419.339
557 478.000 453.933 461.723 455.540 445.641 439.196 447.157 453.938 457.819 455.021 448.036
558 431.000 425.764 443.936 435.744 431.697 427.658 427.310 428.747 427.939 434.778 428.564
559 411.000 361.642 346.982 343.347 352.846 351.111 349.337 372.845 345.716 350.260 344.106
560 409.000 423.224 416.770 424.494 420.886 427.827 426.613 416.073 418.741 421.697 423.655
561 375.000 367.841 361.834 364.306 363.900 361.612 371.752 369.033 369.677 365.864 367.855
562 400.000 399.341 403.698 409.683 441.044 429.813 404.017 434.846 428.465 405.020 423.973
563 331.000 327.630 329.983 329.544 329.361 327.996 325.640 330.165 329.804 327.228 326.492
564 412.000 432.271 424.949 431.840 434.357 447.299 447.952 425.121 432.280 423.653 435.672
565 485.000 472.150 470.250 492.550 474.200 478.239 480.900 456.705 475.695 471.050 477.175
566 407.000 420.776 423.367 424.516 422.572 424.787 421.936 421.062 421.592 423.915 422.121
567 405.000 423.136 414.690 423.431 422.281 421.513 425.155 416.824 424.396 421.019 416.490
568 406.000 399.123 399.430 399.551 399.936 400.827 400.383 398.738 402.093 400.169 395.562
569 342.000 338.381 340.814 342.273 339.857 340.498 340.815 339.786 342.163 346.263 341.134
570 321.000 326.628 335.296 337.290 329.295 330.283 333.186 334.712 328.850 330.918 327.570
571 361.000 366.272 384.619 349.967 399.539 383.598 365.807 363.220 397.920 363.826 358.667
572 387.000 363.822 374.245 367.628 373.359 373.746 365.410 375.954 371.788 365.222 372.583
573 323.000 334.545 334.331 331.045 330.749 335.757 327.430 334.357 330.435 331.369 328.162
574 390.000 417.474 411.891 410.846 421.073 420.621 418.118 419.035 411.685 410.907 408.228
575 440.000 459.758 443.239 468.989 453.446 448.097 467.898 464.036 460.031 466.025 445.408
576 332.000 340.871 350.559 344.571 356.130 340.761 340.582 341.380 336.603 336.002 343.337
577 456.000 448.007 455.063 454.452 462.363 448.253 457.624 453.074 461.818 454.224 452.402
578 488.000 396.687 382.065 369.867 382.357 372.178 372.790 382.960 391.003 411.736 405.257
579 332.000 364.275 360.136 346.863 358.888 378.057 347.027 344.875 345.113 372.700 350.075
580 316.000 325.756 329.862 323.533 327.235 325.451 330.582 330.799 326.219 328.956 324.217
581 459.000 430.197 438.119 445.620 434.843 444.873 442.380 439.999 446.116 440.413 434.529
582 335.000 336.465 326.906 320.855 342.752 327.263 342.709 328.963 341.338 329.256 325.178
583 332.000 330.317 329.253 338.312 332.371 333.745 335.441 332.555 335.399 331.641 331.649
584 459.000 468.450 479.100 486.600 472.170 472.050 473.300 480.333 474.650 460.917 466.838
585 396.000 424.443 426.693 421.273 414.742 421.444 431.595 423.150 423.037 426.036 417.250
586 489.000 482.670 478.802 487.088 478.156 489.391 472.630 487.896 483.446 483.082 479.349
587 417.000 422.610 422.443 420.202 421.712 425.287 421.145 421.148 420.810 420.891 420.989
588 404.000 400.328 400.264 403.014 402.473 405.091 400.577 403.144 402.942 398.709 404.952
589 400.000 418.261 427.583 415.539 403.394 422.562 407.305 416.665 407.539 410.506 416.069
590 357.000 358.235 356.962 357.417 364.235 357.789 360.451 357.949 357.053 351.598 357.216
591 437.000 401.298 447.400 428.282 407.359 403.427 414.903 417.495 396.455 401.130 390.913
592 542.000 534.700 525.325 533.000 535.467 523.500 538.817 529.737 541.400 516.810 521.950
593 419.000 422.523 422.273 422.818 422.950 422.610 422.007 424.110 420.827 423.183 420.276
594 350.000 351.650 350.737 380.841 382.469 354.941 363.975 354.482 344.385 346.314 358.275
595 424.000 428.627 420.986 436.734 428.327 429.254 427.683 423.812 425.386 446.097 425.297
596 443.000 446.683 416.990 416.168 435.681 416.633 423.328 419.907 404.155 426.869 421.198
597 439.000 417.983 429.199 430.539 429.373 433.782 422.531 434.351 431.418 427.614 436.261
598 324.000 335.478 330.038 335.320 329.686 331.487 331.438 327.776 333.680 335.539 335.625
599 311.000 328.094 329.135 325.356 329.103 328.403 333.292 326.100 326.056 330.708 328.512
600 331.000 328.673 330.326 332.572 334.408 330.480 329.561 325.927 328.890 329.667 330.321
601 428.000 409.650 397.060 406.316 402.511 408.575 404.485 405.004 400.973 403.996 410.170
602 400.000 420.373 420.819 419.859 420.635 421.338 418.981 420.479 418.240 426.142 419.019
603 309.000 325.899 323.417 325.692 324.831 327.168 324.365 319.618 325.310 324.563 320.335
604 375.000 363.639 355.341 362.398 350.317 368.165 358.247 348.780 360.002 353.288 355.844
605 450.000 421.517 425.134 426.042 424.985 423.984 425.516 424.312 425.025 426.121 425.682
606 388.000 416.188 410.510 418.291 425.611 410.739 425.394 417.005 422.496 416.526 419.401
607 323.000 385.729 407.023 377.757 386.613 388.120 383.273 410.092 389.250 377.453 419.052
608 448.000 427.682 433.325 437.458 434.892 434.258 432.862 446.151 436.571 434.545 436.324
609 372.000 362.454 372.854 369.651 354.413 367.015 357.127 362.011 361.649 356.544 359.627
610 328.000 334.791 331.428 328.483 339.938 333.417 332.463 342.850 336.923 332.073 332.039
611 460.000 474.442 456.635 485.936 481.167 471.692 474.900 463.659 479.670 476.117 465.587
612 504.000 503.506 483.402 497.728 490.292 514.697 496.857 524.600 507.414 498.768 527.383
613 433.000 424.958 437.942 430.243 428.488 433.605 430.637 433.448 428.864 436.245 431.677
614 564.000 563.300 570.650 569.450 564.700 573.671 548.900 570.900 565.400 549.750 562.809
615 439.000 378.341 386.930 382.665 385.595 374.013 384.719 379.200 392.500 392.918 368.539
616 440.000 413.886 408.252 440.717 427.916 412.325 413.245 432.146 411.075 425.496 449.455
617 484.000 470.830 475.157 473.725 479.487 486.689 488.648 480.056 471.758 467.285 467.236
618 396.000 397.855 401.633 401.408 396.917 398.741 397.210 398.544 403.869 398.334 392.445
619 435.000 420.651 423.799 422.627 422.950 420.541 421.831 422.176 419.031 421.738 423.439
620 397.000 427.525 412.669 412.414 476.716 398.261 411.448 378.306 452.486 421.201 477.457
621 420.000 429.362 427.106 432.375 421.537 432.652 422.913 429.183 423.864 429.869 431.215
622 408.000 455.248 496.000 445.261 447.765 449.229 473.871 466.632 477.049 458.856 463.271
623 437.000 433.155 432.912 429.276 423.333 426.781 425.526 423.421 426.906 427.271 425.039
624 406.000 362.601 382.445 388.759 379.646 383.005 391.238 372.144 379.236 395.598 367.158
625 393.000 433.469 444.441 433.742 454.932 426.718 436.828 437.073 442.017 438.019 436.424
626 452.000 440.438 441.661 451.604 444.795 440.655 439.451 436.192 440.719 435.600 440.738
627 466.000 438.855 428.109 434.073 433.095 415.063 426.685 427.223 437.102 428.962 434.789
628 410.000 453.029 443.333 420.534 454.182 435.070 444.207 427.295 435.204 443.274 454.782
629 447.000 431.332 429.173 429.788 424.326 430.408 423.689 428.237 429.553 435.926 426.093
630 487.000 435.626 435.038 434.745 436.265 432.244 433.850 434.129 434.123 438.814 432.807
631 420.000 436.145 423.853 434.291 429.627 435.033 428.899 421.747 440.423 417.931 420.557
632 565.000 568.783 556.750 569.600 569.760 566.150 565.650 571.300 571.750 564.263 564.027
633 309.000 323.775 327.674 328.445 324.238 326.355 325.697 324.760 328.495 325.993 326.013
634 437.000 421.923 419.355 418.307 427.914 423.521 437.092 436.903 412.753 415.262 414.718
635 481.000 455.562 463.738 462.393 460.748 457.962 462.375 460.161 458.573 459.598 452.819
636 390.000 414.983 415.348 422.787 416.303 415.294 422.821 415.460 420.177 414.186 413.526
637 329.000 340.892 343.165 344.932 340.135 344.543 346.075 338.250 342.788 342.252 339.595
638 349.000 340.862 341.794 339.350 340.935 342.735 346.228 342.497 336.970 340.561 339.803
639 336.000 341.756 344.906 340.148 337.153 337.067 337.270 338.381 338.915 339.588 340.428
640 550.000 459.337 462.680 449.707 394.542 469.040 434.236 370.637 430.795 403.433 445.151
641 315.000 321.739 321.555 319.615 324.936 322.046 319.216 324.734 322.770 325.852 322.865
642 420.000 417.387 424.596 417.553 408.841 416.992 419.661 416.579 427.695 417.104 418.960
643 466.000 442.105 437.959 436.253 429.323 448.543 442.317 431.374 438.379 445.709 437.239
644 315.000 328.777 334.181 333.156 342.283 354.494 347.719 345.365 341.961 338.745 342.021
645 345.000 349.127 351.024 342.618 358.772 339.610 342.055 347.101 333.894 357.445 338.639
646 451.000 430.486 419.165 418.612 420.966 421.737 432.903 420.602 408.262 411.453 407.753
647 337.000 369.218 359.498 359.128 377.886 385.426 354.061 369.063 392.429 367.998 370.277
648 439.000 432.993 430.647 431.260 426.508 428.111 427.509 425.667 425.012 429.605 430.254
649 330.000 327.775 329.954 327.928 327.970 329.856 328.435 331.220 331.303 331.369 326.338
650 538.000 531.850 547.875 535.450 541.600 528.800 533.564 527.700 545.800 538.392 549.650
651 326.000 342.134 394.993 412.859 387.011 383.992 358.742 371.486 358.560 406.128 383.378
652 392.000 369.348 374.932 381.609 378.935 394.445 363.752 382.421 379.940 402.857 378.905
653 366.000 380.362 374.821 381.411 374.967 377.806 398.075 373.473 380.126 401.835 382.674
654 318.000 343.134 348.476 346.456 348.896 334.377 354.586 330.759 351.646 335.486 364.217
655 561.000 509.507 507.650 524.834 529.650 517.000 514.657 519.575 540.150 531.500 519.100
656 436.000 451.480 461.709 443.113 439.902 461.938 454.463 445.622 462.166 440.795 464.956
657 463.000 456.422 450.198 460.416 461.907 455.499 451.562 457.445 445.855 456.316 456.436
658 348.000 340.550 339.579 340.798 341.675 344.308 341.126 338.943 340.600 339.391 338.468
659 313.000 335.865 338.543 336.102 341.677 336.580 341.482 338.659 340.902 331.676 338.198
660 451.000 457.484 450.148 437.238 439.129 453.380 451.865 446.545 455.154 432.717 450.980
661 384.000 371.064 370.312 368.957 370.137 376.227 368.995 372.468 389.566 366.859 370.133
662 459.000 434.822 438.075 423.823 438.069 426.189 450.306 428.409 437.163 429.435 429.891
663 421.000 375.684 365.787 366.786 370.821 372.640 382.587 391.696 363.501 385.735 390.593
664 481.000 448.351 455.671 453.144 449.750 449.947 460.522 457.540 451.350 442.525 446.710
665 320.000 337.218 335.278 339.162 331.623 341.819 335.133 337.690 329.411 334.730 331.354
666 310.000 355.172 414.850 382.556 385.277 407.703 430.320 411.473 365.625 412.030 399.571
667 402.000 418.728 417.377 418.819 416.440 420.293 417.836 418.691 418.328 416.889 418.392
668 530.000 437.065 445.077 440.834 434.320 429.174 438.686 428.549 448.749 442.545 413.477
669 583.000 548.800 541.900 546.400 511.150 529.100 548.200 512.792 535.200 539.750 549.450
670 421.000 422.111 421.238 422.926 425.035 420.658 425.237 422.813 419.528 423.557 422.150
671 415.000 428.267 428.360 444.287 425.783 426.823 434.097 417.331 423.886 422.585 427.992
672 387.000 407.253 413.129 420.220 412.686 418.449 423.584 420.617 417.626 416.288 412.492
673 584.000 528.050 534.125 561.450 551.250 536.714 539.304 543.564 575.450 546.050 548.000
674 307.000 326.731 328.251 324.043 328.145 326.290 325.064 329.729 328.168 326.303 327.520
675 424.000 418.972 418.601 421.246 420.639 422.888 419.224 420.648 420.490 427.492 418.906
676 449.000 427.545 440.712 432.394 430.658 427.524 428.466 430.793 422.485 419.477 431.131
677 610.000 483.346 488.028 519.641 460.035 519.836 497.380 505.127 467.990 509.671 465.140
678 505.000 511.517 503.475 505.549 497.152 492.986 498.389 503.625 505.317 510.660 488.384
679 408.000 402.838 401.992 401.237 403.469 400.890 402.254 403.382 402.835 402.192 402.274
680 377.000 378.107 359.223 365.894 367.970 394.931 388.140 362.925 386.824 366.673 380.578
681 502.000 436.354 430.910 426.950 440.264 429.769 422.185 441.725 442.775 430.835 425.642
682 319.000 335.533 348.191 363.592 338.519 350.657 345.990 380.773 358.301 361.305 326.938
683 394.000 398.323 399.343 397.872 394.793 399.980 397.970 398.488 400.033 395.051 398.991
684 290.000 327.433 332.334 332.142 326.730 336.716 332.867 332.425 335.386 344.636 328.505
685 407.000 419.170 417.852 414.759 416.780 419.739 417.362 417.367 413.493 419.565 417.776
686 444.000 428.787 425.285 424.584 424.198 424.252 426.050 429.146 425.513 428.602 425.682
687 322.000 330.922 332.997 338.104 333.043 335.111 335.827 335.484 336.110 332.632 335.928
688 331.000 339.518 342.826 341.131 334.234 335.152 332.805 340.808 339.664 345.456 336.172
689 402.000 373.016 382.297 361.006 385.389 351.635 381.214 369.104 386.317 375.928 369.415
690 320.000 331.144 331.625 332.458 327.721 326.863 325.853 331.304 333.586 328.524 330.784
691 386.000 360.857 360.345 359.193 359.683 358.954 350.775 356.990 355.265 354.650 364.348
692 364.000 423.788 418.197 423.805 429.712 419.572 426.211 418.706 420.524 421.316 424.013
693 328.000 331.080 331.674 333.255 333.854 336.259 333.117 332.411 337.507 334.464 332.600
694 312.000 322.815 322.423 329.110 317.345 327.926 322.773 327.373 324.030 323.864 327.405
695 378.000 362.454 354.913 378.034 359.470 357.476 357.674 363.013 350.038 365.437 363.267
696 331.000 339.707 346.078 341.450 346.334 338.257 341.927 337.933 337.617 340.077 339.110
697 330.000 321.715 325.558 327.691 322.133 348.567 321.589 339.728 321.756 318.240 319.091
698 451.000 424.766 429.999 432.190 430.183 432.103 415.543 428.505 426.358 428.761 426.636
699 313.000 387.830 385.604 373.742 390.070 396.545 398.440 396.706 400.351 403.731 392.868
700 408.000 420.042 420.604 422.346 420.253 420.743 422.351 415.328 422.338 417.923 420.942
701 440.000 440.951 432.428 433.909 418.363 445.435 438.081 411.025 426.177 434.386 432.426
702 375.000 374.269 354.348 364.202 363.528 363.272 368.639 364.300 371.158 364.966 373.140
703 462.000 457.065 455.350 486.907 464.202 467.288 441.387 459.909 454.950 460.669 458.256
704 450.000 429.063 426.613 432.405 425.730 435.673 433.516 431.987 420.686 419.052 428.412
705 417.000 417.825 418.590 421.897 423.381 419.877 422.162 420.322 416.580 419.084 421.306
706 452.000 425.418 427.740 430.640 425.377 423.220 428.214 430.169 423.530 427.271 425.831
707 526.000 535.700 521.933 527.150 534.204 526.150 519.438 522.712 528.438 528.450 524.050
708 460.000 438.991 440.371 437.906 422.511 438.668 414.441 409.780 438.779 434.787 418.754
709 428.000 424.184 434.656 429.125 432.432 429.385 425.153 427.903 421.814 423.775 422.662
710 310.000 381.832 406.028 399.123 391.480 388.227 384.861 398.892 380.439 387.640 360.384
711 412.000 416.161 414.974 421.246 419.211 420.688 419.131 420.698 414.985 419.730 414.422
712 320.000 331.984 332.868 330.598 338.781 330.580 345.593 333.190 333.745 334.365 333.459
713 468.000 459.766 463.338 463.454 465.469 460.739 470.894 459.428 457.295 459.431 465.400
714 316.000 323.216 327.127 329.584 338.498 326.322 330.395 323.656 328.738 321.672 324.937
715 602.000 582.300 580.100 583.200 593.400 590.850 592.400 590.550 575.736 590.300 578.900
716 328.000 336.239 350.257 343.412 343.640 340.613 343.573 360.933 342.917 342.813 353.401
717 579.000 491.150 532.200 511.800 518.567 518.250 496.950 525.800 527.700 518.000 520.675
718 354.000 341.373 350.699 358.963 341.563 346.628 344.157 350.222 349.271 341.615 347.358
