data_index lambdaa.observed lambdaa.predicted.repeat1 lambdaa.predicted.repeat2 lambdaa.predicted.repeat3 lambdaa.predicted.repeat4 lambdaa.predicted.repeat5 lambdaa.predicted.repeat6 lambdaa.predicted.repeat7 lambdaa.predicted.repeat8 lambdaa.predicted.repeat9 lambdaa.predicted.repeat10
1 342.000 336.939 342.088 322.430 329.755 323.509 331.968 336.297 339.134 319.930 322.601
2 336.000 366.752 362.687 359.528 357.858 361.903 363.426 370.337 373.525 369.136 361.499
3 434.000 402.271 407.105 398.992 393.656 411.412 415.627 408.388 399.749 411.531 403.817
4 320.000 325.310 326.169 321.447 332.880 320.527 328.572 332.975 326.400 321.946 325.524
5 317.000 349.112 350.873 358.043 356.771 351.673 345.744 362.308 347.067 352.068 360.948
6 432.000 447.845 460.917 452.553 460.413 456.894 462.452 460.002 461.430 454.434 449.334
7 419.000 416.602 417.841 420.852 421.802 420.003 416.809 421.238 417.159 420.724 413.451
8 554.000 511.248 518.277 519.552 495.177 510.498 513.064 522.038 531.584 518.830 515.864
9 438.000 437.872 440.118 433.639 439.489 424.590 435.061 472.634 434.335 436.408 438.311
10 315.000 327.039 327.261 325.128 325.932 331.568 324.999 328.669 327.691 330.608 325.256
11 325.000 366.851 361.900 370.163 378.757 365.313 373.318 393.678 376.278 367.313 386.769
12 492.000 397.200 434.094 398.868 401.540 417.599 401.356 423.670 400.683 393.763 423.347
13 370.000 380.685 372.154 388.687 398.067 388.877 385.146 374.323 378.566 391.242 380.411
14 424.000 419.573 418.685 420.038 417.910 418.216 418.441 415.129 424.943 419.252 420.397
15 400.000 408.656 403.129 403.363 405.566 408.891 406.248 403.444 407.925 401.567 410.101
16 406.000 407.969 403.045 396.290 399.282 390.446 392.403 395.945 400.717 406.362 402.247
17 429.000 401.693 409.064 414.846 401.947 412.102 413.998 415.217 419.022 403.028 404.020
18 450.000 422.471 418.864 440.617 421.578 419.435 423.518 412.787 419.714 428.901 440.199
19 342.000 347.277 347.786 360.789 351.154 361.384 354.164 350.907 349.269 342.953 345.766
20 302.000 361.919 349.345 360.718 358.933 361.806 356.605 345.873 360.183 348.042 358.718
21 437.000 430.926 408.632 405.103 423.347 426.765 421.043 428.531 423.625 420.053 419.695
22 407.000 415.583 407.828 413.963 414.395 414.975 408.979 408.771 411.093 410.989 410.336
23 384.000 392.832 407.462 385.282 389.887 381.424 388.948 389.502 394.745 402.207 394.023
24 371.000 411.863 402.236 392.247 397.082 396.844 381.633 402.006 407.747 382.198 390.103
25 417.000 379.368 372.871 381.292 381.106 364.828 382.860 380.770 372.557 390.998 386.474
26 425.000 413.961 411.434 415.717 411.240 414.651 413.704 408.884 412.652 414.228 412.407
27 350.000 376.104 359.889 371.193 364.227 359.242 364.462 355.905 346.672 350.109 346.404
28 444.000 400.283 403.171 399.111 410.421 407.624 401.248 406.248 395.320 398.075 389.821
29 379.000 406.866 401.131 413.300 384.262 406.662 390.342 383.747 400.217 436.176 399.123
30 400.000 409.027 416.716 406.437 416.639 418.678 415.663 410.596 418.352 415.489 407.669
31 378.000 389.194 397.956 408.486 400.170 401.565 398.014 392.315 391.006 391.374 399.723
32 364.000 389.380 376.439 381.218 390.104 400.804 381.095 383.403 389.476 398.321 383.523
33 360.000 364.454 363.279 365.853 364.298 362.380 364.641 354.499 362.535 362.750 361.302
34 382.000 372.966 374.440 376.456 397.985 408.207 391.334 404.459 389.659 405.606 408.113
35 527.000 466.869 497.630 468.209 506.432 475.986 499.759 487.871 495.769 464.361 481.292
36 408.000 409.717 405.136 396.047 401.372 408.323 395.722 400.464 406.269 401.980 407.000
37 421.000 381.378 366.181 390.949 367.771 361.333 371.376 369.430 386.704 369.913 367.418
38 346.000 355.068 355.873 352.812 354.812 370.105 345.407 350.145 365.839 357.531 357.394
39 478.000 498.254 512.165 482.503 441.616 490.339 489.696 489.596 449.985 475.413 484.105
40 420.000 426.589 440.843 430.653 439.329 446.117 431.694 434.563 443.265 432.889 427.833
41 430.000 414.616 418.792 414.060 426.680 409.832 420.131 411.659 410.626 420.882 420.276
42 623.000 547.147 551.817 540.879 547.428 540.806 530.475 550.257 552.251 537.888 550.921
43 457.000 418.967 422.461 428.055 417.996 428.834 425.270 421.108 423.724 413.860 428.142
44 424.000 445.984 444.870 450.670 444.498 434.417 439.785 443.432 449.943 454.853 455.133
45 456.000 424.618 433.098 415.705 438.626 424.281 423.308 426.687 427.084 416.032 428.968
46 411.000 401.626 419.326 408.064 403.845 399.250 393.240 405.382 399.831 403.039 410.746
47 413.000 413.697 414.483 411.227 411.885 413.247 406.602 400.641 424.407 410.610 400.040
48 332.000 366.565 372.247 372.154 362.592 369.203 355.430 364.716 357.279 366.328 355.043
49 489.000 476.142 463.155 483.559 460.996 466.081 466.506 471.843 463.507 462.710 475.645
50 425.000 426.630 390.193 426.252 400.729 404.544 428.601 395.190 418.896 417.266 420.553
51 359.000 398.782 396.541 397.434 403.227 387.343 408.136 393.088 385.248 399.674 398.886
52 418.000 407.998 414.247 414.414 403.503 403.691 404.332 410.060 416.205 402.649 414.516
53 325.000 324.848 330.574 324.224 330.549 326.809 324.687 321.799 336.516 327.221 331.961
54 447.000 423.444 419.091 423.758 421.101 417.971 417.994 415.516 423.481 413.889 418.723
55 464.000 469.127 446.572 466.776 461.901 477.650 479.461 472.493 472.630 460.915 465.432
56 431.000 419.288 422.539 423.652 417.328 412.705 421.369 419.688 415.954 418.297 420.194
57 332.000 372.563 363.928 371.568 362.296 375.922 366.264 357.373 358.450 391.361 361.072
58 329.000 411.465 415.891 411.736 412.406 410.462 402.084 408.268 411.847 407.513 407.446
59 315.000 328.539 330.929 325.661 327.672 324.005 329.697 324.962 329.100 324.986 323.656
60 396.000 409.173 401.665 405.966 413.843 408.275 411.336 410.333 406.616 402.192 401.883
61 390.000 365.659 358.054 373.089 360.951 375.574 371.258 360.231 362.257 366.437 370.917
62 423.000 416.001 417.344 415.151 429.439 422.012 412.778 412.091 413.653 411.333 427.003
63 430.000 421.837 423.786 419.938 414.242 393.123 412.714 403.079 430.964 416.032 420.433
64 429.000 421.939 400.548 413.966 426.265 408.142 430.333 426.697 425.781 421.239 417.800
65 467.000 421.119 435.127 412.712 414.109 419.274 419.163 421.427 423.658 421.889 409.528
66 602.000 562.624 538.339 569.077 540.021 560.551 538.707 535.793 540.820 562.483 534.659
67 461.000 424.119 414.604 411.919 427.739 395.208 424.267 413.031 430.009 417.971 432.175
68 342.000 350.079 346.815 346.643 348.848 356.501 352.360 348.497 352.797 342.818 355.498
69 545.000 476.445 394.920 462.079 431.532 451.523 469.810 465.125 474.569 491.154 476.071
70 415.000 419.345 415.916 412.091 417.360 413.731 416.118 415.626 418.585 418.153 418.942
71 365.000 383.644 402.560 389.944 391.669 387.279 400.788 386.363 395.387 395.547 394.461
72 429.000 420.796 413.823 411.079 416.488 401.329 420.297 415.590 401.494 414.609 415.244
73 336.000 348.100 342.825 356.363 353.382 351.351 349.668 351.743 348.396 340.104 356.289
74 302.000 349.873 347.046 349.073 351.720 350.351 358.292 358.142 350.803 348.502 351.006
75 426.000 413.653 428.309 410.400 414.079 418.846 416.917 424.707 420.508 418.206 415.991
76 364.000 376.711 373.600 391.341 391.250 380.547 368.662 378.381 384.822 379.178 374.213
77 451.000 403.163 405.499 397.988 404.653 402.525 409.143 400.995 401.354 396.236 389.821
78 573.000 552.225 559.157 536.709 532.844 533.597 535.180 547.135 539.769 550.635 540.121
79 447.000 413.785 416.241 412.740 421.212 412.138 414.048 417.600 415.483 417.545 411.168
80 322.000 352.828 363.584 369.975 358.987 364.240 371.328 369.665 356.297 358.508 360.659
81 586.000 561.650 541.537 573.657 554.878 539.419 556.857 568.595 543.026 557.043 509.160
82 459.000 412.868 409.200 411.635 419.563 406.867 418.668 402.880 409.165 406.218 425.002
83 405.000 422.897 421.650 418.435 423.315 418.902 415.273 416.919 418.450 415.430 418.020
84 434.000 422.118 418.035 417.412 427.235 417.461 418.669 419.387 421.957 416.890 423.891
85 441.000 449.641 456.792 463.207 455.960 465.318 453.572 444.790 461.914 476.601 448.671
86 403.000 419.098 416.831 416.522 417.050 419.842 419.306 414.167 416.464 416.634 413.942
87 450.000 424.965 407.655 426.708 417.859 422.599 421.115 418.369 428.285 426.183 417.399
88 372.000 364.636 363.436 372.851 369.681 361.523 366.350 368.334 360.030 359.193 367.887
89 400.000 452.807 437.366 437.614 454.266 440.044 431.610 428.055 443.105 436.926 421.262
90 545.000 542.450 559.292 539.689 541.716 543.788 538.499 550.938 542.413 542.300 550.133
91 411.000 411.924 409.573 403.572 403.227 405.411 402.507 399.817 404.437 391.730 409.796
92 344.000 364.187 359.962 367.552 359.205 348.107 354.753 370.770 369.651 364.925 362.841
93 502.000 536.472 504.748 515.628 524.448 529.960 528.593 519.490 530.610 525.183 530.642
94 401.000 409.625 406.937 391.075 408.687 406.183 408.506 405.529 412.108 402.727 408.077
95 407.000 415.660 420.010 417.934 412.449 417.552 417.800 417.867 415.925 418.107 414.577
96 444.000 415.222 413.875 420.967 410.679 415.583 425.210 409.409 417.334 418.206 412.065
97 321.000 328.484 329.572 326.163 333.043 336.205 327.033 324.841 324.767 323.090 340.538
98 584.000 544.685 564.552 579.283 555.263 575.721 554.152 566.482 575.207 560.220 572.315
99 480.000 546.077 537.883 508.610 574.558 536.650 546.825 554.122 509.250 534.272 581.377
100 510.000 484.644 479.190 454.124 503.554 468.660 465.175 461.684 438.970 458.782 460.374
101 408.000 409.814 411.492 399.748 413.199 414.403 397.373 400.171 415.491 400.817 408.477
102 323.000 349.968 355.381 358.182 352.670 356.102 362.063 350.498 360.011 353.709 356.573
103 438.000 410.517 424.061 409.573 417.675 421.279 428.631 409.864 407.124 423.374 414.379
104 417.000 413.368 418.310 418.904 417.328 410.917 414.799 411.962 421.330 419.578 414.878
105 429.000 406.959 409.427 400.810 393.340 402.274 407.010 389.109 409.401 405.552 394.833
106 434.000 429.572 426.087 428.962 417.968 424.751 421.189 427.072 434.266 427.907 428.535
107 442.000 416.099 413.054 407.298 413.490 413.040 410.594 408.169 422.191 414.580 414.023
108 410.000 418.290 415.977 415.643 420.084 419.628 417.802 417.640 417.175 416.105 414.815
109 335.000 380.675 382.227 384.937 365.260 365.753 372.329 387.476 379.612 394.894 381.942
110 515.000 490.578 508.762 498.368 479.317 496.214 489.437 476.601 487.447 486.661 488.116
111 400.000 407.326 403.328 403.496 408.166 400.637 404.010 407.919 393.944 401.513 400.567
112 429.000 415.601 413.034 419.903 425.183 413.040 413.685 417.242 417.497 419.031 414.946
113 432.000 456.657 423.777 408.645 421.109 424.649 436.056 433.579 423.276 436.752 419.314
114 335.000 340.923 358.395 352.204 349.828 346.494 351.246 350.256 345.186 350.858 344.629
115 395.000 402.653 387.219 404.916 392.081 410.521 388.732 401.744 389.805 407.199 400.937
116 341.000 360.239 353.447 363.596 350.483 356.168 366.889 360.538 358.650 367.480 350.040
117 425.000 418.335 419.091 421.155 415.523 417.660 420.884 420.198 421.293 419.065 415.285
118 351.000 364.117 369.116 372.053 361.978 360.274 384.626 370.847 370.984 359.193 361.547
119 315.000 328.774 330.361 325.052 329.318 330.302 322.260 331.228 320.439 332.786 321.416
120 320.000 387.191 387.849 364.447 361.222 393.452 378.033 401.258 357.755 364.741 382.388
121 588.000 561.770 559.833 550.035 545.190 565.319 559.585 527.957 551.980 557.671 557.103
122 469.000 470.356 456.366 438.018 453.686 470.315 440.531 448.295 456.200 462.447 455.889
123 321.000 374.194 378.536 377.322 380.652 386.341 373.629 377.801 377.577 385.632 373.198
124 310.000 387.156 423.111 379.636 400.829 387.180 397.335 397.001 390.352 395.893 390.487
125 362.000 354.077 372.389 354.525 357.950 364.731 344.853 349.945 382.322 362.871 360.062
126 332.000 379.470 372.367 371.401 388.537 377.546 378.188 384.846 374.103 377.856 379.239
127 307.000 361.833 368.554 359.782 348.712 362.331 365.913 351.376 348.528 364.982 359.967
128 400.000 402.256 408.261 400.318 413.229 405.926 405.161 401.563 403.330 401.623 405.626
129 490.000 453.558 471.286 438.801 449.480 469.227 457.334 462.159 443.256 458.106 471.963
130 354.000 358.351 356.971 363.198 359.832 363.866 362.862 357.032 362.330 360.561 365.668
131 326.000 366.968 365.369 357.400 353.384 362.267 357.951 366.588 362.842 359.924 365.636
132 326.000 361.919 357.669 355.366 364.961 354.552 356.830 350.498 360.862 347.488 355.614
133 409.000 415.686 416.237 414.522 420.798 417.055 417.744 413.803 422.103 418.779 414.677
134 562.000 478.394 435.278 442.945 457.563 453.269 444.835 456.243 444.250 454.305 450.891
135 332.000 354.028 363.125 357.198 353.195 363.149 372.406 353.838 356.946 357.284 364.399
136 472.000 417.182 426.547 408.611 421.038 417.703 421.031 408.606 417.338 418.974 416.800
137 405.000 407.411 410.073 419.206 414.421 414.294 419.997 420.192 417.384 419.672 412.878
138 394.000 405.517 401.968 405.224 405.077 401.359 409.332 408.548 404.096 400.032 404.014
139 324.000 352.380 340.433 361.449 360.512 356.354 346.831 354.395 352.105 352.851 356.516
140 555.000 524.989 533.492 542.983 542.553 544.939 551.693 531.609 546.539 532.266 543.282
141 324.000 363.535 351.088 359.627 365.815 365.384 363.136 357.908 349.417 351.753 359.858
142 422.000 441.282 422.000 425.393 416.880 425.555 419.796 419.755 425.259 427.031 414.127
143 429.000 420.000 412.853 418.320 407.322 410.496 424.600 406.868 425.677 402.621 409.080
144 314.000 338.628 384.303 386.316 353.557 382.676 366.990 346.556 405.439 345.389 358.543
145 445.000 407.129 425.075 410.598 408.386 426.355 399.249 425.787 421.948 409.429 408.316
146 420.000 416.187 418.158 413.988 417.196 409.841 409.697 417.680 415.743 417.763 415.029
147 350.000 356.265 364.820 361.820 363.789 358.197 361.142 355.357 365.928 356.143 361.517
148 381.000 373.722 371.625 378.690 373.692 372.507 373.557 389.307 385.299 364.054 383.729
149 340.000 348.503 350.690 371.208 358.514 358.315 355.428 356.236 365.596 347.266 353.268
150 462.000 443.157 433.743 443.832 432.512 443.906 427.396 440.960 434.727 436.772 452.108
151 545.000 495.292 498.239 499.225 491.853 505.973 502.667 506.156 516.054 506.358 498.957
152 401.000 400.595 385.088 390.176 389.551 406.321 395.551 394.719 390.288 392.426 404.714
153 450.000 453.516 428.407 418.715 444.664 429.981 430.029 443.961 448.008 418.668 420.548
154 495.000 518.681 506.037 514.581 523.349 507.223 516.694 537.140 519.647 530.690 520.554
155 415.000 414.438 423.296 394.138 401.107 397.416 387.493 407.395 418.824 402.966 400.126
156 580.000 512.609 535.053 502.821 531.337 509.649 527.990 524.333 522.546 510.450 498.834
157 412.000 423.707 419.150 421.036 415.371 420.648 420.319 422.131 414.519 413.669 416.929
158 446.000 445.327 434.438 431.456 455.687 433.233 422.195 438.619 441.304 432.926 430.280
159 330.000 366.556 369.249 361.661 367.417 363.998 367.447 361.769 362.398 368.841 373.369
160 325.000 333.457 328.721 350.133 363.093 359.180 327.847 327.700 338.317 332.355 349.890
161 316.000 356.731 347.982 373.123 357.326 368.837 366.870 370.655 355.005 367.587 343.215
162 408.000 405.517 406.786 400.819 402.193 402.034 405.814 400.464 403.926 403.434 401.594
163 428.000 409.780 420.929 404.440 405.008 403.911 422.586 408.267 409.377 412.028 403.580
164 396.000 419.414 428.730 427.061 419.544 430.443 418.884 419.002 415.219 416.241 418.323
165 385.000 355.790 362.777 364.961 361.829 364.386 346.958 366.379 365.149 370.613 373.157
166 335.000 350.121 355.973 345.903 348.571 359.223 342.885 358.646 346.626 347.714 345.360
167 339.000 347.153 344.383 352.697 347.772 349.888 354.716 348.006 343.947 352.672 355.470
168 419.000 416.660 426.667 425.179 427.709 417.675 422.575 419.515 425.751 422.480 422.790
169 321.000 325.510 327.583 330.257 326.582 330.713 321.488 320.360 327.542 320.971 321.763
170 419.000 416.494 416.595 412.853 416.255 411.941 417.637 422.892 421.989 413.258 412.186
171 423.000 418.411 416.335 408.110 415.149 415.128 417.244 416.972 415.190 417.041 422.399
172 416.000 418.286 416.255 416.704 411.293 413.354 432.888 416.042 408.764 405.014 421.452
173 434.000 418.258 425.030 429.847 420.098 415.382 418.896 413.528 423.657 417.489 411.280
174 329.000 364.670 375.771 370.885 368.669 366.134 362.498 357.964 364.895 359.244 365.080
175 450.000 409.659 413.084 404.456 403.491 404.452 416.320 414.705 417.279 424.067 415.675
176 333.000 364.527 353.461 352.265 356.256 359.281 370.649 350.917 357.504 354.738 354.109
177 420.000 410.174 409.334 393.925 398.054 394.273 404.918 397.149 388.285 412.282 391.658
178 315.000 342.174 351.998 360.592 359.739 351.653 354.314 367.679 369.566 355.153 355.740
179 349.000 351.607 366.655 362.739 360.594 365.637 367.154 358.555 357.200 360.325 361.992
180 431.000 426.078 422.402 403.855 421.276 420.043 411.264 417.128 416.904 415.840 429.202
181 407.000 419.091 419.277 415.311 410.259 415.545 408.561 413.632 417.227 418.326 411.026
182 424.000 416.040 406.996 419.684 416.958 420.849 418.669 417.164 418.097 414.479 414.293
183 425.000 410.435 411.705 406.959 408.415 410.632 413.854 416.175 416.816 420.279 413.373
184 588.000 568.848 575.001 575.737 570.851 574.483 547.577 569.413 563.125 578.410 546.721
185 332.000 365.581 377.299 378.216 357.461 377.190 381.578 365.176 373.653 360.945 364.739
186 379.000 410.363 407.295 394.390 393.935 399.453 391.049 399.148 383.202 393.878 399.097
187 586.000 551.194 585.893 574.800 555.850 576.300 581.950 577.967 567.834 581.058 562.550
188 528.000 550.366 533.893 537.291 526.235 514.543 529.484 525.293 553.116 538.558 519.319
189 425.000 440.640 443.454 425.185 437.415 442.638 431.833 437.884 438.655 424.390 411.005
190 398.000 391.296 408.630 407.062 397.074 397.723 389.908 397.280 389.611 386.912 392.126
191 492.000 489.008 493.488 479.237 491.774 488.864 468.638 496.877 482.638 489.677 482.750
192 395.000 419.355 416.952 418.255 414.657 414.276 410.427 413.293 418.267 412.637 412.634
193 503.000 424.202 433.542 435.524 426.059 440.599 425.934 434.407 441.681 429.158 418.061
194 402.000 420.415 414.179 420.553 420.366 417.929 420.538 419.861 419.620 420.052 417.229
195 316.000 351.327 353.631 377.419 353.029 364.843 357.268 361.504 357.321 356.113 368.633
196 537.000 515.286 511.541 498.880 488.110 484.445 513.820 495.942 514.371 512.224 496.158
197 426.000 418.095 413.202 416.168 421.802 414.454 422.262 417.364 421.065 413.021 415.647
198 414.000 425.377 420.134 415.331 421.505 420.810 427.016 419.664 417.384 405.780 426.256
199 460.000 559.800 565.550 550.505 581.171 539.050 562.600 552.625 531.492 546.957 585.510
200 438.000 422.782 424.689 419.681 419.752 428.494 422.546 411.607 429.806 425.752 424.475
201 418.000 389.341 407.960 411.331 407.307 399.474 407.319 414.180 400.774 403.126 408.524
202 432.000 389.189 381.055 401.046 374.852 401.580 401.920 380.496 388.649 406.540 384.548
203 422.000 407.149 396.012 399.582 399.595 395.966 411.418 411.021 394.110 408.685 408.577
204 450.000 415.105 419.987 424.257 417.162 421.039 422.612 420.098 424.895 417.173 428.868
205 362.000 387.838 391.929 370.752 389.194 363.776 387.177 374.294 377.215 389.198 356.644
206 500.000 414.998 439.632 425.094 433.347 416.663 436.426 436.932 428.986 413.325 450.382
207 361.000 380.037 373.480 387.323 390.883 383.363 372.263 377.815 382.520 372.015 375.937
208 439.000 415.388 413.263 408.263 418.455 419.482 412.276 418.466 411.484 413.406 410.926
209 382.000 447.379 440.737 432.733 426.279 411.067 430.260 407.061 437.552 431.113 415.037
210 446.000 432.610 446.846 438.210 438.138 439.667 450.162 444.829 463.157 447.494 429.808
211 420.000 398.115 408.919 406.560 397.722 391.516 401.701 400.896 393.502 404.390 409.523
212 420.000 421.649 416.550 417.829 419.753 417.503 423.851 419.472 417.320 416.048 416.454
213 488.000 395.339 416.850 418.580 424.837 427.073 408.103 400.264 408.514 430.143 403.764
214 395.000 409.005 401.514 403.078 399.748 402.934 395.002 404.487 405.952 406.619 404.756
215 399.000 408.935 410.895 415.595 423.471 416.302 424.670 415.805 413.097 417.001 414.677
216 356.000 359.669 363.199 366.668 364.976 367.115 363.917 370.548 370.418 369.819 367.616
217 440.000 426.109 422.736 416.489 422.320 422.742 425.838 418.014 431.434 420.525 421.404
218 342.000 373.316 391.164 379.195 380.612 386.856 385.711 379.864 387.685 371.795 383.020
219 535.000 494.994 497.149 479.319 481.767 502.104 512.030 500.932 469.328 485.736 515.786
220 525.000 450.861 497.359 441.650 476.012 455.701 469.582 474.135 465.375 463.998 465.479
221 526.000 484.782 478.826 493.466 508.510 502.751 508.650 495.456 506.776 495.415 499.435
222 318.000 349.004 353.461 350.758 349.390 359.719 356.830 372.047 350.786 367.880 359.632
223 518.000 429.882 429.584 417.879 422.118 422.637 462.756 434.132 438.144 429.218 439.552
224 366.000 371.192 361.213 368.340 367.654 372.076 371.888 367.293 359.827 364.684 364.039
225 349.000 362.891 373.151 362.992 366.253 366.063 357.973 365.673 366.364 360.005 362.357
226 396.000 405.785 405.207 403.851 401.372 407.834 400.848 400.573 404.933 403.167 399.480
227 380.000 366.757 361.507 368.417 357.303 371.187 373.619 363.519 372.252 360.034 362.204
228 375.000 372.807 381.298 376.624 369.502 375.388 371.466 369.047 373.545 369.072 372.340
229 455.000 445.513 429.444 434.248 424.580 423.655 424.921 432.691 433.778 438.317 433.642
230 428.000 420.573 419.688 417.307 424.291 438.518 432.961 408.725 414.537 420.501 421.462
231 334.000 340.923 343.129 345.179 345.208 350.288 345.566 340.851 345.199 340.713 350.465
232 337.000 326.680 331.839 335.276 331.882 321.411 324.987 328.203 328.124 327.961 331.086
233 418.000 421.416 419.960 419.032 420.286 414.549 425.595 418.629 415.496 416.308 420.222
234 310.000 351.779 347.666 361.104 349.450 347.255 362.535 352.354 352.343 341.529 365.573
235 395.000 403.340 401.643 408.064 402.707 408.774 407.571 403.761 403.330 403.039 400.740
236 450.000 411.486 415.761 418.822 414.534 432.042 427.017 416.161 414.517 439.175 426.414
237 368.000 356.879 359.781 369.023 364.690 358.742 364.794 365.601 361.693 356.004 365.211
238 468.000 440.455 418.367 415.790 431.588 426.194 425.135 429.991 430.230 424.633 431.681
239 305.000 340.995 342.006 349.501 342.997 369.829 345.413 346.171 342.633 357.890 340.138
240 303.000 342.953 342.269 350.810 355.541 357.532 355.296 353.242 350.465 350.763 341.366
241 316.000 334.421 329.168 323.206 331.253 322.555 331.930 324.411 328.016 333.416 332.375
242 360.000 372.961 353.833 351.626 369.488 364.920 360.849 368.302 364.591 369.728 364.586
243 466.000 433.304 428.270 427.245 443.174 427.423 435.814 442.389 431.227 429.079 441.704
244 422.000 402.047 410.627 402.798 399.704 407.037 415.247 406.243 414.758 407.806 398.045
245 418.000 398.502 415.027 399.515 388.651 399.268 407.559 403.827 399.416 403.759 396.006
246 409.000 419.949 419.481 413.391 418.518 418.998 413.438 419.387 419.673 417.609 418.176
247 326.000 359.332 364.991 370.398 355.552 373.452 360.616 360.904 362.401 362.597 369.236
248 328.000 376.843 378.834 366.155 390.388 378.325 380.974 381.357 392.510 378.493 384.823
249 369.000 381.438 377.591 393.399 379.264 375.818 385.127 389.827 405.756 395.636 384.029
250 346.000 362.243 374.319 374.535 375.499 365.313 354.975 364.516 357.585 367.524 372.820
251 407.000 416.619 418.789 407.386 416.185 416.689 409.930 414.713 418.373 417.776 413.261
252 414.000 386.880 378.620 384.971 376.474 378.548 377.216 382.295 395.445 374.747 385.871
253 501.000 486.292 432.688 481.108 462.238 465.252 456.049 476.947 468.106 454.341 461.401
254 421.000 413.089 421.250 423.244 420.418 419.025 410.946 413.602 419.083 412.658 413.933
255 316.000 362.975 356.512 344.986 351.763 346.158 364.839 351.989 339.383 351.056 340.514
256 328.000 357.903 348.798 367.431 353.019 347.558 363.929 363.825 348.692 363.533 352.268
257 445.000 452.368 433.458 460.714 432.486 433.741 431.133 438.804 442.159 449.964 467.319
258 371.000 390.988 395.216 390.777 394.197 392.726 390.039 408.487 375.604 394.571 389.601
259 484.000 398.694 431.029 433.389 443.090 412.597 409.189 402.125 455.683 429.465 421.724
260 418.000 419.810 414.931 423.423 419.119 417.647 415.992 418.678 419.138 417.272 418.645
261 371.000 381.487 378.247 381.035 372.780 386.340 386.004 379.524 387.904 371.245 378.959
262 331.000 353.882 365.478 358.630 354.088 363.271 362.990 366.588 357.522 372.571 367.042
263 586.000 523.255 540.228 522.266 524.361 539.760 532.643 547.527 525.418 538.282 546.117
264 434.000 420.595 418.982 419.601 419.551 427.914 432.651 419.661 419.846 430.274 419.553
265 412.000 415.135 418.145 425.063 423.354 418.737 423.644 418.985 426.037 413.125 424.926
266 483.000 417.396 425.688 434.141 416.161 443.929 433.821 421.938 433.582 406.970 423.024
267 393.000 390.542 381.408 396.820 401.164 397.069 396.999 383.331 381.069 399.586 394.659
268 386.000 391.541 405.297 390.516 398.381 381.583 387.510 402.383 390.336 392.267 400.963
269 344.000 396.924 406.044 405.574 390.367 390.905 385.706 397.956 385.786 381.845 385.674
270 392.000 387.864 365.676 371.695 370.539 385.292 375.616 376.239 377.007 379.567 385.048
271 460.000 403.969 408.861 398.854 401.447 409.803 401.042 415.577 416.265 405.472 415.985
272 321.000 338.353 341.488 343.522 342.537 338.829 347.093 343.547 338.772 337.812 350.211
273 311.000 368.057 371.213 380.545 392.335 400.359 370.770 379.526 372.501 373.068 390.224
274 391.000 358.750 371.088 371.954 362.701 365.110 367.482 371.046 364.606 365.441 359.289
275 431.000 419.350 415.861 414.760 415.293 413.575 406.910 411.730 418.815 426.532 426.177
276 357.000 361.192 362.839 360.623 363.009 370.080 362.396 365.001 367.257 366.304 369.897
277 414.000 418.228 417.097 414.052 410.074 421.147 424.660 419.081 407.195 419.040 400.970
278 452.000 417.464 415.376 408.147 419.584 413.451 413.038 418.365 421.502 405.227 419.086
279 437.000 407.161 411.740 410.169 406.920 414.909 401.206 419.303 403.810 400.804 401.450
280 315.000 333.951 332.308 321.811 329.337 331.032 321.547 322.867 325.581 326.079 331.215
281 435.000 413.364 424.344 417.302 429.870 422.236 426.331 423.352 420.509 419.085 413.677
282 448.000 412.720 429.078 420.500 422.114 420.797 425.056 415.241 420.879 421.399 420.517
283 416.000 430.139 437.056 434.167 430.575 428.460 421.525 433.668 424.025 417.643 426.858
284 328.000 360.762 354.823 361.319 358.781 352.216 359.013 361.808 362.089 350.016 350.238
285 390.000 400.460 397.985 404.598 402.077 399.119 394.056 395.960 397.889 409.901 400.182
286 310.000 346.007 348.115 346.972 353.400 354.841 346.684 352.327 344.606 362.250 354.982
287 365.000 368.021 364.792 367.521 374.940 377.113 369.990 374.254 375.580 369.827 371.944
288 402.000 420.671 425.073 419.169 418.932 423.393 415.645 423.916 419.854 418.902 421.834
289 372.000 389.380 394.751 396.817 380.999 389.298 388.463 402.006 387.284 398.723 390.103
290 428.000 436.952 415.367 452.576 436.497 437.352 434.954 441.930 440.882 444.061 451.539
291 267.000 420.580 447.154 420.235 442.787 438.467 427.372 434.637 455.736 414.767 428.053
292 330.000 358.882 357.955 351.796 353.782 360.551 358.280 344.653 348.332 348.811 347.490
293 598.000 562.376 562.655 561.227 563.577 540.056 559.555 551.881 567.702 570.570 512.594
294 392.000 383.063 411.781 376.042 384.289 363.868 387.179 393.355 397.493 408.482 390.250
295 430.000 476.699 478.485 502.469 500.770 489.083 489.345 478.890 463.176 482.707 507.490
296 340.000 373.957 382.850 399.201 405.567 378.974 390.729 376.189 379.958 385.226 390.157
297 312.000 352.375 365.724 369.348 352.082 358.992 362.470 361.071 368.872 375.269 356.491
298 327.000 360.100 391.918 381.373 398.278 380.871 401.797 382.549 393.638 384.314 382.091
299 342.000 374.723 370.442 385.945 378.832 372.175 365.332 380.234 375.196 373.549 376.182
300 417.000 417.421 409.478 412.029 414.474 403.558 414.716 409.823 401.232 413.492 408.594
301 318.000 326.970 329.931 330.714 328.042 326.162 328.473 325.348 330.957 330.380 331.656
302 329.000 380.443 387.979 362.320 376.321 382.880 361.474 354.198 384.090 373.949 361.080
303 339.000 361.604 365.213 370.307 358.615 369.936 375.613 352.038 358.421 392.420 369.196
304 334.000 353.986 358.333 343.599 343.761 349.313 351.349 350.813 346.111 344.520 353.000
305 346.000 385.244 381.482 390.911 387.053 373.894 387.778 404.071 386.234 412.245 373.459
306 420.000 425.285 420.993 417.571 423.059 424.470 428.280 415.635 421.588 422.663 418.723
307 371.000 401.838 407.014 405.867 416.644 390.950 397.376 398.492 394.867 403.416 407.214
308 560.000 559.344 575.592 567.475 558.799 574.560 565.086 560.112 567.536 582.788 548.514
309 512.000 480.987 469.622 493.295 478.886 472.332 482.167 484.318 474.825 460.645 485.729
310 410.000 425.550 423.825 418.111 423.494 421.665 412.161 427.002 419.476 418.171 416.666
311 473.000 440.355 441.991 437.282 433.722 434.292 436.287 427.332 440.482 440.119 441.026
312 427.000 425.038 422.779 423.247 416.506 428.891 421.501 420.866 421.056 419.610 422.019
313 326.000 382.893 387.391 389.166 388.193 385.009 391.021 389.398 395.503 395.388 382.436
314 405.000 396.086 397.604 398.979 384.524 399.142 389.053 396.597 398.292 389.203 394.005
315 442.000 444.444 433.211 436.097 426.650 452.796 429.134 441.251 452.014 432.403 444.005
316 330.000 357.988 346.564 354.048 355.487 349.104 350.822 359.456 348.708 349.394 345.277
317 328.000 366.481 385.034 370.150 371.794 361.514 362.377 364.608 379.260 356.565 374.261
318 436.000 424.742 422.358 425.635 421.431 424.123 427.601 420.224 416.769 424.125 427.438
319 410.000 413.733 420.543 416.201 409.380 412.558 417.005 424.789 414.634 423.560 413.330
320 462.000 440.214 419.592 415.281 430.452 438.423 443.861 418.977 432.283 433.960 440.819
321 471.000 427.998 424.082 427.814 420.982 412.061 430.820 413.908 425.202 424.705 429.463
322 427.000 416.805 417.223 420.989 418.100 410.656 417.708 414.626 422.827 409.992 414.658
323 464.000 422.163 425.256 427.036 422.391 422.387 420.470 426.544 420.330 421.853 417.568
324 446.000 420.209 408.257 406.014 424.064 420.739 415.130 423.455 423.915 415.435 422.081
325 583.000 567.675 575.971 558.902 566.079 585.667 576.431 555.449 558.086 541.909 579.875
326 562.000 463.741 467.570 473.664 456.281 445.288 462.487 468.018 450.629 453.494 440.969
327 313.000 327.149 325.452 324.701 339.233 328.476 330.197 337.683 336.034 335.596 332.779
328 422.000 432.167 425.131 433.492 420.025 425.613 430.677 426.641 419.916 443.927 435.429
329 382.000 416.684 396.909 405.010 434.710 401.742 394.888 411.229 407.284 407.109 408.090
330 398.000 428.792 410.485 412.301 415.872 411.834 425.502 419.540 426.499 424.340 400.544
331 371.000 404.171 379.516 395.103 384.336 384.215 405.597 381.897 405.680 391.871 380.673
332 414.000 415.849 416.402 418.019 416.384 415.499 430.023 418.817 414.923 416.165 417.647
333 440.000 434.001 427.906 419.667 411.794 409.538 418.161 417.177 418.878 404.127 419.574
334 599.000 559.571 582.060 578.650 559.541 583.993 566.350 548.130 577.686 563.103 575.244
335 353.000 357.791 361.032 362.709 364.996 362.243 370.074 361.010 361.422 356.552 361.848
336 404.000 411.165 438.310 409.796 434.041 434.406 416.654 423.697 425.011 418.386 421.216
337 406.000 419.988 414.789 419.568 427.366 422.066 424.884 419.301 421.537 419.709 417.452
338 324.000 362.969 352.264 358.727 353.727 374.272 353.192 356.220 365.393 364.760 360.553
339 337.000 350.061 348.019 345.615 349.081 350.369 349.687 355.356 348.809 348.764 355.340
340 395.000 417.050 417.585 418.297 415.226 416.339 417.929 414.236 415.977 414.999 408.878
341 407.000 408.314 414.615 419.626 418.132 412.003 410.560 415.109 409.205 415.439 407.494
342 330.000 357.603 359.442 362.433 370.083 365.340 359.348 375.209 360.735 363.761 365.494
343 417.000 412.147 419.295 418.280 418.501 415.453 427.349 420.509 420.439 410.016 416.720
344 395.000 403.619 411.166 404.824 400.551 407.804 402.436 410.193 401.394 416.040 404.495
345 503.000 390.574 393.685 395.008 404.005 386.762 393.913 392.088 391.573 406.685 413.386
346 448.000 431.352 433.361 422.891 435.575 430.093 423.855 433.625 435.385 428.545 429.731
347 363.000 373.652 357.500 377.887 366.922 372.581 349.576 364.559 358.205 374.444 367.544
348 386.000 366.757 362.025 375.492 369.402 377.386 372.203 360.334 356.475 376.130 366.590
349 330.000 355.219 343.434 345.716 348.102 350.094 348.266 344.421 344.738 339.944 341.993
350 488.000 396.625 420.784 393.398 399.234 408.657 406.998 404.590 403.369 402.215 403.285
351 479.000 450.733 450.922 452.747 462.316 453.329 463.838 471.979 459.866 466.189 457.522
352 338.000 398.526 397.793 409.712 394.226 394.862 400.977 404.618 404.984 400.714 390.998
353 456.000 442.779 433.926 428.330 450.085 437.999 436.743 449.721 431.074 422.020 431.723
354 418.000 431.653 448.917 428.387 433.240 428.406 431.298 430.210 447.100 455.344 446.467
355 322.000 348.580 359.578 349.650 349.791 352.908 356.352 363.161 363.131 357.519 356.516
356 321.000 331.234 328.336 330.516 326.494 330.899 327.619 324.286 322.512 326.425 328.891
357 335.000 390.436 386.784 383.086 396.131 396.475 395.194 402.559 394.385 382.482 378.756
358 394.000 402.960 400.923 403.378 402.042 397.570 404.524 407.824 408.582 400.087 403.477
359 398.000 416.487 414.016 414.763 409.384 400.509 406.283 399.203 408.872 399.918 405.562
360 421.000 417.793 420.405 411.480 417.626 412.953 400.220 420.571 409.276 431.095 413.133
361 364.000 391.575 382.428 377.515 388.091 386.067 386.557 391.816 380.650 385.565 378.431
362 322.000 355.435 359.148 368.367 365.304 362.584 371.485 364.716 363.419 362.372 370.698
363 446.000 467.014 460.874 473.735 477.739 484.526 460.796 455.075 450.552 464.880 467.003
364 340.000 326.593 332.629 332.022 333.120 330.359 331.029 320.333 332.784 325.247 335.341
365 340.000 400.434 396.630 413.042 400.072 397.331 398.951 409.911 402.246 395.146 395.013
366 452.000 428.849 405.516 416.748 421.697 419.800 415.382 413.490 404.905 431.064 405.697
367 367.000 397.786 405.297 401.712 399.407 405.507 407.179 400.300 403.965 393.700 393.791
368 425.000 422.043 417.929 426.506 423.598 421.275 429.607 427.643 421.558 410.691 425.748
369 399.000 378.625 366.100 388.244 385.845 385.557 368.215 407.716 394.841 380.039 381.271
370 420.000 409.381 416.272 413.956 416.420 409.555 409.242 409.456 408.589 411.191 412.623
371 526.000 523.892 521.673 524.851 511.129 526.631 532.232 540.649 510.286 508.290 523.231
372 343.000 390.853 371.745 372.510 379.823 375.195 394.174 370.989 355.930 366.419 374.949
373 420.000 421.424 423.860 413.359 431.679 423.509 423.162 430.812 430.792 426.875 422.700
374 403.000 403.923 404.491 400.265 412.129 415.590 398.103 399.081 410.068 408.463 409.961
375 495.000 464.607 466.667 464.563 458.549 470.411 469.520 472.020 461.263 460.506 466.850
376 564.000 428.160 429.644 435.965 439.400 419.120 427.166 428.326 435.768 440.958 439.631
377 420.000 470.709 467.814 490.967 485.444 457.554 470.978 472.004 467.904 465.863 461.036
378 414.000 431.834 428.240 420.462 417.782 434.827 422.891 423.026 430.375 423.796 421.872
379 328.000 343.213 341.393 342.000 348.089 344.673 359.180 328.079 347.771 349.550 340.239
380 546.000 421.405 431.558 424.964 426.492 401.115 428.973 413.537 436.694 429.900 435.867
381 323.000 329.679 326.055 333.093 333.333 334.398 328.245 327.527 338.260 324.668 325.962
382 413.000 416.881 410.896 420.626 419.622 414.117 419.956 419.651 415.428 416.813 417.680
383 360.000 408.110 402.904 405.521 414.441 397.132 403.254 402.487 405.607 391.944 395.238
384 411.000 417.970 413.300 406.486 406.980 405.185 398.383 408.533 422.903 412.482 417.450
385 346.000 354.487 362.810 346.962 348.226 342.526 356.559 350.342 346.937 348.133 338.327
386 449.000 420.910 425.833 424.552 417.293 422.767 411.984 424.072 412.182 420.117 417.711
387 389.000 385.069 388.130 378.386 380.687 393.075 387.683 379.635 369.506 375.358 378.546
388 340.000 393.513 391.042 389.382 376.713 401.981 405.318 390.017 382.016 373.710 393.501
389 343.000 346.344 355.590 349.364 344.526 350.491 344.115 350.413 344.679 346.351 338.093
390 404.000 413.723 420.272 415.057 437.207 420.677 422.662 417.915 419.596 419.615 415.980
391 451.000 450.830 439.901 457.082 447.871 450.489 447.861 445.011 450.331 447.643 448.257
392 359.000 361.207 355.583 363.577 355.527 354.502 360.527 359.003 350.528 367.205 358.942
393 410.000 422.584 418.776 419.881 424.914 419.284 423.900 415.504 421.703 427.818 421.686
394 340.000 342.467 348.462 348.385 345.954 346.088 342.546 345.635 343.347 360.272 350.515
395 504.000 439.241 430.341 431.231 413.982 428.828 416.150 443.631 429.781 425.922 453.411
396 546.000 457.327 519.586 495.611 481.171 495.137 519.390 475.430 453.616 491.864 493.566
397 392.000 390.743 403.670 382.066 400.967 388.114 405.951 402.818 388.080 387.247 404.098
398 413.000 411.023 416.189 413.952 413.957 414.543 411.951 413.676 413.212 413.359 411.953
399 325.000 390.270 380.224 381.709 372.317 397.087 376.167 381.626 389.006 382.645 393.310
400 297.000 324.874 329.195 322.347 332.543 332.338 329.860 323.524 328.016 326.828 325.294
401 397.000 412.292 412.026 405.477 416.989 409.578 415.742 410.610 415.094 412.833 412.878
402 428.000 407.943 412.995 411.430 418.812 423.296 412.806 411.663 412.887 403.582 407.123
403 440.000 433.095 439.077 418.453 425.954 428.583 429.861 424.208 424.334 433.638 423.733
404 604.000 592.436 571.022 572.237 573.950 562.648 574.298 589.573 573.361 585.018 578.504
405 442.000 430.446 420.488 416.166 433.290 419.959 424.243 420.373 419.938 416.255 415.847
406 462.000 465.845 470.255 455.159 449.858 482.576 448.995 460.483 446.710 455.925 466.304
407 491.000 432.442 428.422 430.610 433.795 417.428 427.710 460.120 434.617 431.252 431.694
408 495.000 461.890 474.158 474.405 455.489 461.687 475.861 489.310 464.560 468.742 494.893
409 394.000 359.325 362.862 364.623 370.245 367.575 347.271 353.409 364.873 371.711 377.212
410 320.000 362.579 348.654 365.930 359.080 362.056 367.568 360.756 366.262 358.070 361.037
411 445.000 441.141 452.615 441.896 452.895 446.906 444.082 433.288 441.917 445.488 456.835
412 350.000 358.592 362.144 361.357 360.580 359.972 357.666 361.388 363.155 361.583 358.008
413 332.000 351.673 360.437 362.575 356.957 344.381 370.814 358.547 356.897 358.777 355.700
414 411.000 419.686 407.364 421.468 417.940 418.420 418.350 406.892 416.282 410.389 410.420
415 341.000 415.525 419.893 416.604 413.003 410.112 396.613 406.639 411.726 401.763 418.487
416 452.000 446.239 463.734 451.076 448.002 451.066 453.482 451.768 461.125 450.326 440.957
417 398.000 405.585 403.937 398.857 403.678 409.964 411.078 404.101 401.599 404.326 410.013
418 357.000 365.759 363.956 363.524 358.653 367.115 367.883 356.767 361.537 354.269 362.431
419 410.000 420.581 401.561 403.152 415.748 409.555 412.339 414.536 409.313 412.180 412.541
420 411.000 384.096 383.801 398.462 388.874 389.251 380.360 385.331 382.443 382.636 387.648
421 316.000 364.870 348.720 361.262 362.793 368.362 341.911 358.415 362.407 348.771 349.381
422 454.000 412.675 416.787 423.636 420.281 417.971 420.574 421.744 420.715 413.836 421.207
423 492.000 510.120 514.090 513.280 527.085 511.602 503.688 509.288 513.212 514.400 523.353
424 405.000 414.625 417.860 405.420 419.648 410.881 407.262 415.024 410.981 418.784 413.573
425 357.000 374.122 366.941 369.575 371.508 382.844 378.401 370.633 369.177 376.392 372.882
426 424.000 420.813 410.073 416.693 421.622 419.025 413.106 416.748 414.384 413.924 416.417
427 335.000 366.226 371.752 383.671 379.625 387.562 399.965 373.719 374.767 376.565 390.179
428 438.000 432.513 428.418 427.559 421.009 434.885 424.445 434.900 430.817 422.383 446.199
429 525.000 412.149 401.864 418.138 413.829 432.217 391.669 405.277 421.690 389.672 426.706
430 331.000 414.609 387.211 396.094 390.613 402.306 393.131 400.703 399.590 385.857 403.670
431 431.000 417.063 407.084 407.156 414.535 411.923 405.416 407.389 412.674 410.729 408.440
432 591.000 565.213 568.192 564.455 565.585 526.460 570.694 574.639 560.950 583.408 581.400
433 414.000 417.043 420.648 419.180 419.766 419.683 413.664 419.128 420.667 420.662 418.220
434 388.000 360.435 369.092 368.818 364.858 368.390 373.829 368.937 374.166 367.047 378.594
435 585.000 560.342 568.263 554.912 550.009 546.175 564.898 559.128 553.791 552.437 565.130
436 398.000 404.821 403.341 407.953 400.665 397.627 395.708 401.997 414.027 415.188 407.977
437 441.000 393.516 412.494 395.540 410.335 415.475 428.872 410.532 415.473 400.287 409.499
438 309.000 327.377 324.872 329.827 324.233 330.650 326.555 323.994 326.636 330.827 326.783
439 518.000 479.911 504.899 509.885 496.421 500.243 496.047 488.110 493.806 498.525 499.319
440 416.000 419.254 420.186 419.531 420.206 420.277 420.864 419.387 423.362 415.524 419.385
441 412.000 416.399 410.896 426.552 420.600 416.820 418.402 418.350 418.224 413.155 417.721
442 385.000 392.098 408.562 395.825 393.389 379.072 389.260 401.865 378.606 411.630 379.477
443 325.000 347.893 360.419 357.544 351.539 353.039 358.815 352.761 355.447 361.839 362.459
444 325.000 368.895 351.000 366.562 358.514 356.168 355.651 361.868 360.137 364.850 360.329
445 328.000 364.380 363.780 366.618 358.957 364.596 360.502 358.065 366.554 360.025 359.802
446 397.000 410.974 413.327 410.676 411.654 416.839 412.963 414.436 420.369 421.273 407.898
447 407.000 420.007 417.311 412.102 417.807 417.570 415.284 414.810 417.171 414.230 410.782
448 491.000 422.442 447.517 399.870 415.727 426.841 432.612 443.894 416.100 428.775 407.563
449 328.000 346.472 336.729 344.743 347.007 342.418 341.303 352.746 346.790 340.360 344.052
450 430.000 411.000 412.822 396.327 405.587 404.844 400.429 388.105 397.664 397.401 402.512
451 413.000 413.047 394.244 415.252 408.763 401.834 384.338 404.077 427.914 398.359 398.520
452 364.000 393.894 385.308 387.376 404.777 394.420 389.633 386.460 376.216 396.214 379.059
453 404.000 402.803 396.309 402.699 395.912 396.617 400.239 404.630 396.019 401.019 397.615
454 431.000 417.454 424.731 425.319 411.222 425.625 424.584 420.674 420.252 425.602 420.495
455 461.000 446.106 446.877 441.817 445.584 443.853 456.727 442.346 444.534 441.028 447.853
456 346.000 379.546 369.803 374.001 380.787 368.698 375.662 363.618 360.280 369.585 371.493
457 461.000 425.900 426.126 419.933 414.708 423.061 426.338 410.358 426.418 420.848 425.064
458 446.000 423.892 417.240 417.431 420.115 427.885 435.770 431.856 423.980 435.225 426.501
459 334.000 341.381 348.616 345.211 346.850 347.167 350.591 350.425 343.150 348.253 352.710
460 368.000 374.454 362.998 385.945 370.843 376.215 384.726 387.606 376.836 373.510 367.968
461 421.000 389.630 399.453 396.424 394.621 392.795 421.525 417.336 406.626 401.944 413.510
462 536.000 521.828 545.831 530.775 535.425 548.328 528.850 519.225 542.871 526.367 545.712
463 399.000 419.555 419.883 428.845 412.205 418.686 423.098 421.842 421.379 408.258 415.156
464 584.000 566.800 553.800 547.500 549.663 565.818 577.933 578.909 536.454 575.927 567.085
465 592.000 595.600 572.377 582.912 585.250 571.950 591.283 590.536 595.783 582.025 583.550
466 450.000 430.446 415.367 422.814 423.769 407.606 425.380 430.869 429.168 421.853 417.443
467 359.000 361.513 376.092 375.117 363.573 375.866 370.046 372.786 372.204 366.792 367.225
468 325.000 342.738 342.808 349.501 350.047 349.964 351.655 345.614 346.316 352.191 351.341
469 315.000 331.673 327.807 331.938 324.374 325.762 339.514 339.133 321.015 338.556 331.030
470 411.000 388.540 396.277 383.192 396.081 394.870 389.344 391.714 385.695 394.197 395.077
471 548.000 537.333 540.858 535.145 536.313 547.550 545.604 547.923 549.011 546.691 523.385
472 450.000 429.908 425.371 425.408 429.179 420.910 430.946 429.113 422.939 421.842 430.883
473 310.000 372.262 366.210 371.955 357.225 358.615 365.544 363.029 369.876 370.268 375.345
474 362.000 366.895 358.073 359.528 367.852 366.088 366.314 362.766 352.732 358.081 373.750
475 322.000 371.532 369.762 351.576 363.573 358.499 354.019 363.771 368.110 358.806 356.531
476 396.000 419.151 415.638 412.990 409.888 412.424 410.893 410.050 418.048 417.278 414.501
477 408.000 410.261 410.614 400.970 408.415 411.725 414.138 405.959 413.952 405.171 410.833
478 540.000 507.604 514.637 484.047 516.101 500.835 502.087 498.169 488.350 488.111 498.017
479 399.000 404.969 409.381 408.022 402.486 401.025 414.153 403.806 408.964 400.848 411.635
480 448.000 448.122 447.017 441.131 448.698 447.956 444.078 442.602 443.157 444.382 440.508
481 460.000 412.033 414.035 414.840 414.491 404.419 410.786 415.428 411.502 412.726 407.444
482 331.000 351.258 359.355 358.781 356.834 358.968 353.501 358.205 353.424 353.545 357.417
483 448.000 419.246 424.042 417.258 416.092 422.162 421.928 417.949 420.667 416.693 419.919
484 444.000 432.655 429.123 428.107 428.330 431.342 434.306 421.652 422.623 416.743 431.034
485 336.000 363.930 369.417 371.845 375.204 363.798 370.207 367.540 363.081 380.366 379.720
486 502.000 399.902 402.373 424.662 423.286 449.795 404.749 430.019 430.489 448.994 421.915
487 409.000 416.722 413.707 415.664 419.326 420.861 411.815 410.893 416.408 410.989 415.256
488 405.000 413.816 420.481 414.601 414.525 413.544 414.821 414.594 413.827 409.987 411.384
489 555.000 533.627 527.516 531.429 537.500 525.298 538.940 550.154 555.171 540.020 545.066
490 427.000 413.498 419.379 412.892 422.263 415.128 414.773 417.212 414.422 413.807 417.280
491 452.000 419.040 417.240 420.329 412.038 418.651 414.258 424.644 432.055 415.360 424.931
492 329.000 358.164 364.839 366.349 360.825 358.219 360.404 363.997 350.261 350.663 347.167
493 491.000 452.540 457.882 435.667 468.635 464.839 436.137 457.363 489.557 447.021 437.436
494 440.000 410.201 411.532 401.027 420.744 385.753 413.255 412.975 416.062 412.532 420.433
495 363.000 352.296 356.430 360.873 361.080 360.631 356.978 361.855 359.765 362.520 366.019
496 432.000 409.856 409.168 403.663 406.238 415.096 411.177 406.894 419.932 415.013 422.282
497 514.000 473.135 466.028 469.557 478.755 475.880 443.247 452.056 464.096 464.206 441.644
498 536.000 502.654 488.143 514.630 518.040 531.882 512.182 505.304 519.194 538.434 514.767
499 462.000 428.847 433.574 418.152 422.029 437.161 428.120 422.872 422.869 423.795 425.990
500 510.000 493.972 499.121 492.386 480.076 493.234 486.022 493.433 497.493 471.717 497.544
501 357.000 386.238 389.695 389.988 394.254 383.656 404.969 393.015 398.491 400.863 403.756
502 418.000 417.303 416.779 417.238 417.043 421.087 418.968 418.841 421.602 420.724 416.691
503 406.000 414.852 411.106 422.716 427.408 425.936 420.158 429.528 418.602 419.643 419.646
504 464.000 417.662 421.750 415.678 428.914 424.529 432.590 417.249 418.823 405.930 408.068
505 400.000 403.923 407.414 399.470 403.721 402.034 404.775 395.038 399.682 404.664 403.379
506 400.000 403.007 389.686 402.417 400.369 401.948 397.097 405.721 398.229 398.662 381.050
507 333.000 381.414 370.670 362.310 358.940 364.518 361.573 379.058 375.339 361.402 380.940
508 452.000 441.804 470.470 470.264 459.641 455.236 458.268 460.477 446.063 466.188 448.082
509 586.000 555.878 558.409 546.088 547.940 565.197 547.100 544.986 561.370 556.707 551.297
510 461.000 423.447 428.309 424.737 423.194 414.267 402.189 417.303 420.395 416.921 425.876
511 606.000 582.054 562.872 570.190 558.180 563.228 582.941 573.386 585.059 541.905 573.642
512 338.000 396.559 397.962 391.654 402.820 403.780 407.179 400.738 408.097 407.995 394.158
513 368.000 388.623 399.148 381.295 391.176 387.557 394.325 384.103 391.805 392.790 393.830
514 442.000 417.315 413.249 418.768 415.624 412.770 420.571 416.793 418.995 412.890 414.278
515 417.000 419.705 426.352 424.595 414.659 428.510 423.328 426.273 426.598 424.005 415.986
516 328.000 326.660 328.328 324.741 326.493 321.710 324.815 327.622 326.914 328.561 323.643
517 477.000 422.501 426.993 422.260 427.204 414.128 428.764 412.247 433.819 411.551 436.568
518 350.000 348.023 354.123 355.348 352.341 356.489 354.730 353.210 348.545 343.039 363.660
519 421.000 407.075 412.096 406.959 410.810 414.478 407.801 416.498 419.785 414.234 400.755
520 592.000 517.716 519.451 505.770 514.034 533.688 540.031 509.182 558.252 524.164 552.046
521 422.000 421.533 428.309 411.882 416.478 414.747 416.917 420.684 426.283 413.892 429.640
522 473.000 464.167 453.545 463.310 444.535 453.222 457.553 456.754 466.942 453.458 466.261
523 567.000 540.963 552.240 540.538 553.227 553.950 569.800 557.800 562.354 548.767 554.994
524 425.000 412.399 421.570 407.600 407.040 420.426 423.187 408.863 405.561 414.842 416.952
525 429.000 442.887 439.979 445.558 435.441 438.623 452.137 441.621 457.103 464.351 431.002
526 351.000 363.530 365.200 368.735 371.231 375.999 373.279 370.851 363.749 371.089 367.413
527 416.000 428.855 415.730 420.627 423.499 417.016 419.033 421.538 420.366 411.474 414.130
528 354.000 364.805 367.567 363.033 360.568 363.844 355.529 368.314 372.491 363.683 363.512
529 524.000 513.708 523.387 525.618 513.225 531.142 510.554 517.914 515.983 536.783 510.285
530 334.000 365.288 373.389 372.523 365.694 375.195 386.324 375.676 373.799 372.810 376.665
531 462.000 435.067 438.187 429.009 431.175 437.201 427.748 436.941 432.616 430.847 435.468
532 477.000 417.275 410.609 418.348 419.196 415.729 409.647 410.186 424.626 414.995 415.238
533 528.000 503.533 482.440 493.896 490.853 496.809 496.512 495.154 506.995 517.658 512.045
534 335.000 343.042 343.273 348.119 341.579 349.999 353.130 347.001 343.939 351.888 344.762
535 323.000 370.837 375.990 374.510 372.033 367.048 369.231 370.133 358.776 363.835 366.838
536 412.000 428.410 426.973 431.698 420.930 425.664 426.743 427.691 432.047 418.298 425.285
537 551.000 540.052 508.846 535.272 520.866 530.215 516.696 518.880 495.390 522.159 531.097
538 406.000 411.531 416.433 419.001 409.233 414.294 412.324 413.403 416.051 417.969 409.285
539 502.000 529.338 522.515 507.281 515.675 520.094 507.709 512.859 515.060 514.972 493.436
540 415.000 415.849 418.684 415.877 407.458 417.947 414.763 413.425 416.573 416.832 415.155
541 336.000 340.923 358.395 344.268 345.327 353.058 344.790 344.693 346.823 348.704 345.371
542 312.000 330.913 332.171 334.086 331.317 323.810 325.837 323.916 325.955 322.302 329.332
543 330.000 340.935 340.922 343.334 352.778 344.101 353.309 351.132 346.615 349.251 351.572
544 508.000 408.837 405.221 377.184 398.061 409.872 414.551 406.469 393.418 400.229 390.556
545 588.000 569.229 573.715 553.317 560.871 555.709 568.325 562.390 566.950 581.146 544.318
546 410.000 415.150 422.185 406.308 415.091 407.363 412.595 411.307 419.718 413.509 413.536
547 540.000 495.693 513.967 473.752 496.109 478.673 482.502 489.462 516.174 499.806 471.330
548 362.000 367.568 368.824 371.044 366.162 370.329 367.616 366.153 364.535 372.871 371.733
549 404.000 403.802 406.736 398.994 400.932 403.024 401.515 399.998 409.479 406.209 408.655
550 370.000 350.587 363.881 366.309 352.998 365.794 356.269 358.817 357.239 366.722 364.589
551 482.000 394.950 416.062 381.127 393.119 415.945 407.873 396.943 414.945 403.372 410.397
552 398.000 405.193 394.555 397.168 398.150 400.664 393.773 402.574 398.763 400.853 408.613
553 466.000 437.433 427.671 452.847 440.194 428.553 440.554 434.872 417.352 424.050 420.417
554 405.000 414.964 417.935 419.466 418.489 419.854 420.641 410.881 418.673 422.209 416.863
555 576.000 549.653 555.550 551.364 543.023 560.317 536.572 526.457 539.392 556.998 546.925
556 457.000 416.156 412.552 410.929 415.144 414.410 411.427 407.369 419.312 418.334 407.363
557 478.000 440.042 443.046 446.355 442.753 434.300 439.653 441.289 432.159 439.206 425.657
558 431.000 428.194 418.403 421.101 421.022 428.799 418.982 422.683 422.433 411.794 420.028
559 411.000 386.372 381.420 384.800 371.217 385.688 371.097 392.510 384.093 368.951 379.508
560 409.000 414.464 419.563 418.907 421.279 417.996 417.128 418.543 423.412 417.723 413.582
561 375.000 402.614 415.526 414.762 402.370 412.341 407.155 422.469 424.674 403.758 412.637
562 400.000 411.408 429.762 433.536 404.850 411.333 413.237 426.312 397.508 410.404 407.406
563 331.000 358.082 356.844 364.496 359.243 357.189 362.442 353.456 352.599 356.838 349.843
564 412.000 426.217 424.527 427.946 450.944 436.397 428.083 433.121 420.093 420.420 435.036
565 485.000 455.519 486.562 439.159 471.423 456.624 469.088 456.982 470.279 455.769 472.489
566 407.000 412.991 406.766 410.585 412.785 412.138 413.049 410.060 414.022 407.949 413.523
567 405.000 413.546 416.968 407.014 408.657 408.563 414.409 419.674 417.523 412.637 411.835
568 406.000 409.473 406.629 408.716 402.035 398.666 396.796 406.093 399.300 403.319 406.426
569 342.000 350.906 346.010 351.635 351.637 348.300 344.088 348.887 350.318 355.594 358.867
570 321.000 353.976 354.251 361.649 348.110 352.120 346.831 355.579 362.810 365.924 356.358
571 361.000 382.786 387.932 380.891 404.777 374.036 370.044 387.162 384.064 373.783 391.580
572 387.000 369.902 368.021 372.955 367.343 370.508 365.317 361.797 363.193 364.001 370.708
573 323.000 326.239 325.544 325.184 326.639 327.138 328.771 322.520 328.023 331.959 333.449
574 390.000 405.603 407.672 408.659 399.847 410.344 402.265 398.679 408.992 409.535 409.899
575 440.000 435.132 425.492 426.433 413.908 425.518 431.857 427.973 425.051 424.228 409.345
576 332.000 367.772 365.781 369.871 366.165 373.855 366.310 374.379 371.320 370.417 374.634
577 456.000 435.885 433.093 437.985 439.133 437.816 436.736 445.915 429.674 435.796 434.681
578 488.000 425.964 427.863 448.558 440.661 442.874 428.891 435.371 436.777 444.061 437.901
579 332.000 361.405 369.439 360.518 370.325 390.755 359.604 369.234 389.702 384.424 365.473
580 316.000 355.172 361.891 355.282 342.803 354.255 359.657 349.271 352.493 355.188 357.624
581 459.000 419.879 428.136 414.456 448.946 431.019 416.681 439.822 420.241 421.208 422.476
582 335.000 355.892 347.165 345.039 348.738 343.652 344.558 343.839 349.294 355.730 353.573
583 332.000 346.898 350.999 360.895 358.962 357.481 359.683 349.559 348.013 349.819 357.296
584 459.000 453.474 469.624 454.159 485.589 449.453 452.336 460.608 462.444 450.991 448.999
585 396.000 422.683 417.669 419.185 413.756 416.544 419.640 417.334 418.377 419.853 412.345
586 489.000 481.146 472.669 483.559 471.867 470.896 469.925 467.486 491.359 466.374 466.785
587 417.000 408.518 416.179 419.929 410.602 423.375 418.651 421.169 421.032 416.139 417.575
588 404.000 404.427 394.555 403.858 402.324 402.201 394.519 406.522 398.543 404.931 406.098
589 400.000 428.735 422.275 423.089 414.472 419.703 422.334 423.621 435.990 422.894 424.976
590 357.000 365.712 361.011 368.104 359.830 364.320 367.303 363.617 366.287 359.212 363.220
591 437.000 427.723 424.567 422.672 413.174 420.995 420.452 429.037 430.766 430.558 429.575
592 542.000 516.243 533.576 528.639 511.912 520.614 506.242 524.094 535.959 530.113 507.028
593 419.000 413.826 411.261 415.939 413.448 409.551 419.346 409.823 406.810 407.918 412.541
594 350.000 346.766 363.521 356.325 372.547 366.741 363.268 349.295 353.445 353.482 367.020
595 424.000 422.687 414.464 414.729 418.411 407.804 416.139 412.430 419.301 414.258 412.515
596 443.000 408.767 417.351 418.314 426.132 428.939 415.285 420.456 417.362 418.257 425.430
597 439.000 422.348 425.792 428.051 422.317 417.524 419.918 412.035 418.030 421.924 424.094
598 324.000 325.336 325.472 326.953 330.871 330.536 329.553 324.435 326.763 323.689 325.712
599 311.000 331.000 335.210 335.381 333.029 332.396 321.163 338.938 328.318 330.977 336.449
600 331.000 352.398 356.214 351.843 353.456 349.180 359.014 351.376 348.572 352.067 349.653
601 428.000 415.694 428.342 409.498 412.095 413.509 415.019 413.559 408.866 403.156 419.804
602 400.000 419.686 405.558 408.305 415.517 414.185 405.664 415.072 417.016 414.998 414.714
603 309.000 354.782 348.476 348.308 348.511 333.568 348.558 345.472 353.869 339.997 349.958
604 375.000 365.520 368.661 371.997 367.314 373.261 365.239 367.075 366.971 363.480 367.866
605 450.000 410.085 410.710 409.830 413.377 406.785 413.354 422.719 420.307 403.901 417.753
606 388.000 396.557 398.502 398.296 398.719 393.128 413.487 393.027 410.508 404.244 399.501
607 323.000 377.738 377.529 377.746 360.750 370.940 377.388 354.263 360.104 388.679 374.905
608 448.000 417.452 418.531 416.706 420.155 409.070 424.601 424.572 417.274 410.659 411.932
609 372.000 372.754 368.501 378.247 382.212 378.183 387.515 384.457 372.734 380.194 376.063
610 328.000 349.927 353.636 351.537 348.070 351.715 356.830 345.175 350.235 350.816 343.819
611 460.000 434.785 451.375 451.146 440.983 450.527 455.882 439.490 454.165 448.429 450.251
612 504.000 496.955 496.413 488.142 474.713 507.690 500.657 481.394 510.405 485.809 477.997
613 433.000 424.509 420.237 433.399 430.163 417.245 435.591 437.337 420.661 435.130 420.237
614 564.000 571.411 566.072 573.536 564.566 569.914 578.891 564.304 578.925 583.125 545.690
615 439.000 413.319 391.273 383.327 390.361 391.720 398.678 397.702 388.104 395.981 393.746
616 440.000 423.844 419.160 407.416 419.595 420.529 420.079 431.890 424.372 431.597 424.257
617 484.000 453.211 469.139 460.859 466.231 463.604 472.223 476.179 451.738 458.432 477.091
618 396.000 404.512 408.354 406.827 411.541 403.212 408.093 402.239 406.421 408.802 404.991
619 435.000 412.939 413.292 413.167 413.279 413.283 408.786 406.792 419.585 397.131 405.252
620 397.000 415.205 398.453 404.891 406.872 396.923 422.637 404.682 396.502 404.169 417.747
621 420.000 425.567 421.693 423.623 427.762 430.102 422.141 429.598 428.949 428.480 427.429
622 408.000 409.799 394.486 380.653 393.190 392.152 380.964 414.806 407.899 383.784 392.289
623 437.000 428.814 420.556 423.234 428.921 432.442 428.414 432.285 433.918 414.514 435.893
624 406.000 400.242 415.171 403.636 409.586 418.010 398.169 406.791 410.084 414.806 419.127
625 393.000 366.106 373.180 372.564 360.695 368.526 368.759 369.411 371.464 371.361 364.968
626 452.000 437.574 449.930 462.512 454.218 458.447 459.666 471.884 460.123 461.225 472.051
627 466.000 433.393 431.110 451.630 438.436 430.905 410.898 421.854 433.483 431.346 415.013
628 410.000 404.032 398.003 429.319 429.750 414.999 399.566 419.976 419.189 470.190 419.524
629 447.000 410.895 421.123 419.753 421.212 412.138 412.398 413.901 417.366 419.291 412.797
630 487.000 417.501 419.697 440.265 437.767 418.221 417.313 420.228 427.996 421.509 421.656
631 420.000 412.701 408.582 411.127 411.668 405.633 424.577 414.492 424.589 412.516 423.887
632 565.000 539.180 547.870 546.239 536.303 529.846 537.564 545.508 549.427 545.932 530.488
633 309.000 336.662 349.778 346.828 350.862 349.944 341.331 348.460 359.542 350.823 352.221
634 437.000 421.800 424.083 413.149 416.663 409.924 416.661 414.083 404.014 408.563 409.465
635 481.000 443.362 462.169 472.540 461.381 455.599 451.653 456.078 465.088 450.455 454.980
636 390.000 396.865 401.183 408.346 403.728 406.120 403.462 397.807 399.786 402.695 398.962
637 329.000 358.107 349.033 358.649 354.117 354.302 356.541 353.172 362.062 357.738 359.632
638 349.000 358.550 362.771 366.683 359.890 364.747 362.866 367.115 372.491 364.327 362.356
639 336.000 339.159 343.187 344.327 344.526 349.599 353.380 350.914 342.403 351.922 343.614
640 550.000 481.016 405.091 455.680 475.774 446.457 474.979 463.532 411.731 453.100 457.962
641 315.000 326.294 322.973 327.207 327.741 325.706 326.592 324.958 322.751 332.230 329.343
642 420.000 418.088 417.638 423.009 433.466 422.061 422.650 422.460 417.999 422.998 419.215
643 466.000 441.420 447.448 443.873 431.424 432.533 435.884 437.485 444.730 432.801 441.704
644 315.000 334.927 333.987 335.384 338.156 327.982 333.715 334.400 344.018 338.570 334.015
645 345.000 377.496 376.481 356.716 363.038 371.860 360.359 358.031 356.703 382.068 365.358
646 451.000 406.209 419.590 417.579 405.226 413.226 408.161 405.451 415.307 421.015 413.254
647 337.000 379.858 398.564 403.895 385.736 391.016 408.876 405.409 378.202 412.829 388.855
648 439.000 397.019 413.854 402.242 405.991 397.917 401.615 405.608 408.560 396.240 399.266
649 330.000 326.463 324.746 327.645 330.403 328.933 323.910 322.503 327.950 332.639 333.270
650 538.000 554.301 535.778 536.285 521.829 517.295 545.300 527.205 535.618 538.943 545.862
651 326.000 387.781 355.961 365.535 394.549 378.051 393.527 386.883 382.188 382.705 375.473
652 392.000 389.730 387.700 382.179 392.861 383.946 378.165 377.032 376.646 399.025 388.526
653 366.000 404.151 407.772 403.707 416.454 397.078 407.611 395.884 404.512 407.408 403.634
654 318.000 360.820 353.037 350.090 380.137 356.521 360.485 351.729 353.578 371.281 349.057
655 561.000 472.355 471.521 442.686 455.247 468.291 477.750 475.358 500.019 505.491 481.282
656 436.000 427.225 424.279 413.601 416.424 434.272 428.670 430.347 437.052 415.670 419.325
657 463.000 455.756 447.770 466.292 448.638 448.689 448.786 452.196 441.456 453.479 449.986
658 348.000 355.073 358.293 360.212 358.037 363.724 360.226 362.777 359.827 367.272 356.503
659 313.000 355.945 358.613 373.419 359.143 357.492 361.164 353.627 350.147 371.056 349.198
660 451.000 448.692 447.401 431.175 434.158 430.932 427.350 443.189 449.104 440.890 429.096
661 384.000 393.252 403.492 391.363 402.852 390.677 404.604 390.374 401.708 387.370 386.043
662 459.000 408.416 428.637 409.254 425.435 413.574 418.863 412.548 430.075 408.368 423.025
663 421.000 382.622 363.044 368.693 381.271 380.938 378.109 379.701 378.934 367.441 378.814
664 481.000 446.952 461.555 456.191 450.108 448.764 454.139 448.860 456.661 452.831 450.089
665 320.000 350.599 349.305 359.366 352.850 359.633 356.600 365.470 355.731 352.849 352.304
666 310.000 379.646 386.994 389.640 367.171 394.229 397.226 382.715 401.233 380.178 398.009
667 402.000 417.661 420.693 417.607 416.090 418.949 416.133 416.944 418.201 414.585 417.076
668 530.000 422.839 412.093 405.268 421.738 423.362 415.237 419.095 432.669 424.482 429.658
669 583.000 522.959 525.765 519.503 497.266 508.590 545.875 508.392 523.977 524.433 509.980
670 421.000 414.974 417.479 418.375 419.851 416.255 414.836 420.520 422.561 411.542 423.072
671 415.000 428.855 428.562 421.852 409.353 423.987 419.430 418.723 421.286 424.143 422.066
672 387.000 400.699 412.832 394.151 400.474 381.904 401.698 398.681 390.082 387.149 397.673
673 584.000 566.250 555.178 545.524 547.612 537.716 559.969 553.628 561.295 534.285 554.926
674 307.000 348.100 357.956 343.107 341.870 354.285 356.559 356.125 347.557 343.792 352.407
675 424.000 421.054 399.779 412.432 409.594 417.006 410.418 406.802 415.237 400.639 408.955
676 449.000 426.902 421.658 414.657 431.027 417.256 416.724 421.965 421.197 413.620 415.927
677 610.000 461.241 483.785 474.711 490.361 450.359 481.202 486.483 450.708 486.611 472.009
678 505.000 495.567 501.460 487.093 485.396 489.831 481.386 509.630 477.435 493.953 493.399
679 408.000 399.621 396.279 403.454 399.185 400.580 392.775 396.460 406.230 406.362 404.177
680 377.000 401.052 393.462 384.735 375.681 395.845 402.306 395.073 390.567 377.530 395.292
681 502.000 402.881 395.120 411.280 407.654 426.214 397.402 402.662 406.211 424.651 400.940
682 319.000 352.653 333.664 330.308 356.765 352.160 338.963 349.724 348.982 355.614 361.501
683 394.000 403.247 403.262 399.854 399.594 408.751 404.524 401.053 401.616 405.379 401.116
684 290.000 347.004 350.548 344.286 362.091 353.477 346.939 343.868 351.724 363.745 343.335
685 407.000 409.904 408.821 402.768 409.797 416.360 410.318 415.677 421.050 405.171 400.268
686 444.000 419.307 426.246 428.739 427.641 428.792 425.473 434.868 425.132 422.462 422.331
687 322.000 369.848 366.332 358.151 361.980 365.763 368.574 356.769 362.212 365.341 363.108
688 331.000 367.566 367.258 385.549 368.032 371.148 378.035 364.832 372.466 357.117 358.164
689 402.000 386.778 374.208 396.416 386.913 384.593 401.987 374.595 380.851 392.362 389.829
690 320.000 348.199 350.066 352.293 355.385 356.801 346.960 358.205 362.422 356.778 357.818
691 386.000 381.017 379.664 385.051 397.802 374.546 381.600 384.221 383.655 377.217 381.163
692 364.000 411.687 423.510 402.535 419.579 399.497 397.989 413.394 419.017 402.943 407.060
693 328.000 365.891 359.143 370.047 350.663 353.903 354.464 351.591 367.126 367.638 351.521
694 312.000 323.428 334.223 324.950 333.172 328.550 330.174 334.274 328.850 328.063 322.989
695 378.000 374.724 371.495 382.484 377.021 383.117 378.298 372.284 369.769 386.071 374.773
696 331.000 365.142 357.429 357.765 357.708 361.220 361.730 357.795 359.497 357.926 362.758
697 330.000 356.538 357.083 359.078 350.579 353.256 361.482 355.829 355.826 349.947 354.154
698 451.000 420.409 418.664 415.411 421.830 419.845 432.533 419.174 423.596 412.981 418.007
699 313.000 401.025 401.672 387.291 384.165 379.602 398.953 394.978 407.098 389.992 401.665
700 408.000 416.562 420.733 407.470 417.118 415.447 414.670 415.519 419.492 420.065 414.599
701 440.000 409.826 421.100 415.895 420.723 402.224 426.623 412.659 416.138 410.232 417.776
702 375.000 358.978 366.963 368.219 367.924 367.718 366.061 368.021 362.535 373.150 371.359
703 462.000 444.772 443.704 447.397 439.618 438.589 438.783 443.354 448.412 444.487 436.419
704 450.000 405.408 403.836 405.091 409.347 409.239 416.984 423.651 416.160 401.689 419.933
705 417.000 418.804 408.529 420.624 426.348 425.530 418.643 418.817 417.971 416.088 423.253
706 452.000 416.232 420.463 422.408 420.341 418.979 417.344 428.629 424.524 427.839 409.941
707 526.000 529.465 536.046 526.032 505.990 534.080 533.596 531.754 534.128 531.766 524.647
708 460.000 427.761 398.414 409.935 413.238 417.105 413.361 413.498 406.611 410.283 418.983
709 428.000 424.092 417.562 418.111 422.122 426.327 427.784 421.815 421.594 418.772 420.849
710 310.000 331.628 329.512 328.766 334.392 325.733 346.376 339.683 329.029 333.365 341.598
711 412.000 414.955 404.686 418.564 414.972 411.070 413.988 414.864 417.920 405.231 418.790
712 320.000 366.984 355.768 379.171 380.236 369.945 350.839 366.572 363.963 369.404 368.322
713 468.000 456.512 455.807 458.783 448.965 462.436 459.056 464.220 460.634 454.696 468.786
714 316.000 327.201 329.414 338.701 325.099 322.051 334.179 326.535 333.821 326.120 327.132
715 602.000 574.546 592.583 564.412 572.513 564.686 581.816 564.539 572.220 540.866 556.306
716 328.000 393.610 375.433 402.405 403.113 374.935 374.553 383.259 381.830 381.046 383.619
717 579.000 531.008 525.356 549.041 505.709 554.957 559.175 544.444 534.491 546.695 524.297
718 354.000 362.125 363.449 373.377 368.288 362.168 363.732 371.045 369.704 372.913 368.684
