data_index logt12.observed logt12.predicted.repeat1 logt12.predicted.repeat2 logt12.predicted.repeat3 logt12.predicted.repeat4 logt12.predicted.repeat5 logt12.predicted.repeat6 logt12.predicted.repeat7 logt12.predicted.repeat8 logt12.predicted.repeat9 logt12.predicted.repeat10
1 4.702 4.239 4.400 4.478 4.290 4.496 4.477 4.668 4.491 4.438 4.293
2 4.724 4.845 4.857 5.022 4.982 4.927 4.954 5.046 4.907 5.124 4.737
3 3.525 3.235 2.788 3.257 3.681 3.288 3.284 3.201 3.332 3.306 3.778
4 5.414 3.744 2.944 3.185 3.111 3.643 2.920 2.884 3.290 3.012 3.024
5 4.632 5.736 5.538 5.902 5.874 5.789 5.860 5.329 5.354 5.832 5.623
6 4.475 4.164 4.167 4.148 4.149 4.145 4.499 4.154 4.457 4.147 4.063
7 0.088 4.084 4.025 4.028 4.063 3.717 4.174 4.096 4.016 3.863 3.951
8 2.475 2.952 2.968 2.978 2.962 2.863 3.228 2.967 2.967 2.956 3.335
9 4.763 4.828 5.238 4.448 5.237 4.772 5.106 5.276 5.219 4.877 5.269
10 4.721 4.543 3.967 4.531 4.579 4.471 4.530 4.445 4.522 4.644 4.593
11 5.635 5.413 5.486 5.246 5.474 5.144 5.194 5.490 5.612 5.583 5.103
12 0.776 2.667 2.305 1.820 1.992 1.760 1.865 2.297 2.518 1.861 2.061
13 3.984 3.894 3.751 3.499 3.903 3.767 3.583 3.720 3.727 3.744 3.524
14 0.255 2.846 4.568 3.075 2.843 2.938 2.917 2.935 3.173 4.473 2.606
15 5.016 4.249 4.079 3.828 4.098 4.143 4.238 4.219 3.978 4.213 4.065
16 5.083 5.594 5.717 5.712 5.710 5.604 5.817 5.648 5.620 5.613 5.578
17 4.758 4.183 4.185 4.331 4.330 4.484 4.354 4.367 4.239 4.411 4.208
18 4.565 5.192 5.142 5.138 4.926 5.163 5.041 4.910 4.798 4.912 4.880
19 5.846 4.981 4.441 4.670 4.823 5.005 4.678 4.787 4.621 4.860 4.725
20 5.048 3.781 5.703 5.637 5.746 4.440 5.708 5.583 5.706 5.624 5.785
21 5.336 4.403 4.563 4.247 5.518 4.340 5.146 4.361 4.682 4.513 4.362
22 4.782 4.301 4.412 3.943 4.079 4.216 4.106 4.071 4.347 4.009 4.025
23 6.101 5.664 5.597 5.723 5.381 5.783 5.284 5.585 5.745 5.743 5.303
24 4.999 6.846 6.852 6.260 6.846 6.846 6.847 6.846 6.847 6.846 6.846
25 0.325 2.730 2.663 2.939 2.594 2.913 3.913 2.984 2.937 2.756 2.966
26 5.580 5.562 5.176 5.282 5.447 5.428 5.193 5.262 5.212 5.501 5.355
27 4.196 2.732 2.823 2.995 2.718 3.074 3.106 2.865 2.643 2.782 2.800
28 3.147 3.917 3.753 4.004 3.225 3.621 4.115 3.502 3.510 3.788 3.706
29 4.459 4.648 4.559 4.246 4.645 4.638 4.660 4.672 4.680 4.667 3.899
30 4.712 3.987 4.155 4.152 4.147 4.099 3.941 4.127 3.776 3.848 4.026
31 4.228 4.611 4.764 4.982 4.512 4.617 4.800 4.323 4.699 4.760 4.999
32 4.459 4.960 4.911 5.058 5.088 5.010 5.462 4.738 5.020 4.891 5.062
33 5.033 4.754 4.607 4.692 4.732 5.060 4.701 5.142 4.683 4.828 4.664
34 5.520 5.286 4.780 5.193 5.255 5.165 5.160 5.233 5.336 5.310 5.286
35 5.093 3.460 3.460 3.271 3.460 3.461 2.957 3.460 3.461 3.460 2.957
36 1.105 2.889 2.941 2.586 2.790 3.049 2.885 3.027 3.098 2.549 3.163
37 2.824 2.383 3.187 3.519 3.170 3.388 3.818 2.787 3.551 2.528 3.543
38 4.673 4.938 4.903 4.693 4.864 4.651 5.044 4.910 4.825 5.142 4.911
39 1.358 2.807 1.803 1.811 1.974 2.870 1.736 1.586 1.721 1.966 1.718
40 4.635 3.715 3.483 3.777 3.554 3.801 3.605 3.411 3.933 3.905 3.645
41 1.857 2.669 2.547 2.649 3.607 2.691 2.395 3.858 2.761 2.752 2.572
42 4.779 4.790 5.092 5.013 5.017 4.934 4.969 4.944 5.026 4.965 4.817
43 4.605 4.732 4.748 4.778 4.768 4.899 4.784 4.870 4.676 4.699 4.798
44 3.598 5.619 5.451 5.488 5.492 5.590 5.510 5.477 5.618 5.483 5.417
45 6.092 6.794 5.906 5.906 5.906 5.906 5.906 6.825 5.906 5.906 5.906
46 5.806 6.794 6.192 6.192 6.192 6.192 6.192 6.825 6.192 6.192 6.192
47 6.190 5.343 5.542 5.320 5.104 5.386 5.375 5.280 5.525 5.356 5.268
48 4.878 4.806 4.562 5.124 4.827 5.038 5.537 4.699 5.026 4.821 5.152
49 9.159 7.928 7.731 7.745 8.141 8.174 7.868 8.395 7.864 7.202 7.875
50 2.542 3.631 3.616 3.354 3.510 3.513 3.519 3.678 3.571 3.419 3.684
51 4.146 2.936 3.513 3.364 3.334 3.583 3.420 3.543 2.472 3.748 3.419
52 2.857 4.315 4.217 4.303 3.937 4.291 4.136 4.258 4.993 4.113 4.639
53 4.598 4.831 4.672 4.235 4.279 4.194 4.217 3.857 4.364 4.191 4.258
54 4.732 4.730 4.748 4.619 4.443 4.597 5.085 4.830 4.917 4.819 4.414
55 3.835 3.652 4.001 3.985 4.030 3.702 3.722 4.101 4.591 3.693 4.110
56 6.946 5.425 5.099 6.260 5.156 5.487 5.597 5.366 5.503 5.099 5.409
57 2.208 3.447 3.363 3.261 3.257 3.085 2.968 3.187 3.061 3.242 3.236
58 4.741 3.894 4.018 3.831 4.031 4.007 4.224 4.069 3.938 4.066 3.942
59 4.951 3.826 4.558 4.394 4.293 4.728 4.572 4.443 4.451 4.384 4.697
60 2.235 2.960 3.179 3.022 3.182 3.339 3.356 3.243 3.424 3.449 3.333
61 4.858 5.454 5.567 5.207 5.407 5.112 5.587 5.667 5.674 5.181 5.490
62 4.857 3.455 3.937 4.214 3.912 4.179 3.999 3.989 3.838 4.177 4.019
63 6.982 6.590 6.336 6.276 6.537 6.924 6.428 6.969 6.692 6.901 6.733
64 6.083 4.854 4.992 4.409 5.108 4.762 5.042 5.163 4.912 5.565 4.664
65 4.561 4.894 4.936 4.914 4.944 4.995 4.936 4.945 5.013 5.091 4.958
66 3.561 4.216 4.494 4.058 4.223 3.548 2.957 4.018 4.993 3.485 2.957
67 4.635 6.038 5.631 5.680 6.072 5.995 5.432 6.075 5.599 5.436 6.159
68 2.954 5.335 5.492 5.602 5.256 5.412 5.397 5.333 5.065 5.382 5.662
69 5.617 6.182 6.349 6.108 6.885 6.355 6.274 6.342 6.373 6.421 6.220
70 5.505 4.520 4.364 4.455 4.412 5.308 4.664 5.274 5.339 5.246 4.622
71 7.960 8.589 8.559 8.151 9.144 8.569 8.306 8.538 8.082 8.270 8.513
72 4.028 4.473 4.394 4.075 4.257 4.632 4.178 4.456 3.955 4.096 4.609
73 4.511 5.897 6.043 6.010 5.996 5.998 6.061 6.044 5.785 5.987 5.811
74 6.519 5.285 5.078 5.831 5.107 5.262 5.407 5.135 5.515 5.326 5.184
75 6.261 6.348 6.112 6.309 6.242 6.217 6.146 5.963 6.142 6.081 5.882
76 4.365 4.963 3.015 2.731 2.754 2.731 2.947 2.731 2.839 2.753 4.964
77 2.760 4.330 4.295 4.452 4.447 4.336 4.208 4.110 4.117 4.307 4.124
78 4.104 3.950 3.495 3.670 3.567 3.669 3.363 3.851 3.770 3.630 2.999
79 4.359 3.924 3.687 3.687 3.686 3.743 3.687 3.775 3.687 3.472 3.687
80 2.679 2.260 2.190 2.601 2.678 2.490 2.422 2.318 2.637 2.401 2.434
81 2.631 4.963 4.465 4.465 4.465 4.465 4.265 4.465 4.465 4.265 4.964
82 1.182 2.576 3.168 3.239 3.245 3.252 3.438 3.263 3.255 3.261 3.465
83 5.177 6.169 5.488 5.971 5.636 5.972 5.985 6.078 5.946 5.614 6.031
84 4.515 2.092 2.080 2.117 2.093 1.777 1.972 2.104 2.032 2.113 2.081
85 1.196 2.818 1.838 1.899 2.166 2.827 2.076 1.965 1.979 2.155 2.137
86 5.064 2.922 2.890 2.940 2.988 2.736 4.265 2.989 2.907 4.265 2.731
87 4.861 2.628 2.783 2.725 2.754 2.512 2.675 2.737 2.599 2.245 2.506
88 5.190 4.137 4.024 3.714 3.720 3.846 3.711 3.935 3.944 4.097 4.080
89 3.787 3.924 4.232 4.259 4.128 4.259 4.259 4.242 4.259 3.472 4.151
90 0.255 2.454 3.111 2.882 2.288 3.337 3.113 2.424 2.554 3.031 2.434
91 2.954 3.457 3.350 3.436 4.057 3.350 4.219 3.829 5.120 4.018 4.044
92 2.682 2.043 2.535 2.027 2.314 2.284 1.999 2.390 2.069 2.596 1.994
93 1.033 3.277 3.514 3.610 4.443 3.897 3.678 4.454 3.646 3.614 3.778
94 6.167 5.550 5.662 5.829 5.735 6.198 6.387 5.109 5.554 5.893 5.083
95 3.250 4.113 3.274 3.829 3.730 4.339 4.420 3.682 5.120 3.597 3.576
96 4.804 4.149 4.182 3.782 3.950 4.289 3.924 4.081 4.217 4.340 4.186
97 4.183 2.309 2.309 2.308 2.309 2.308 2.308 2.309 2.309 2.309 2.309
98 2.001 2.371 2.732 2.465 2.312 2.494 3.690 2.658 2.591 2.536 2.312
99 4.529 2.689 2.690 2.214 2.398 2.452 2.817 2.691 2.336 2.725 2.200
100 6.056 5.895 5.675 6.021 5.896 5.948 5.623 5.988 5.883 5.858 6.085
101 5.700 6.424 5.837 5.879 5.751 5.884 5.870 5.822 5.986 5.907 5.728
102 5.937 5.936 5.989 5.724 6.042 6.357 5.875 5.656 5.598 5.905 6.051
103 4.954 6.205 6.212 6.284 6.144 6.034 6.229 6.422 6.287 6.312 6.380
104 4.008 2.485 2.612 2.939 2.659 2.643 2.884 2.158 2.553 2.571 2.784
105 6.799 6.264 6.316 6.148 6.243 6.229 6.138 6.212 6.185 6.277 6.274
106 5.317 6.161 5.968 6.041 5.971 5.987 5.775 6.009 5.964 5.830 5.983
107 5.556 6.046 5.719 5.666 5.623 5.566 5.515 5.842 5.709 5.790 5.542
108 7.898 4.839 5.587 5.178 5.521 4.661 5.513 5.370 5.477 5.458 5.868
109 5.749 4.988 4.882 5.057 4.997 5.187 4.962 5.032 5.124 4.921 5.251
110 5.978 5.050 5.356 5.611 5.361 5.336 5.272 5.278 5.084 5.087 5.423
111 4.883 4.326 4.207 4.426 4.431 4.936 4.551 4.913 4.666 4.398 4.496
112 3.404 4.197 4.676 4.382 4.535 4.550 4.028 4.734 4.592 4.776 4.545
113 4.405 3.511 3.619 3.308 3.443 3.767 3.440 3.027 3.365 3.696 3.374
114 4.401 3.701 4.452 4.086 4.694 5.083 4.288 4.470 3.398 5.178 4.750
115 4.414 4.213 4.213 4.213 4.213 4.197 4.212 4.213 4.213 4.276 4.276
116 4.297 4.276 4.213 4.276 4.276 4.276 4.212 4.275 4.276 4.275 4.298
117 4.113 4.313 4.314 4.314 4.314 4.314 4.313 4.314 4.314 4.313 4.276
118 4.376 4.213 4.213 4.213 4.213 4.197 4.212 4.267 4.314 4.213 4.212
119 1.653 4.438 4.137 4.308 4.299 4.431 4.424 4.607 4.768 4.187 4.397
