data_index lambdaa.observed lambdaa.predicted.repeat1 lambdaa.predicted.repeat2 lambdaa.predicted.repeat3 lambdaa.predicted.repeat4 lambdaa.predicted.repeat5 lambdaa.predicted.repeat6 lambdaa.predicted.repeat7 lambdaa.predicted.repeat8 lambdaa.predicted.repeat9 lambdaa.predicted.repeat10
1 342.000 338.295 338.652 333.738 315.867 346.723 334.066 319.722 342.757 317.222 334.168
2 336.000 369.640 360.233 364.208 367.877 350.400 363.915 360.939 358.776 360.974 364.398
3 434.000 444.378 431.306 448.149 438.100 423.712 429.318 439.610 445.245 445.240 433.200
4 320.000 323.569 323.827 317.012 318.025 321.227 319.553 318.887 321.493 318.440 318.563
5 317.000 320.261 321.843 321.503 322.705 322.748 322.349 324.781 322.056 325.933 324.660
6 432.000 446.358 471.174 449.919 445.154 445.836 445.897 459.395 443.918 448.807 452.920
7 419.000 420.495 417.757 422.026 423.876 421.608 419.010 423.634 418.761 415.307 419.541
8 554.000 535.422 539.316 529.735 532.807 540.802 550.809 549.996 543.737 536.767 536.020
9 438.000 478.527 497.415 492.695 502.965 480.925 493.690 493.171 474.421 485.188 489.806
10 315.000 311.921 312.995 310.940 309.202 308.076 310.829 308.804 308.405 309.068 310.304
11 325.000 338.966 346.421 347.417 341.082 343.892 350.492 333.659 396.265 333.739 364.439
12 492.000 410.938 390.396 419.553 381.278 410.533 426.630 377.728 392.724 390.616 424.992
13 370.000 391.720 392.948 378.031 378.948 386.162 370.097 381.439 390.793 398.081 382.613
14 424.000 430.051 421.757 427.272 415.373 419.460 420.405 422.480 423.607 425.801 418.376
15 400.000 399.142 400.841 401.415 398.371 399.202 400.767 398.191 398.268 402.262 400.181
16 406.000 402.165 398.009 400.379 399.412 401.706 394.257 402.437 396.226 402.793 397.287
17 429.000 418.610 422.130 430.849 438.028 414.802 404.655 420.076 440.566 434.799 425.365
18 450.000 436.331 416.099 420.536 438.065 426.437 425.508 448.267 415.635 425.061 433.077
19 342.000 337.610 330.714 339.265 342.993 337.008 344.234 337.025 334.204 341.443 345.808
20 302.000 318.415 328.520 321.912 323.804 323.042 322.341 331.845 326.896 322.327 326.082
21 437.000 445.776 453.968 447.740 439.673 438.546 457.353 455.676 430.506 443.782 447.299
22 407.000 415.782 424.023 422.009 421.942 428.706 418.211 429.396 424.625 421.735 420.655
23 384.000 390.175 382.902 391.762 393.282 384.507 391.032 382.180 394.332 395.726 383.958
24 371.000 380.605 382.306 373.973 387.840 376.685 379.367 377.696 387.260 384.171 380.428
25 417.000 391.340 403.626 396.265 400.522 394.647 374.500 400.217 391.261 371.712 394.540
26 425.000 406.543 407.603 421.546 412.557 412.100 413.585 408.370 413.778 415.238 390.493
27 350.000 319.922 321.714 324.254 347.108 311.361 324.581 324.666 320.142 316.094 321.477
28 444.000 421.489 422.851 414.038 413.621 417.185 414.632 424.551 416.236 417.843 426.998
29 379.000 408.345 385.295 431.965 381.377 414.369 367.940 383.192 419.790 379.336 385.283
30 400.000 423.856 421.644 421.133 421.723 423.113 422.259 429.396 422.400 421.735 423.408
31 378.000 412.586 393.158 390.553 385.301 378.236 401.318 396.453 384.153 380.130 388.866
32 364.000 377.553 357.839 378.330 379.091 378.168 370.755 377.381 365.675 374.003 389.615
33 360.000 349.047 342.321 351.653 354.946 347.471 347.142 348.250 348.061 341.841 345.523
34 382.000 356.280 371.075 365.230 372.639 375.012 363.068 372.214 369.099 365.163 361.993
35 527.000 455.898 479.576 492.438 508.249 484.290 451.419 501.673 451.717 500.169 484.848
36 408.000 397.875 397.642 399.445 400.836 400.139 401.208 397.202 400.031 401.087 398.984
37 421.000 356.613 377.211 361.659 371.627 375.872 378.482 374.197 381.206 378.851 368.059
38 346.000 328.042 317.836 324.227 326.071 319.842 324.454 329.850 324.987 326.612 326.574
39 478.000 520.825 539.719 520.729 536.053 537.392 536.436 511.596 541.743 537.320 519.850
40 420.000 442.105 443.159 445.929 449.964 448.847 440.117 433.123 444.255 437.956 442.539
41 430.000 446.985 444.157 439.480 443.913 446.719 449.637 440.715 446.417 443.678 435.938
42 623.000 557.410 567.763 554.345 568.506 560.788 558.307 558.500 565.849 559.218 553.324
43 457.000 435.778 450.139 432.282 437.877 431.576 431.216 430.145 444.187 425.733 443.273
44 424.000 420.817 427.608 417.430 421.384 439.493 438.136 428.472 426.337 436.380 433.116
45 456.000 439.671 430.309 422.915 433.246 434.048 435.332 441.594 441.392 429.601 444.654
46 411.000 403.353 403.468 401.215 404.544 399.624 407.118 404.482 403.058 403.260 410.262
47 413.000 429.645 431.729 424.994 438.222 417.013 428.415 444.541 434.666 454.588 439.072
48 332.000 338.019 322.548 329.161 327.685 324.015 327.284 323.918 337.481 327.991 334.171
49 489.000 472.388 496.826 477.475 484.698 501.584 485.866 478.331 486.538 491.658 504.150
50 425.000 418.292 417.225 426.735 425.719 428.231 436.181 418.797 397.860 430.544 402.542
51 359.000 398.905 390.919 383.888 402.746 397.666 402.252 392.053 402.684 389.388 408.238
52 418.000 416.753 418.922 414.081 420.268 418.728 413.109 422.672 412.160 417.937 412.681
53 325.000 321.003 315.372 318.450 317.521 319.009 316.754 317.544 314.886 318.849 317.311
54 447.000 433.992 435.945 431.674 433.945 434.240 432.190 436.601 429.046 429.872 435.795
55 464.000 463.359 470.277 458.901 475.415 461.669 458.583 441.043 466.053 461.477 457.950
56 431.000 429.648 428.957 431.708 426.165 424.879 432.551 430.230 435.363 433.934 440.806
57 332.000 338.201 338.090 349.324 335.553 332.433 338.619 331.884 335.736 345.267 347.352
58 329.000 434.352 417.580 415.610 418.652 426.803 415.501 437.196 422.694 408.372 415.072
59 315.000 316.114 316.254 318.973 319.303 313.595 319.354 320.670 316.887 319.226 316.146
60 396.000 411.174 402.342 400.747 403.686 403.322 395.934 398.786 394.361 407.899 401.591
61 390.000 382.617 384.437 374.407 373.580 384.512 372.160 376.097 379.085 388.263 379.130
62 423.000 451.677 440.048 445.952 438.286 440.688 434.182 447.737 432.766 458.774 420.585
63 430.000 442.186 433.539 446.655 442.804 438.302 437.498 436.664 443.786 437.033 440.088
64 429.000 426.683 434.472 427.303 422.395 420.346 440.225 426.584 439.076 416.135 429.327
65 467.000 434.330 425.594 431.804 440.470 438.644 432.581 436.706 432.353 434.230 442.622
66 602.000 568.173 569.039 571.187 563.588 564.652 554.213 575.121 576.588 563.853 562.599
67 461.000 429.448 488.513 484.402 475.712 445.344 476.720 448.005 463.516 455.264 483.687
68 342.000 351.242 354.706 347.596 346.351 346.540 353.166 347.410 346.125 342.013 354.346
69 545.000 518.158 529.097 526.288 517.285 496.223 539.425 493.441 550.089 501.678 510.569
70 415.000 413.322 410.477 411.801 407.933 416.791 416.488 416.689 413.374 415.420 416.372
71 365.000 378.698 360.690 363.444 372.593 372.328 370.248 379.596 381.492 380.170 371.969
72 429.000 437.001 434.479 440.380 431.366 446.697 439.330 431.582 434.609 445.821 427.206
73 336.000 332.992 338.234 335.067 332.117 333.873 332.604 331.622 334.049 333.947 328.783
74 302.000 319.621 315.094 316.038 313.229 316.638 318.713 319.713 318.596 309.910 318.520
75 426.000 436.097 426.660 432.649 435.439 419.538 424.014 426.887 425.854 423.422 429.661
76 364.000 374.810 377.090 366.648 375.412 369.057 375.444 373.958 382.084 369.573 382.065
77 451.000 428.557 423.168 426.576 424.563 416.893 427.597 429.199 424.897 432.486 427.154
78 573.000 564.416 561.236 559.289 567.515 572.456 559.375 557.331 562.625 576.003 550.766
79 447.000 430.073 426.020 428.723 433.639 431.693 427.751 431.259 429.468 428.198 439.098
80 322.000 335.572 334.576 333.333 330.302 329.602 330.936 330.610 330.147 330.647 334.844
81 586.000 521.355 525.571 527.452 558.664 553.008 498.782 543.558 529.020 530.099 558.549
82 459.000 470.909 447.165 452.592 494.339 469.715 450.105 470.631 461.511 448.324 422.369
83 405.000 419.656 417.466 413.162 419.087 413.525 409.518 414.334 406.801 415.574 415.945
84 434.000 440.151 427.804 432.088 433.166 427.547 429.150 438.717 438.125 439.928 434.905
85 441.000 431.253 439.730 434.615 442.113 458.030 451.340 441.150 438.248 454.099 451.426
86 403.000 414.293 412.365 415.022 414.759 410.368 409.040 410.080 417.073 410.569 410.252
87 450.000 435.883 435.680 431.049 431.593 437.371 435.187 436.637 428.119 425.617 437.161
88 372.000 373.460 372.036 360.056 367.121 374.638 376.459 380.378 375.896 365.465 374.414
89 400.000 404.982 415.282 425.938 400.906 403.918 427.796 416.632 447.736 393.676 455.747
90 545.000 555.375 542.800 534.383 557.332 545.440 551.682 548.378 552.030 555.232 549.298
91 411.000 404.884 435.134 408.702 408.250 403.192 430.626 398.982 403.176 424.065 411.868
92 344.000 341.201 335.654 347.742 346.917 340.353 338.994 336.580 339.697 334.608 343.976
93 502.000 517.592 522.449 518.906 516.622 504.304 486.300 496.266 504.824 511.856 518.729
94 401.000 393.601 384.299 397.798 401.157 393.305 405.820 402.588 387.173 399.867 395.023
95 407.000 410.497 404.395 409.453 408.809 415.642 408.933 410.924 408.931 406.973 412.769
96 444.000 431.566 424.451 428.052 429.527 425.802 429.427 431.553 428.188 424.241 430.695
97 321.000 311.678 312.877 313.782 313.494 318.046 309.733 312.888 309.481 310.874 316.458
98 584.000 591.415 596.682 599.263 588.423 593.388 593.620 591.573 589.591 597.055 591.931
99 480.000 465.759 469.715 467.813 467.222 462.738 472.839 476.461 465.533 467.397 585.054
100 510.000 491.062 470.979 476.861 471.713 501.619 463.183 471.166 501.298 487.246 487.022
101 408.000 414.046 407.248 398.807 419.996 417.326 415.659 416.653 414.441 414.732 422.225
102 323.000 323.206 322.400 326.801 320.210 329.031 327.986 324.467 325.156 323.027 322.965
103 438.000 432.642 447.635 432.550 438.091 445.291 444.926 443.349 436.932 440.902 445.010
104 417.000 418.827 423.918 425.939 425.198 415.782 423.093 420.979 423.074 420.134 420.479
105 429.000 418.401 416.140 422.872 417.329 419.108 417.603 413.059 404.334 425.246 424.576
106 434.000 435.296 446.044 441.923 433.916 428.248 441.134 429.828 436.783 439.252 440.237
107 442.000 433.970 433.806 427.078 432.799 427.903 425.235 429.495 435.974 433.775 426.870
108 410.000 409.849 413.682 410.116 409.957 411.250 413.712 414.206 409.852 407.442 412.702
109 335.000 342.751 341.286 338.067 346.311 332.135 347.445 365.091 339.234 341.493 346.488
110 515.000 504.332 505.416 511.044 528.845 476.453 533.885 511.534 516.332 526.069 516.621
111 400.000 387.252 396.281 397.994 400.845 393.427 398.490 403.232 398.612 402.339 397.182
112 429.000 433.846 434.487 427.024 429.084 429.672 428.615 432.853 433.593 427.869 433.398
113 432.000 439.077 480.319 465.376 470.590 480.765 474.543 465.993 464.875 452.732 479.203
114 335.000 326.591 330.557 326.332 326.488 329.839 324.450 327.322 328.130 328.436 326.528
115 395.000 389.369 384.098 415.106 396.448 432.656 393.638 403.531 401.746 386.768 410.295
116 341.000 330.971 328.880 340.661 334.579 327.843 336.482 331.627 329.186 330.244 338.817
117 425.000 421.335 423.343 423.921 422.390 427.562 418.453 417.230 422.625 423.063 425.321
118 351.000 351.729 372.727 367.103 362.835 366.991 365.311 370.702 364.594 353.397 366.932
119 315.000 309.908 315.419 311.855 318.234 319.010 311.184 311.785 307.913 309.068 314.501
120 320.000 360.786 339.934 343.401 345.757 334.193 352.834 356.320 342.997 364.435 342.574
121 588.000 562.912 574.397 549.106 564.067 562.548 564.092 565.878 554.751 562.811 567.287
122 469.000 457.367 517.151 457.579 448.094 518.399 505.000 475.470 470.331 467.388 453.106
123 321.000 368.953 351.376 371.757 360.515 341.594 347.201 350.727 332.837 371.175 357.717
124 310.000 352.243 377.079 366.248 406.587 389.001 379.811 374.405 388.233 356.198 355.063
125 362.000 451.660 422.025 425.773 428.392 436.586 417.559 417.263 457.060 455.315 462.672
126 332.000 352.604 358.269 358.925 370.160 357.127 359.132 369.815 358.618 355.991 352.845
127 307.000 347.719 367.117 357.783 387.939 379.447 358.068 361.797 353.356 360.567 341.469
128 400.000 395.747 394.109 403.505 402.176 400.676 399.378 399.545 404.874 399.616 402.925
129 490.000 510.016 501.725 492.847 495.110 509.788 495.280 502.279 502.034 490.919 515.555
130 354.000 339.970 343.839 347.407 342.335 350.216 342.181 350.187 350.471 346.488 348.693
131 326.000 328.154 326.439 331.334 329.958 327.042 332.918 327.300 325.051 326.726 333.909
132 326.000 321.380 323.091 322.146 322.587 320.929 322.667 321.049 318.289 321.675 324.029
133 409.000 410.681 413.075 423.479 417.715 417.568 417.070 414.204 414.921 413.937 416.757
134 562.000 457.492 458.337 463.631 444.776 457.483 484.774 452.517 456.190 471.327 454.789
135 332.000 349.610 342.961 344.589 348.673 333.078 348.087 338.040 338.149 354.442 333.306
136 472.000 432.642 427.824 432.550 445.530 433.198 439.416 429.278 440.963 430.467 427.229
137 405.000 413.773 414.514 415.545 415.685 411.882 417.361 417.736 416.672 417.333 416.793
138 394.000 394.062 398.349 402.040 400.919 394.227 397.807 402.647 404.745 396.016 393.678
139 324.000 322.721 320.236 322.260 325.823 323.275 325.646 331.952 320.988 323.795 324.802
140 555.000 564.543 566.467 577.539 567.851 562.725 563.149 559.442 571.174 565.953 562.117
141 324.000 326.963 327.286 321.858 327.119 321.497 328.675 333.656 325.893 328.311 331.619
142 422.000 415.194 423.471 413.119 418.645 417.079 426.508 413.020 404.803 412.234 415.534
143 429.000 420.377 418.601 431.077 420.895 416.738 422.723 419.310 407.594 409.296 398.404
144 314.000 348.628 341.458 342.714 358.909 349.146 347.355 349.406 369.228 338.713 361.001
145 445.000 445.261 428.298 435.104 445.664 423.645 432.606 430.301 452.555 441.317 427.956
146 420.000 423.227 426.632 417.131 420.706 426.675 424.281 424.029 423.712 418.830 429.311
147 350.000 345.689 352.067 348.392 345.898 347.325 355.941 345.464 344.934 347.484 350.838
148 381.000 403.619 363.207 389.887 406.513 394.524 386.944 387.310 389.953 381.765 384.294
149 340.000 331.830 334.686 327.648 336.002 332.230 325.897 338.458 324.747 331.344 330.579
150 462.000 481.150 473.954 449.670 489.183 469.100 481.471 482.596 487.204 480.662 481.559
151 545.000 531.939 538.417 532.661 530.805 536.225 535.842 544.092 539.014 535.069 543.966
152 401.000 374.769 376.788 402.928 361.128 395.526 405.530 374.065 379.361 404.243 368.317
153 450.000 437.912 470.677 479.950 493.982 471.318 460.036 475.746 463.074 479.167 456.735
154 495.000 518.659 500.421 508.277 538.108 494.784 501.140 532.280 502.671 500.580 551.082
155 415.000 407.898 418.950 413.369 430.361 412.296 390.945 408.889 410.270 420.209 418.491
156 580.000 519.127 538.828 538.920 529.333 531.795 539.542 527.765 529.949 541.305 538.152
157 412.000 404.896 407.487 409.327 410.084 410.540 401.923 399.102 408.087 405.665 404.594
158 446.000 454.413 457.699 453.941 455.039 461.149 448.333 463.046 449.150 447.822 457.862
159 330.000 320.811 319.113 320.678 320.037 319.722 322.573 319.303 324.307 315.968 319.958
160 325.000 319.385 331.546 344.358 343.589 346.069 328.865 345.849 321.886 328.439 338.688
161 316.000 318.255 328.315 323.919 325.021 332.232 319.775 319.621 322.992 325.579 327.704
162 408.000 403.763 397.775 397.920 399.260 401.773 400.519 403.563 400.520 403.271 404.119
163 428.000 429.625 421.822 419.073 424.444 426.385 420.475 420.052 404.896 419.289 409.111
164 396.000 430.088 422.750 403.703 389.032 424.290 414.813 405.682 424.110 409.844 422.402
165 385.000 353.490 360.706 342.059 346.438 341.235 350.194 366.748 353.480 349.818 343.581
166 335.000 337.066 334.645 332.739 330.557 334.146 331.157 334.112 331.258 332.199 332.744
167 339.000 330.138 333.462 329.388 332.256 329.424 329.098 332.156 326.706 328.530 330.123
168 419.000 430.654 428.302 425.142 428.649 430.650 420.359 422.857 431.051 425.364 418.991
169 321.000 309.203 311.722 310.380 313.494 317.504 306.320 317.513 307.579 312.902 313.662
170 419.000 415.945 418.060 421.071 415.932 416.763 418.206 413.408 417.005 417.585 416.607
171 423.000 430.154 430.599 429.499 426.562 430.241 426.958 426.826 431.617 432.799 428.201
172 416.000 422.846 421.047 425.572 410.862 426.113 414.615 416.531 406.785 428.826 418.171
173 434.000 416.903 420.529 429.077 429.531 419.719 415.879 428.644 422.199 418.258 421.668
174 329.000 340.156 371.715 350.710 361.678 359.218 355.943 339.636 354.485 349.313 354.723
175 450.000 438.755 435.704 443.353 443.012 439.470 428.415 430.057 436.494 432.242 435.427
176 333.000 321.777 322.159 321.055 324.889 321.262 322.283 320.692 319.601 328.491 319.680
177 420.000 415.052 397.116 414.462 424.071 416.738 405.188 381.106 405.566 416.182 413.639
178 315.000 324.793 323.856 324.560 325.843 326.272 328.494 323.165 324.087 325.583 320.245
179 349.000 344.505 366.682 363.220 352.107 358.086 365.580 341.048 356.543 341.031 358.275
180 431.000 458.193 453.825 458.326 452.921 458.442 457.719 441.940 465.289 463.594 457.539
181 407.000 414.572 404.941 412.438 410.323 419.181 420.161 414.187 415.938 415.199 416.357
182 424.000 419.190 426.466 422.440 425.198 421.656 425.896 426.367 426.967 425.301 424.765
183 425.000 417.859 424.048 419.468 421.336 430.339 421.010 423.620 424.780 424.610 419.488
184 588.000 591.770 580.778 583.292 585.640 589.871 576.402 574.620 583.572 575.000 583.621
185 332.000 331.752 338.198 337.555 333.333 327.449 336.565 332.567 331.342 327.000 329.913
186 379.000 375.781 378.726 379.254 388.308 391.048 380.443 387.546 380.491 381.419 391.407
187 586.000 594.206 598.932 595.657 594.575 593.821 598.517 599.403 604.283 599.295 602.059
188 528.000 550.780 536.734 537.346 551.836 553.338 508.126 543.671 546.765 546.773 554.769
189 425.000 437.415 423.686 440.401 452.897 426.120 437.199 440.455 435.453 452.467 434.463
190 398.000 398.741 411.104 393.759 424.383 400.359 416.400 390.307 387.509 415.659 397.782
191 492.000 478.964 477.631 480.951 482.021 475.639 488.471 490.748 488.493 486.643 500.037
192 395.000 405.276 403.765 408.043 403.485 407.660 406.957 406.711 411.013 407.219 406.000
193 503.000 437.372 464.651 434.076 440.630 457.089 428.995 446.781 435.604 437.666 435.972
194 402.000 415.918 414.758 410.867 415.186 421.415 418.833 415.995 413.221 413.899 417.090
195 316.000 320.950 319.405 319.904 318.302 320.093 323.304 321.843 317.354 322.201 326.760
196 537.000 494.406 503.431 506.156 509.853 517.768 496.344 516.135 502.799 504.233 500.705
197 426.000 427.862 424.727 415.042 417.561 415.447 410.756 420.586 419.231 415.271 408.669
198 414.000 429.512 423.889 422.108 429.334 427.149 433.422 420.703 429.447 425.808 438.488
199 460.000 479.805 493.628 485.564 480.178 490.411 482.020 492.112 492.330 488.036 585.054
200 438.000 439.958 454.846 462.662 440.666 457.431 448.450 460.784 448.813 465.834 449.301
201 418.000 414.146 418.021 417.824 418.234 417.788 423.858 419.499 411.414 422.829 417.071
202 432.000 406.955 406.526 395.081 398.856 408.125 399.825 421.673 415.015 402.000 405.007
203 422.000 420.834 427.970 423.432 430.795 430.183 424.474 390.658 428.931 429.302 427.196
204 450.000 426.747 427.315 428.729 433.865 432.528 432.224 432.207 422.835 430.034 437.665
205 362.000 379.841 382.256 374.944 365.123 370.182 365.145 372.859 360.577 365.699 370.645
206 500.000 473.344 457.122 463.556 438.973 482.314 455.659 451.582 495.402 458.110 461.557
207 361.000 359.223 349.182 357.292 375.541 364.879 369.694 368.101 357.619 358.747 359.744
208 439.000 423.959 421.642 427.380 430.300 430.464 424.329 425.950 419.101 421.502 425.219
209 382.000 467.852 472.426 457.553 474.040 434.276 437.115 447.604 474.121 429.404 462.286
210 446.000 426.307 422.852 439.404 452.703 429.781 449.032 438.526 442.575 444.039 429.615
211 420.000 427.227 419.333 431.312 432.347 418.961 427.172 390.658 427.336 427.050 427.571
212 420.000 423.330 422.794 433.458 426.393 420.870 423.905 426.576 420.287 419.981 419.679
213 488.000 411.721 411.015 413.962 410.894 410.395 441.067 417.088 406.654 432.535 421.463
214 395.000 399.537 397.576 404.029 392.706 398.336 393.908 395.765 401.914 397.073 397.588
215 399.000 402.030 399.524 397.415 404.576 401.312 404.820 404.360 404.314 410.069 409.249
216 356.000 354.799 360.242 357.840 360.218 348.782 350.831 354.010 357.287 347.724 361.512
217 440.000 429.782 436.813 429.225 426.275 429.135 431.595 437.247 430.819 432.929 425.561
218 342.000 343.015 336.677 371.244 355.846 350.190 348.937 354.261 367.511 349.216 355.966
219 535.000 597.893 529.807 528.947 498.078 581.911 576.188 528.562 585.747 594.061 534.702
220 525.000 461.848 468.131 455.283 476.021 471.302 500.027 498.749 482.663 487.929 466.083
221 526.000 530.167 526.947 523.270 515.762 514.714 531.404 529.566 534.899 529.363 525.183
222 318.000 323.798 324.048 326.806 322.587 323.554 322.105 324.346 319.843 321.656 323.421
223 518.000 464.220 437.203 477.119 466.148 485.547 481.923 455.997 450.817 468.534 504.036
224 366.000 358.657 355.944 356.793 357.761 359.003 352.798 356.327 353.798 350.247 357.279
225 349.000 363.513 363.156 363.586 348.387 356.062 361.545 349.975 362.775 364.534 367.773
226 396.000 402.617 403.247 395.830 401.052 400.999 402.714 403.475 400.160 400.196 399.248
227 380.000 378.652 368.434 375.738 376.278 370.190 388.001 381.052 382.684 384.226 370.849
228 375.000 379.827 379.790 394.364 373.131 369.004 376.927 364.362 379.299 387.211 387.536
229 455.000 438.384 438.146 425.641 436.155 441.553 430.406 449.087 440.944 454.620 427.636
230 428.000 439.828 452.288 446.952 443.278 434.790 448.163 445.539 463.543 445.717 455.115
231 334.000 329.634 328.791 331.048 334.933 329.252 328.114 328.069 328.473 326.133 324.973
232 337.000 326.331 319.376 333.080 336.155 325.874 329.464 325.538 329.340 335.810 330.412
233 418.000 425.075 422.872 417.853 417.278 418.997 427.827 413.668 417.256 427.278 418.171
234 310.000 316.419 316.406 319.641 315.124 317.651 319.806 312.675 319.346 318.744 322.597
235 395.000 398.354 398.060 401.490 399.905 403.433 410.718 403.275 402.831 403.155 400.859
236 450.000 424.541 418.886 458.121 440.281 431.552 427.070 425.701 438.570 403.758 371.422
237 368.000 356.021 353.206 353.275 352.145 358.243 357.530 355.441 356.682 355.402 356.273
238 468.000 453.032 409.249 445.301 434.200 446.175 414.234 453.465 437.516 475.973 424.874
239 305.000 320.565 318.663 312.322 323.240 321.290 315.441 316.938 320.131 317.708 319.182
240 303.000 320.207 315.765 319.680 316.339 321.766 322.428 323.670 318.410 320.621 316.010
241 316.000 319.164 317.708 319.702 317.876 316.730 316.216 319.200 314.797 320.141 314.673
242 360.000 340.039 344.384 360.369 348.363 340.739 343.905 344.018 345.191 345.024 338.026
243 466.000 448.295 449.813 456.501 447.065 453.498 451.322 457.566 459.560 454.723 449.974
244 422.000 432.361 430.200 424.921 433.827 425.178 421.361 430.283 418.065 422.585 414.205
245 418.000 394.023 380.607 394.053 401.291 397.278 390.859 394.793 401.683 400.668 396.046
246 409.000 421.313 416.777 412.461 417.781 416.448 418.403 423.553 420.600 422.315 423.068
247 326.000 314.143 318.344 322.219 325.921 329.317 317.912 325.764 318.111 317.694 320.492
248 328.000 364.548 358.110 349.297 359.999 365.244 355.371 354.113 359.401 367.807 398.075
249 369.000 388.936 385.171 378.233 373.451 389.850 373.307 370.371 379.008 385.908 380.298
250 346.000 331.897 333.155 331.296 334.246 328.178 336.196 331.740 341.828 336.668 335.417
251 407.000 415.801 418.503 416.720 418.613 420.480 413.848 415.688 417.877 412.895 413.755
252 414.000 403.758 376.402 377.750 393.256 392.389 388.221 389.590 394.210 394.130 414.654
253 501.000 503.707 507.762 470.459 466.682 477.584 498.544 480.830 465.891 461.912 489.293
254 421.000 414.797 421.978 412.256 416.355 416.246 423.498 417.798 424.284 417.807 415.740
255 316.000 335.112 334.225 337.847 339.031 329.222 337.780 333.428 338.793 331.748 337.923
256 328.000 326.467 323.602 327.017 322.978 321.497 326.298 328.125 333.952 333.368 332.525
257 445.000 494.783 499.664 498.882 501.565 494.681 468.367 496.025 458.540 510.262 501.532
258 371.000 367.220 383.403 396.358 386.407 468.647 367.103 379.561 395.647 376.316 395.382
259 484.000 446.359 444.266 448.061 441.747 442.472 430.503 455.018 460.115 447.104 427.954
260 418.000 420.491 423.984 415.613 419.910 417.970 416.644 423.364 417.464 430.982 424.028
261 371.000 369.496 372.755 364.933 372.620 370.535 370.495 369.796 376.946 377.241 369.644
262 331.000 319.947 316.340 323.740 324.976 316.900 323.026 323.865 324.189 324.445 328.566
263 586.000 560.127 539.924 561.018 549.129 536.014 548.879 551.478 553.683 545.120 523.338
264 434.000 434.550 444.197 431.983 443.581 430.964 428.721 439.068 434.307 424.414 430.597
265 412.000 437.069 419.644 421.998 429.439 445.090 451.736 421.226 440.323 420.385 422.453
266 483.000 440.157 469.943 446.958 461.574 451.906 441.453 437.019 462.587 425.386 471.447
267 393.000 395.410 403.238 400.947 426.766 392.399 411.537 417.111 437.414 389.818 398.410
268 386.000 396.931 398.186 402.775 390.020 382.443 391.864 393.099 393.067 402.889 397.084
269 344.000 370.544 362.529 360.827 380.827 394.656 358.756 398.148 364.349 365.730 361.535
270 392.000 341.709 357.802 347.816 371.177 371.029 360.760 392.627 378.947 366.045 372.757
271 460.000 441.211 436.016 428.404 427.312 435.579 418.726 433.487 435.781 456.929 435.437
272 321.000 325.170 327.662 326.320 327.132 327.872 329.468 326.759 330.369 326.640 325.917
273 311.000 332.562 332.175 335.557 325.744 334.510 330.971 334.009 330.372 331.526 337.039
274 391.000 392.234 380.006 342.622 375.656 362.309 401.205 374.607 356.525 386.013 372.004
275 431.000 437.291 435.714 434.240 445.070 440.543 440.385 445.633 438.667 441.484 443.004
276 357.000 370.620 376.354 373.939 361.885 365.016 353.794 354.851 370.671 359.546 380.731
277 414.000 453.275 455.273 444.957 441.606 441.568 483.119 419.069 475.324 447.131 488.129
278 452.000 421.894 429.229 426.492 426.601 430.385 424.964 423.549 422.143 422.104 416.593
279 437.000 426.085 419.698 389.422 407.847 411.780 394.136 426.902 403.221 419.831 407.979
280 315.000 313.430 315.079 312.176 310.261 311.250 314.299 311.861 310.556 309.776 311.465
281 435.000 443.614 428.702 433.905 434.475 428.923 427.020 451.495 442.327 430.058 428.079
282 448.000 445.635 449.388 448.969 442.673 441.671 434.867 439.641 443.573 446.801 440.952
283 416.000 434.049 429.492 438.069 430.280 431.468 434.390 436.630 421.651 431.002 434.890
284 328.000 337.363 341.642 340.904 332.644 340.378 334.230 346.685 335.535 346.601 344.421
285 390.000 399.007 397.423 400.379 399.007 407.049 405.957 402.437 393.872 399.737 398.407
286 310.000 324.215 312.132 321.351 327.134 318.838 320.267 325.222 323.542 324.646 321.919
287 365.000 369.882 372.087 376.168 361.440 367.496 361.120 365.286 373.358 365.174 374.259
288 402.000 431.282 424.405 416.843 420.905 424.904 425.272 416.244 425.770 425.797 426.262
289 372.000 376.631 374.649 380.584 375.134 389.850 375.976 391.010 374.417 380.057 381.652
290 428.000 443.509 458.535 436.785 463.014 447.322 461.225 440.645 457.261 455.038 461.067
291 267.000 423.273 409.693 451.078 448.639 458.537 426.422 402.282 467.358 431.540 429.775
292 330.000 330.722 328.840 325.750 328.281 332.130 330.424 336.937 326.890 328.504 336.279
293 598.000 584.668 576.631 579.651 583.360 583.878 587.869 582.766 569.927 584.488 593.871
294 392.000 426.886 410.586 402.248 427.225 382.086 393.159 394.858 391.790 386.737 394.763
295 430.000 488.352 462.317 478.260 512.132 494.782 507.605 496.491 506.588 514.263 504.086
296 340.000 347.965 362.945 364.615 342.420 357.148 345.464 362.292 348.750 359.459 352.908
297 312.000 332.979 343.001 340.546 334.095 344.213 345.480 328.816 337.234 330.888 341.296
298 327.000 345.475 334.634 337.600 325.986 331.370 335.700 332.804 322.402 333.068 338.935
299 342.000 363.033 348.019 361.154 360.593 353.530 359.132 365.329 358.372 358.937 361.145
300 417.000 420.062 429.164 423.970 428.256 427.258 421.967 423.415 422.928 428.478 426.756
301 318.000 320.572 319.330 318.973 315.482 313.337 319.354 313.666 316.273 317.931 316.479
302 329.000 335.722 332.668 336.996 344.601 329.696 337.933 334.650 347.435 354.429 338.776
303 339.000 325.691 340.591 328.913 335.030 331.500 334.244 330.283 324.787 340.464 330.740
304 334.000 336.046 331.753 331.651 331.447 334.506 329.778 330.999 332.437 333.300 334.936
305 346.000 368.865 357.712 376.716 396.116 357.504 346.669 351.395 373.152 379.491 366.816
306 420.000 425.201 424.282 426.021 421.296 428.945 417.500 427.031 422.298 427.045 423.988
307 371.000 457.833 421.012 392.531 428.833 466.245 395.418 435.626 418.194 434.886 450.342
308 560.000 580.386 584.703 578.496 582.287 571.225 582.010 574.058 576.333 588.330 577.783
309 512.000 523.900 512.957 515.871 526.750 515.333 525.069 529.414 518.678 533.922 522.396
310 410.000 415.925 416.703 422.758 419.302 411.656 413.976 413.270 418.894 412.510 416.336
311 473.000 455.505 449.499 459.660 461.145 454.160 464.442 461.707 458.411 451.616 453.983
312 427.000 432.547 420.729 430.220 426.339 426.866 439.115 438.750 433.434 419.628 428.071
313 326.000 359.502 377.842 363.234 380.981 374.081 366.286 364.300 365.184 358.535 365.357
314 405.000 371.671 396.846 400.339 403.521 369.062 384.266 401.937 403.555 400.273 390.262
315 442.000 458.408 444.488 462.385 485.687 473.389 466.205 464.020 475.225 464.665 492.384
316 330.000 343.573 342.110 328.101 345.300 339.508 342.311 341.101 347.765 342.326 338.556
317 328.000 330.548 334.281 333.735 335.479 335.456 350.018 331.760 344.625 339.459 335.424
318 436.000 434.118 437.858 433.282 426.275 439.764 437.468 439.495 436.135 432.929 426.650
319 410.000 420.132 416.323 414.977 421.478 416.108 417.329 417.122 415.694 421.506 414.393
320 462.000 505.280 473.633 482.172 483.758 494.015 487.372 475.347 488.033 482.656 475.579
321 471.000 467.943 457.133 438.972 438.993 444.314 455.913 458.368 463.724 451.859 450.504
322 427.000 432.833 434.068 432.237 429.012 428.771 436.148 433.548 435.472 433.406 431.522
323 464.000 460.560 460.019 455.589 463.173 458.359 463.312 456.245 454.850 459.874 458.914
324 446.000 450.476 439.537 436.990 442.357 452.304 443.425 435.844 445.377 432.297 441.647
325 583.000 588.519 589.015 594.677 590.869 580.733 585.246 592.697 569.927 584.725 579.652
326 562.000 483.531 478.679 470.890 471.719 489.573 487.296 475.359 475.808 486.497 477.830
327 313.000 336.095 331.500 336.625 327.573 328.263 327.636 329.628 329.741 327.393 325.071
328 422.000 435.644 420.373 418.672 451.385 444.094 479.384 466.371 420.884 413.330 446.172
329 382.000 431.147 434.740 440.227 438.778 436.739 421.008 415.848 449.115 422.479 432.887
330 398.000 459.362 435.824 460.110 417.384 441.343 409.351 429.239 470.253 438.941 474.437
331 371.000 377.673 376.336 369.644 383.968 378.572 376.872 379.082 372.664 379.907 382.383
332 414.000 410.291 409.501 415.887 410.291 408.454 409.883 408.948 411.749 412.031 412.286
333 440.000 446.318 433.900 454.051 450.211 447.973 464.669 435.980 469.614 443.674 468.856
334 599.000 593.569 588.524 594.426 568.916 598.727 596.315 597.397 601.904 600.039 593.718
335 353.000 355.987 346.359 349.569 357.402 347.499 355.486 352.025 354.504 354.720 345.830
336 404.000 438.336 469.722 454.261 469.392 434.760 457.006 443.999 447.177 446.540 446.607
337 406.000 418.769 417.411 415.418 420.728 415.485 422.666 416.888 420.724 410.107 420.135
338 324.000 325.826 332.251 324.988 330.172 327.726 332.732 334.937 328.920 331.407 325.456
339 337.000 334.266 335.836 334.419 332.705 333.738 334.342 333.060 336.380 330.472 335.900
340 395.000 409.289 412.299 410.340 410.925 406.606 416.612 413.042 418.632 415.895 414.078
341 407.000 420.159 417.274 414.593 411.559 414.765 420.817 415.606 415.796 417.649 415.239
342 330.000 334.044 342.994 342.940 345.919 338.637 342.620 344.768 342.964 334.284 340.665
343 417.000 421.253 429.081 415.516 421.729 432.544 432.120 435.430 420.875 432.001 425.105
344 395.000 392.542 402.761 396.148 406.854 393.863 402.778 405.470 401.011 398.884 405.580
345 503.000 379.314 387.283 387.433 387.353 395.479 398.220 384.485 406.605 385.567 385.055
346 448.000 432.507 443.094 436.934 457.707 435.640 443.976 421.933 444.601 442.667 442.021
347 363.000 355.280 343.209 361.550 341.642 353.607 357.671 342.699 354.713 353.285 346.298
348 386.000 388.947 376.589 385.712 371.134 380.701 382.297 383.070 375.094 391.263 376.636
349 330.000 331.731 334.393 331.449 330.853 331.950 330.410 332.419 334.923 331.153 330.352
350 488.000 441.427 423.533 398.222 436.989 410.030 397.833 429.264 425.329 411.935 417.473
351 479.000 457.013 464.840 473.126 467.359 477.319 467.269 465.689 465.673 474.551 455.253
352 338.000 398.626 391.552 405.716 386.742 412.073 427.424 383.188 410.663 372.260 376.002
353 456.000 516.616 498.577 485.041 490.618 469.542 483.249 465.116 498.020 482.347 499.200
354 418.000 428.224 423.680 439.062 420.913 420.254 475.996 430.069 420.597 427.829 414.456
355 322.000 322.706 328.874 322.601 325.449 324.000 322.105 323.165 321.910 323.435 325.777
356 321.000 310.011 312.095 316.366 316.470 314.684 311.653 316.224 313.314 309.068 310.799
357 335.000 356.079 366.256 382.928 381.478 392.597 373.039 354.645 351.326 367.628 365.735
358 394.000 396.662 391.388 397.122 391.930 395.656 398.823 391.647 395.412 404.215 394.021
359 398.000 420.523 419.001 422.224 422.341 389.877 430.744 409.017 431.012 386.544 420.302
360 421.000 413.609 418.641 430.884 420.828 449.711 425.151 413.528 417.082 413.642 439.162
361 364.000 372.341 376.081 366.867 363.631 365.540 375.284 371.869 377.787 372.783 368.147
362 322.000 330.996 324.282 324.114 341.041 329.616 331.124 328.473 330.916 325.371 325.777
363 446.000 502.134 452.140 488.794 486.887 497.422 477.916 484.203 462.185 480.298 472.382
364 340.000 344.571 341.382 341.091 326.798 340.892 337.475 338.055 350.793 333.646 335.658
365 340.000 359.735 366.157 378.461 362.890 354.081 373.039 375.134 353.091 360.231 363.302
366 452.000 445.566 438.933 464.864 448.022 447.698 458.871 459.209 449.908 455.242 463.889
367 367.000 392.489 380.958 393.638 393.186 399.050 399.582 386.623 389.133 382.578 393.632
368 425.000 431.913 427.385 424.207 428.011 415.497 414.447 420.975 423.822 426.132 421.403
369 399.000 372.813 371.378 390.863 364.169 361.674 360.176 370.893 372.377 359.758 363.698
370 420.000 416.753 418.061 412.508 418.681 418.017 419.659 418.181 419.105 409.276 418.669
371 526.000 560.926 567.200 565.601 572.744 558.687 565.968 563.144 558.772 559.253 556.127
372 343.000 350.325 353.445 353.824 351.917 330.501 345.931 334.745 351.797 350.892 346.799
373 420.000 418.603 427.841 422.357 427.956 425.616 428.585 429.388 411.378 433.100 420.343
374 403.000 407.193 407.004 395.896 393.440 398.684 407.638 397.366 420.975 399.033 411.247
375 495.000 519.165 522.727 519.122 530.901 515.303 522.557 505.924 524.938 494.787 511.963
376 564.000 465.897 467.653 478.738 503.438 467.637 474.283 481.517 465.827 504.919 474.712
377 420.000 561.758 497.059 576.513 518.498 567.818 514.666 521.314 485.410 538.255 482.095
378 414.000 431.288 439.786 426.140 424.542 442.880 440.223 435.711 421.869 432.243 433.834
379 328.000 321.684 319.650 332.466 326.416 331.982 322.306 310.194 319.927 324.701 317.083
380 546.000 444.919 454.129 460.163 484.027 446.874 436.623 457.097 449.105 448.686 446.636
381 323.000 320.890 315.372 327.560 320.493 322.558 313.793 313.330 322.955 315.823 315.503
382 413.000 422.615 419.234 417.979 422.278 419.148 417.337 418.708 417.367 418.285 424.730
383 360.000 397.877 378.978 374.040 382.990 377.684 384.606 390.585 397.494 401.750 383.928
384 411.000 415.050 404.802 412.723 409.958 406.099 414.096 413.586 404.311 410.339 413.649
385 346.000 337.093 336.947 329.652 332.699 331.767 330.339 334.185 330.587 333.606 333.376
386 449.000 449.739 453.271 450.959 439.907 454.892 452.660 459.360 432.472 457.736 453.108
387 389.000 399.593 399.090 403.293 399.482 381.350 394.492 412.997 402.841 394.790 389.574
388 340.000 358.652 360.377 361.646 360.151 356.477 355.570 374.487 360.432 345.537 398.106
389 343.000 327.226 329.409 332.399 329.665 327.823 328.876 333.330 328.741 326.289 328.807
390 404.000 409.853 422.430 419.466 420.665 411.077 408.876 426.680 408.162 419.134 421.525
391 451.000 449.029 445.143 448.689 451.024 447.226 445.293 450.137 438.728 446.155 443.534
392 359.000 342.751 354.384 360.281 371.794 343.467 365.624 345.234 355.481 365.007 335.749
393 410.000 421.114 423.176 420.195 414.285 424.896 417.388 425.263 428.446 423.466 420.978
394 340.000 325.939 330.247 329.346 329.591 329.252 329.036 327.420 329.156 327.911 325.754
395 504.000 486.516 479.595 522.335 487.591 475.878 480.951 458.589 491.958 469.228 464.167
396 546.000 519.459 512.621 515.736 490.664 491.259 533.261 514.597 519.401 513.134 534.747
397 392.000 382.259 370.745 387.502 358.079 375.920 407.346 397.953 412.701 394.817 388.496
398 413.000 412.313 416.183 423.559 416.561 412.527 422.092 419.272 411.599 419.535 419.572
399 325.000 343.827 357.124 346.060 360.772 353.380 362.610 366.886 354.302 360.776 354.959
400 297.000 312.297 315.233 312.599 312.045 313.261 312.950 308.838 310.329 311.279 312.406
401 397.000 396.933 397.899 404.905 400.800 403.217 403.806 403.298 404.880 402.743 403.890
402 428.000 432.327 424.734 428.038 443.486 443.181 431.979 431.351 428.571 434.920 425.869
403 440.000 439.322 446.469 436.960 427.961 437.508 421.257 421.544 421.149 442.686 424.352
404 604.000 594.728 599.201 604.683 605.086 604.655 600.620 600.464 598.849 598.679 601.177
405 442.000 442.109 441.902 454.558 452.197 451.823 439.944 449.634 454.699 445.011 443.353
406 462.000 465.206 449.215 465.144 448.521 457.083 457.409 465.689 473.369 460.189 456.646
407 491.000 446.981 420.101 426.655 413.842 423.990 433.732 433.404 412.296 418.196 421.063
408 495.000 533.559 519.621 524.317 494.217 492.304 514.084 509.894 492.177 519.787 503.402
409 394.000 337.466 350.308 360.462 339.221 347.658 350.549 344.462 350.182 352.925 337.630
410 320.000 332.676 332.233 339.740 330.949 330.810 336.482 331.627 331.502 330.244 335.280
411 445.000 455.538 428.801 438.293 432.411 441.219 437.023 432.281 439.867 461.974 481.345
412 350.000 354.668 347.601 353.067 348.366 327.564 349.662 345.817 338.565 341.194 355.908
413 332.000 328.571 337.351 328.999 330.839 329.639 329.680 325.588 331.097 323.919 335.825
414 411.000 424.980 416.812 414.845 426.583 419.223 426.033 418.900 429.166 422.520 432.007
415 341.000 397.532 402.773 390.288 381.810 398.027 370.869 359.769 364.186 378.847 375.228
416 452.000 443.093 445.395 457.744 458.515 449.554 448.681 443.798 438.629 449.901 450.407
417 398.000 391.934 390.537 399.334 390.261 390.758 404.872 395.750 399.104 395.927 381.989
418 357.000 349.108 352.866 344.000 345.190 344.780 349.007 347.577 342.920 348.502 351.365
419 410.000 435.545 428.913 407.062 425.063 427.772 424.295 424.514 425.544 419.244 426.978
420 411.000 379.282 404.179 376.732 388.889 412.428 381.181 395.010 386.637 396.578 400.170
421 316.000 317.848 324.144 325.128 327.889 332.949 320.668 331.538 326.897 316.767 330.725
422 454.000 430.672 430.085 425.774 422.822 431.117 428.429 425.819 423.817 420.957 429.343
423 492.000 502.685 501.916 501.047 520.639 479.103 489.769 522.767 484.661 510.665 540.279
424 405.000 421.841 415.669 418.682 420.190 419.272 421.630 422.272 421.068 416.884 418.484
425 357.000 370.529 371.367 368.377 374.341 363.402 367.802 370.938 372.432 369.349 369.223
426 424.000 421.237 416.554 412.256 411.816 414.899 417.231 415.376 417.862 418.401 420.181
427 335.000 348.339 340.689 344.137 341.028 342.424 350.261 343.048 342.942 337.789 342.183
428 438.000 429.500 433.576 429.696 429.010 425.471 432.096 424.229 435.591 432.321 436.548
429 525.000 437.894 440.875 429.292 457.169 433.380 434.317 432.600 429.897 441.289 442.401
430 331.000 395.492 383.573 381.068 383.952 447.060 392.798 389.198 406.744 402.935 386.496
431 431.000 416.880 429.595 422.752 421.420 427.256 412.519 415.701 424.933 424.734 417.771
432 591.000 565.740 574.449 555.268 529.408 565.403 558.932 566.119 561.612 559.729 564.913
433 414.000 420.278 425.786 424.308 422.800 413.820 420.241 426.349 421.136 416.605 422.802
434 388.000 409.018 393.883 387.071 402.236 397.174 411.925 399.796 386.752 386.380 406.768
435 585.000 562.694 559.875 577.888 582.050 567.686 557.895 561.071 566.380 565.943 573.908
436 398.000 398.349 402.882 393.141 402.068 402.597 401.949 398.482 401.388 399.559 399.347
437 441.000 436.279 433.865 422.402 441.162 443.026 444.785 443.281 441.805 426.346 448.477
438 309.000 306.749 311.722 315.621 309.282 311.637 313.990 308.538 314.968 307.821 313.146
439 518.000 524.174 527.551 524.178 521.252 534.241 529.482 525.948 522.348 524.003 527.605
440 416.000 421.089 423.513 424.460 422.113 422.189 418.296 422.623 422.428 420.966 419.864
441 412.000 409.853 413.682 416.057 415.444 413.652 412.716 415.734 412.003 414.044 415.742
442 385.000 412.992 382.363 415.120 399.527 377.111 372.156 389.251 386.303 422.449 397.557
443 325.000 323.806 328.629 324.988 322.944 327.179 322.776 327.488 325.647 326.495 327.870
444 325.000 331.137 335.955 329.995 336.002 337.844 333.746 334.208 331.502 332.670 339.194
445 328.000 347.359 342.590 338.037 355.449 350.054 351.116 337.786 348.197 338.780 346.862
446 397.000 402.872 393.505 404.837 403.309 403.341 394.452 401.246 406.521 401.819 402.134
447 407.000 408.258 400.929 404.072 398.029 395.916 407.678 402.444 401.828 404.862 409.231
448 491.000 454.276 495.008 484.413 483.473 468.065 476.115 497.995 456.077 495.594 478.377
449 328.000 318.582 315.561 314.023 322.487 326.798 318.985 321.325 322.569 328.724 326.918
450 430.000 418.610 429.373 427.340 426.067 439.454 429.705 427.672 442.477 435.081 426.403
451 413.000 409.699 415.516 423.301 433.600 405.772 414.268 414.522 417.605 407.052 417.143
452 364.000 380.676 378.671 387.502 378.274 379.227 377.745 385.794 390.728 384.201 382.320
453 404.000 394.865 400.296 396.706 396.132 402.500 400.798 394.670 390.466 404.221 401.303
454 431.000 438.366 458.478 436.180 433.705 443.877 443.667 447.696 425.370 436.708 447.105
455 461.000 448.430 441.812 437.709 438.719 443.308 437.933 448.229 449.665 436.424 444.630
456 346.000 360.979 351.687 368.338 353.295 353.172 362.184 350.501 355.095 359.463 354.590
457 461.000 460.001 455.837 461.228 457.998 454.036 451.920 455.387 455.724 459.047 450.147
458 446.000 426.290 447.132 422.939 426.802 421.913 453.843 425.896 422.252 454.215 429.368
459 334.000 328.837 325.811 326.332 325.379 328.787 327.312 328.075 328.478 330.489 323.556
460 368.000 354.520 353.371 368.338 341.218 346.618 360.098 352.253 359.548 359.463 351.296
461 421.000 409.174 378.195 414.387 369.680 381.981 390.315 388.883 368.924 398.718 398.802
462 536.000 557.783 571.152 555.761 553.286 545.679 556.940 556.451 538.482 559.041 557.713
463 399.000 413.303 416.513 419.608 416.034 420.329 420.718 421.579 415.028 414.028 437.647
464 584.000 586.613 590.065 599.263 591.006 592.288 594.477 591.946 598.821 598.469 594.357
465 592.000 594.347 590.350 592.224 602.634 601.865 595.920 596.610 599.336 596.779 594.237
466 450.000 452.112 459.504 456.800 455.828 448.407 459.542 459.665 456.914 452.674 458.265
467 359.000 362.424 357.721 365.025 367.469 369.344 365.198 361.323 369.367 368.718 368.299
468 325.000 320.022 309.952 317.732 316.323 315.700 318.748 323.582 312.514 318.862 316.869
469 315.000 368.810 363.152 397.610 379.197 368.699 381.185 367.411 341.822 361.843 358.214
470 411.000 389.525 402.614 385.230 403.356 389.880 394.922 397.137 400.184 417.006 406.350
471 548.000 562.427 556.376 569.607 559.802 562.272 565.719 561.836 560.283 556.334 558.202
472 450.000 450.209 447.154 454.975 462.537 449.530 455.799 445.154 449.461 443.771 446.822
473 310.000 338.561 348.548 349.389 350.058 350.160 337.770 345.688 358.064 356.574 354.115
474 362.000 354.891 353.076 351.528 354.357 354.846 351.990 344.547 352.414 349.855 353.017
475 322.000 334.091 333.056 337.909 331.869 335.082 333.062 336.708 338.539 328.398 333.399
476 396.000 407.357 407.261 409.917 409.907 409.595 406.319 404.244 411.400 411.185 409.721
477 408.000 414.698 410.924 408.244 411.136 414.272 412.518 415.204 416.427 408.045 406.683
478 540.000 536.794 529.701 527.400 535.984 551.164 540.897 538.447 553.000 531.959 545.234
479 399.000 400.381 393.290 400.408 390.181 398.599 397.282 396.834 399.426 394.523 399.233
480 448.000 450.368 452.609 459.751 447.821 453.844 448.310 440.290 453.534 458.508 459.601
481 460.000 409.024 417.471 417.027 416.006 412.452 413.905 414.498 413.544 416.580 414.369
482 331.000 328.551 325.176 325.735 324.676 333.593 323.611 334.334 326.095 329.756 329.208
483 448.000 434.851 427.011 421.168 423.537 434.574 438.346 430.964 432.654 439.085 422.617
484 444.000 445.738 446.638 442.096 447.041 450.577 448.662 437.045 444.024 446.487 441.046
485 336.000 339.841 342.879 346.989 332.990 332.875 336.631 340.227 345.792 341.914 341.636
486 502.000 456.856 466.766 470.620 430.421 454.489 450.066 450.091 446.665 423.014 421.574
487 409.000 428.613 437.306 426.470 430.320 431.682 431.490 435.235 426.225 431.310 431.624
488 405.000 412.074 416.998 421.784 414.973 408.774 421.357 416.151 417.114 415.096 412.081
489 555.000 568.873 571.174 567.675 569.260 553.421 561.860 561.377 562.008 557.055 559.974
490 427.000 432.833 434.068 428.754 431.602 429.163 433.796 432.126 432.045 436.459 434.453
491 452.000 436.677 445.085 447.678 444.335 439.785 450.357 442.425 439.245 449.671 442.141
492 329.000 322.358 315.241 320.711 324.929 322.654 322.178 315.422 318.402 325.413 326.316
493 491.000 477.326 523.281 537.442 474.873 484.170 510.624 485.907 471.726 505.997 505.880
494 440.000 432.357 439.084 441.466 438.729 440.076 419.938 444.134 436.632 437.260 439.775
495 363.000 349.747 365.801 344.184 354.812 370.421 350.648 323.241 354.077 347.652 318.751
496 432.000 425.131 426.205 422.708 420.039 419.588 434.604 429.314 425.804 447.285 431.176
497 514.000 521.533 509.982 496.369 525.607 514.249 526.550 499.577 511.103 494.838 495.264
498 536.000 494.460 518.900 508.592 509.150 499.021 474.695 502.171 470.631 510.086 506.264
499 462.000 452.728 442.979 447.304 447.171 431.830 442.408 451.192 451.361 444.792 447.724
500 510.000 520.707 521.629 504.329 519.193 514.031 512.765 514.896 501.706 527.360 494.033
501 357.000 371.645 397.669 382.284 382.762 378.433 376.818 392.965 388.667 380.955 381.829
502 418.000 416.650 417.979 420.477 414.246 419.933 412.732 417.860 410.981 417.002 411.840
503 406.000 467.582 463.412 436.969 494.930 455.715 467.828 448.091 472.345 480.045 461.714
504 464.000 403.916 417.783 438.499 432.853 425.686 412.646 459.739 445.052 400.271 410.668
505 400.000 397.730 391.832 398.322 400.674 403.151 397.572 405.213 398.295 397.720 398.559
506 400.000 427.589 401.180 411.764 407.429 410.733 422.387 412.913 406.679 426.426 415.602
507 333.000 342.335 329.432 352.428 342.468 338.503 340.122 337.476 341.413 345.944 333.386
508 452.000 454.599 470.608 473.620 511.445 457.008 530.370 503.764 450.333 455.803 471.951
509 586.000 558.861 547.131 561.452 547.024 536.014 557.369 553.437 555.114 551.519 552.872
510 461.000 433.544 437.379 435.735 446.671 438.473 450.312 437.113 443.546 446.213 439.680
511 606.000 561.095 540.089 532.416 505.478 550.377 553.964 545.079 556.886 536.437 555.987
512 338.000 387.827 390.631 392.267 380.326 382.431 432.938 380.366 382.978 375.009 389.823
513 368.000 376.628 359.916 349.960 384.281 382.067 379.318 396.110 379.112 377.753 383.594
514 442.000 423.392 435.910 424.137 427.445 425.229 424.590 430.215 429.110 429.130 426.898
515 417.000 418.600 409.176 413.584 407.686 418.861 413.235 417.762 427.725 421.586 411.213
516 328.000 317.032 315.585 315.580 318.048 319.481 321.353 316.784 315.616 322.302 321.418
517 477.000 470.898 469.938 464.595 472.059 503.282 470.940 466.287 453.464 450.982 487.685
518 350.000 331.881 330.522 334.020 324.160 330.872 324.575 334.932 328.815 330.880 333.877
519 421.000 415.862 421.032 418.108 419.243 416.862 414.033 421.287 418.593 418.739 423.785
520 592.000 575.153 554.348 559.564 574.137 554.952 562.461 555.132 556.091 554.919 548.936
521 422.000 434.081 428.530 430.593 424.467 427.635 428.230 430.051 445.111 440.671 430.510
522 473.000 440.891 446.204 445.123 485.192 464.015 461.406 448.892 459.313 464.302 437.629
523 567.000 558.963 567.084 563.008 560.524 568.143 563.472 555.055 566.788 571.212 564.892
524 425.000 432.751 432.816 438.800 446.964 441.094 438.283 437.196 438.674 439.022 436.481
525 429.000 429.903 431.249 438.629 433.336 426.144 438.666 439.560 438.282 430.943 436.572
526 351.000 347.427 353.978 347.786 349.489 331.813 348.496 344.309 350.716 354.187 341.866
527 416.000 410.007 411.834 414.545 402.195 414.896 415.669 426.814 404.826 411.730 411.481
528 354.000 334.602 330.484 340.450 338.744 333.768 336.329 338.570 334.425 344.731 339.126
529 524.000 552.073 538.799 537.628 553.736 544.307 552.215 532.233 550.386 537.603 545.530
530 334.000 352.179 343.760 342.060 346.913 345.751 345.931 344.281 343.147 341.521 346.297
531 462.000 438.023 438.154 442.981 446.337 436.386 451.953 441.606 437.375 440.548 448.776
532 477.000 431.608 431.384 448.137 436.424 449.035 438.751 447.350 445.240 438.578 444.402
533 528.000 520.621 510.183 518.608 515.034 521.028 507.097 502.285 522.699 516.806 517.881
534 335.000 333.603 332.261 334.731 330.240 326.951 336.273 330.499 330.521 330.800 329.163
535 323.000 354.338 365.706 324.680 329.933 332.575 317.691 360.654 325.554 355.047 359.896
536 412.000 422.993 422.707 429.867 422.532 416.858 435.074 431.211 431.350 424.200 429.862
537 551.000 558.097 564.300 563.717 561.229 552.290 557.797 568.737 559.080 566.931 571.686
538 406.000 406.506 397.759 404.996 397.584 400.539 400.783 410.392 402.528 405.884 405.990
539 502.000 493.120 503.729 511.727 475.109 489.203 475.605 512.206 481.249 500.093 494.621
540 415.000 409.657 405.787 409.388 409.689 411.250 414.901 410.291 413.462 410.613 413.823
541 336.000 329.673 328.790 328.212 330.429 327.220 327.681 326.266 325.987 327.067 325.141
542 312.000 317.032 322.293 321.646 319.099 324.672 321.110 320.600 318.182 326.529 316.300
543 330.000 322.359 333.915 329.275 327.314 328.996 327.000 329.339 328.959 329.010 328.630
544 508.000 443.375 449.906 461.196 443.874 446.645 458.889 474.690 441.449 393.699 407.646
545 588.000 581.193 581.935 593.918 580.967 586.213 566.847 582.042 590.674 578.417 581.379
546 410.000 423.219 428.440 426.632 418.683 424.023 426.073 424.614 423.644 431.601 425.686
547 540.000 525.443 542.698 537.778 532.406 533.119 537.720 538.249 545.790 526.071 537.290
548 362.000 365.030 363.722 360.545 340.403 354.739 367.842 363.910 352.064 341.476 373.980
549 404.000 401.324 405.305 401.796 403.644 399.993 404.211 407.435 404.638 409.341 400.573
550 370.000 354.250 352.684 357.119 357.549 356.163 353.792 356.423 355.116 353.027 345.132
551 482.000 465.337 446.796 428.238 423.386 411.308 449.293 442.725 462.900 407.951 394.972
552 398.000 397.816 402.790 404.567 394.630 405.180 400.115 404.528 397.894 403.078 403.106
553 466.000 430.414 440.377 455.695 464.516 477.045 451.439 463.322 426.384 479.750 447.099
554 405.000 414.427 413.176 409.855 412.100 408.098 407.941 411.963 406.010 412.503 408.678
555 576.000 567.398 565.942 549.106 573.599 574.389 569.607 566.194 569.643 566.093 568.918
556 457.000 421.145 420.615 420.068 420.999 425.139 429.014 413.591 429.020 418.898 424.372
557 478.000 454.824 454.670 459.660 444.152 454.635 451.974 461.707 454.031 451.616 473.209
558 431.000 422.741 416.178 433.039 430.908 441.113 435.901 435.468 436.012 438.328 422.145
559 411.000 379.119 390.088 383.416 379.365 376.807 371.981 375.732 370.195 380.132 375.170
560 409.000 420.734 413.026 416.931 412.787 410.630 416.064 416.740 418.501 410.731 411.739
561 375.000 409.221 428.069 430.432 422.922 401.879 431.625 425.438 438.942 425.696 435.426
562 400.000 385.250 418.886 421.339 409.606 393.068 388.218 382.486 371.794 412.497 388.998
563 331.000 322.743 325.100 319.951 325.051 319.136 326.421 316.124 320.773 324.530 325.808
564 412.000 421.119 425.484 430.189 432.220 417.426 422.253 428.407 433.244 440.681 419.417
565 485.000 466.971 491.648 476.336 479.373 476.610 491.105 467.005 460.576 468.907 469.916
566 407.000 424.147 420.040 420.213 428.740 425.533 424.549 420.427 421.816 422.095 424.296
567 405.000 402.600 406.514 405.935 400.533 406.277 408.999 401.000 399.669 401.067 407.242
568 406.000 392.957 398.280 401.601 400.670 401.136 403.286 401.799 404.037 398.106 404.358
569 342.000 341.247 335.140 333.978 343.485 331.663 338.393 345.227 339.875 340.791 340.679
570 321.000 319.731 325.552 324.764 324.558 326.886 320.432 324.826 326.747 325.870 319.805
571 361.000 375.381 378.467 377.839 369.195 366.879 356.783 365.662 377.221 367.592 368.381
572 387.000 390.598 392.079 383.628 390.244 383.368 383.414 385.204 380.060 372.650 386.212
573 323.000 318.726 318.730 315.984 321.418 317.938 316.501 322.622 323.715 323.513 314.880
574 390.000 386.509 380.819 402.443 389.983 381.154 391.723 387.425 384.020 388.742 391.264
575 440.000 476.160 456.232 455.436 474.780 466.334 475.553 469.569 477.015 479.951 477.233
576 332.000 334.659 342.135 343.791 336.050 340.052 343.913 340.231 339.915 342.333 336.176
577 456.000 485.175 466.282 473.840 480.395 487.505 465.353 475.974 459.464 483.683 439.510
578 488.000 460.993 500.308 482.250 472.677 466.428 468.706 435.300 475.686 436.861 417.000
579 332.000 361.604 367.142 356.292 346.609 367.668 361.175 362.423 390.971 374.365 347.624
580 316.000 330.449 327.780 325.981 326.404 330.810 330.408 333.914 330.313 318.959 323.918
581 459.000 428.048 422.568 426.676 427.438 438.512 423.299 433.248 440.530 424.875 432.420
582 335.000 322.868 323.552 336.300 327.312 328.558 325.743 323.852 320.149 322.864 324.407
583 332.000 330.284 331.914 333.899 333.810 334.224 333.546 336.435 333.274 324.317 336.995
584 459.000 454.231 474.565 472.023 498.355 499.629 477.829 499.579 508.080 511.157 512.931
585 396.000 402.920 411.290 397.721 409.194 399.704 403.495 403.584 400.788 408.348 402.253
586 489.000 488.261 464.343 477.393 475.911 485.594 482.273 495.218 485.137 490.843 482.878
587 417.000 428.337 423.681 418.419 413.590 427.216 433.771 416.418 424.535 427.182 416.792
588 404.000 400.524 395.221 402.459 401.740 397.591 403.056 399.838 399.561 400.863 396.832
589 400.000 420.460 425.968 419.370 416.186 418.863 414.883 417.569 423.428 420.175 436.418
590 357.000 343.208 362.078 353.172 360.256 347.693 341.068 347.182 338.934 357.749 346.576
591 437.000 454.629 472.465 464.427 469.546 454.846 443.162 430.660 431.244 446.752 428.235
592 542.000 551.425 566.938 562.997 551.113 552.967 548.223 552.682 562.010 566.721 549.334
593 419.000 427.338 420.384 427.832 432.783 427.015 429.080 428.343 428.166 420.416 420.114
594 350.000 349.073 383.579 353.237 372.470 342.891 348.610 345.586 350.267 338.577 353.264
595 424.000 407.667 406.621 418.670 424.090 420.302 409.618 419.617 432.958 416.525 407.788
596 443.000 446.757 417.233 422.113 433.428 425.828 424.493 437.418 411.213 416.872 428.178
597 439.000 432.336 435.164 434.514 445.600 435.587 436.172 442.450 431.285 448.962 436.256
598 324.000 317.937 315.985 319.312 324.204 313.595 318.162 316.193 325.807 319.692 319.444
599 311.000 328.064 320.079 318.522 317.774 318.707 316.479 319.185 321.751 321.966 326.683
600 331.000 331.340 329.262 327.940 328.513 328.007 325.687 337.764 338.098 326.051 329.314
601 428.000 420.093 416.690 441.733 424.618 424.283 423.821 421.129 409.686 419.099 427.408
602 400.000 428.084 425.618 427.906 414.909 419.997 421.844 417.953 417.972 428.975 421.786
603 309.000 319.332 321.986 320.380 319.461 318.047 320.809 319.384 321.711 314.129 319.822
604 375.000 375.979 382.326 365.065 374.419 372.680 362.940 367.481 367.631 356.178 372.120
605 450.000 442.104 439.669 436.110 438.503 444.506 431.138 435.171 433.069 431.865 432.290
606 388.000 389.994 385.643 390.538 384.237 393.334 397.654 390.422 397.236 397.682 395.541
607 323.000 322.124 330.736 335.500 317.501 325.601 331.890 326.904 325.659 332.485 334.699
608 448.000 421.518 424.610 434.577 425.732 430.471 431.104 428.986 424.413 432.646 418.440
609 372.000 363.727 369.360 367.484 361.979 358.661 364.616 372.291 365.249 360.966 374.321
610 328.000 322.397 319.437 318.358 316.842 319.695 318.358 318.831 318.870 317.265 323.117
611 460.000 478.961 467.226 454.860 466.186 461.418 472.985 460.339 475.856 450.472 475.076
612 504.000 504.175 510.855 496.605 499.097 527.004 502.447 520.855 507.732 511.315 514.599
613 433.000 466.899 444.786 457.065 445.480 443.756 451.249 453.329 443.560 447.230 441.674
614 564.000 580.386 584.698 567.507 567.028 573.837 569.563 571.440 570.873 588.330 577.810
615 439.000 422.787 396.983 387.992 440.885 413.408 419.336 433.318 413.140 413.555 413.896
616 440.000 445.197 436.345 433.494 434.651 438.872 437.801 433.051 434.367 446.396 443.982
617 484.000 470.955 467.418 471.732 474.201 465.187 462.851 460.886 464.638 476.665 464.976
618 396.000 391.315 399.704 401.232 394.018 400.098 396.031 394.435 395.788 405.145 399.859
619 435.000 419.887 426.683 420.963 419.985 414.367 422.420 434.583 421.756 435.337 423.351
620 397.000 407.851 398.123 409.572 415.678 414.166 403.159 418.668 424.188 448.256 403.661
621 420.000 425.589 441.276 438.643 431.272 424.364 430.471 429.829 437.445 437.323 427.443
622 408.000 423.265 420.862 410.134 408.772 411.492 422.796 418.451 428.644 419.601 414.870
623 437.000 444.188 434.979 445.036 452.091 433.843 440.358 434.000 442.313 436.860 444.406
624 406.000 400.500 407.964 411.522 401.327 399.749 410.267 404.725 406.081 394.809 395.105
625 393.000 367.614 378.837 397.282 395.963 387.441 374.512 363.218 370.390 386.218 399.772
626 452.000 444.427 429.160 424.334 451.528 439.849 442.161 443.287 423.463 431.496 428.478
627 466.000 443.997 460.933 430.153 455.766 445.828 441.039 429.546 454.016 421.949 441.821
628 410.000 470.135 478.840 481.027 475.116 447.748 480.096 467.244 475.708 465.326 477.331
629 447.000 432.400 426.020 433.556 433.639 431.693 430.944 437.129 433.361 431.138 429.825
630 487.000 463.441 455.120 448.083 443.635 445.992 442.240 452.316 449.770 446.814 449.065
631 420.000 435.145 436.355 444.519 436.884 442.074 434.818 437.062 450.811 441.317 447.165
632 565.000 561.119 564.247 556.575 567.300 563.470 561.720 557.331 563.039 564.022 559.093
633 309.000 315.798 318.464 316.066 322.224 318.928 317.314 323.582 314.907 313.639 320.113
634 437.000 433.032 429.105 434.240 430.458 442.777 433.404 445.633 441.742 445.772 434.159
635 481.000 476.091 454.856 473.548 481.683 481.915 489.819 479.010 468.428 459.305 472.665
636 390.000 392.384 397.721 398.918 399.788 392.860 395.503 402.088 397.688 393.633 402.937
637 329.000 324.479 326.442 325.893 320.926 328.687 320.432 323.145 323.902 322.898 325.788
638 349.000 345.451 344.031 343.981 350.007 345.812 350.003 340.901 341.024 346.574 351.344
639 336.000 334.477 329.409 330.868 331.494 330.392 328.043 330.999 332.396 326.289 332.324
640 550.000 516.709 467.768 499.019 477.369 483.697 487.512 515.081 500.078 508.802 510.103
641 315.000 311.776 312.669 308.955 311.277 311.559 314.960 308.871 313.420 311.177 314.126
642 420.000 428.033 424.618 429.292 429.357 417.614 432.634 425.304 422.288 427.329 423.792
643 466.000 445.342 452.290 448.673 454.421 457.736 450.037 463.255 447.920 451.198 448.275
644 315.000 327.173 327.036 331.406 323.460 339.995 324.107 325.563 328.933 334.593 329.982
645 345.000 352.017 364.447 363.148 370.248 362.673 375.486 347.525 347.579 381.454 354.610
646 451.000 440.633 431.889 447.808 439.500 439.483 443.508 438.976 431.539 430.100 440.744
647 337.000 359.288 385.452 370.233 369.338 359.436 359.879 380.864 361.220 372.049 361.569
648 439.000 422.975 414.817 427.231 432.805 425.905 427.805 426.211 426.877 421.284 426.385
649 330.000 319.091 316.452 315.178 316.006 320.167 315.614 314.596 318.240 315.729 314.880
650 538.000 552.982 558.940 556.421 545.072 551.328 554.900 550.539 555.483 537.810 514.854
651 326.000 370.307 387.521 372.915 358.883 386.453 385.250 368.386 399.272 395.919 394.388
652 392.000 392.047 367.219 382.502 405.128 381.604 393.855 405.252 397.064 416.616 364.259
653 366.000 404.236 429.231 391.893 397.649 383.445 389.727 406.760 379.338 413.084 412.439
654 318.000 308.910 321.026 331.575 324.207 335.558 320.395 325.492 323.311 334.699 318.852
655 561.000 491.515 508.204 512.023 499.856 512.801 497.286 524.494 522.686 455.638 505.109
656 436.000 453.170 433.347 430.200 465.664 434.572 446.661 436.162 445.177 453.412 442.676
657 463.000 450.825 450.456 448.073 438.453 443.308 441.072 439.084 443.473 446.280 453.407
658 348.000 355.575 349.938 348.233 345.898 344.714 350.231 350.187 350.866 349.592 351.693
659 313.000 330.928 335.694 328.467 327.146 335.731 329.658 329.568 331.817 334.221 327.515
660 451.000 437.197 464.577 434.187 449.194 455.619 436.409 439.276 442.156 437.747 455.728
661 384.000 373.148 383.932 373.880 379.159 383.793 386.657 385.858 394.830 376.208 384.629
662 459.000 449.476 458.843 441.271 428.724 440.409 470.465 444.691 449.242 441.522 445.359
663 421.000 377.896 391.176 361.719 393.066 381.559 393.730 396.430 373.689 386.887 378.501
664 481.000 460.226 437.839 485.947 476.725 477.062 483.014 450.369 443.044 452.808 482.749
665 320.000 319.417 317.072 320.864 319.758 322.374 322.473 321.067 319.182 322.587 319.645
666 310.000 340.575 329.797 330.328 329.051 334.632 326.545 321.117 336.246 330.110 333.853
667 402.000 407.600 408.813 408.219 405.537 406.751 410.904 408.076 408.712 409.980 406.454
668 530.000 449.402 426.525 444.174 434.479 443.742 429.256 443.180 439.624 443.214 450.113
669 583.000 513.424 549.988 527.117 560.386 557.746 520.536 550.830 568.823 558.120 536.281
670 421.000 421.826 424.625 428.598 425.281 428.411 420.486 425.968 422.622 429.040 421.106
671 415.000 415.404 406.781 411.130 407.604 417.519 411.504 426.814 418.805 416.918 412.331
672 387.000 388.921 405.198 396.154 402.615 394.706 392.354 397.996 396.636 398.350 408.238
673 584.000 556.971 558.051 568.624 563.061 562.659 560.668 563.002 567.556 565.190 561.639
674 307.000 328.552 328.072 326.848 327.534 330.246 329.864 327.578 329.700 331.003 329.745
675 424.000 422.622 420.371 420.005 416.166 412.177 421.591 420.871 419.105 416.214 420.623
676 449.000 438.125 442.414 435.297 432.991 430.107 430.969 427.357 440.931 427.721 437.215
677 610.000 483.798 489.821 502.176 490.574 493.149 472.493 486.249 499.138 506.938 505.283
678 505.000 531.297 536.922 536.702 533.322 519.401 535.131 537.039 537.379 536.280 544.573
679 408.000 399.522 398.077 397.665 399.697 393.779 394.182 396.681 398.904 399.174 398.004
680 377.000 384.530 362.283 377.211 370.609 363.864 367.225 384.320 373.862 362.128 369.464
681 502.000 472.656 426.642 417.127 413.931 440.145 449.156 433.978 432.868 393.638 429.970
682 319.000 328.395 324.053 343.458 329.155 319.190 326.076 348.456 334.074 320.294 331.127
683 394.000 398.470 392.163 395.018 395.145 390.546 396.329 398.811 393.419 392.568 390.368
684 290.000 314.075 317.872 315.365 320.416 314.455 314.309 317.426 314.866 312.419 319.946
685 407.000 421.516 414.015 413.852 405.001 414.273 412.518 416.923 424.780 421.174 416.483
686 444.000 448.692 445.974 442.839 451.369 443.433 443.888 437.045 441.343 440.141 441.046
687 322.000 324.489 319.675 324.216 329.137 326.382 321.757 324.936 325.216 319.082 327.908
688 331.000 327.616 324.942 347.033 326.322 326.975 326.729 327.768 328.142 330.671 328.150
689 402.000 387.855 369.940 392.494 390.075 366.925 353.712 370.277 378.192 389.371 388.906
690 320.000 326.190 317.796 321.032 318.190 324.637 329.510 328.696 317.981 316.580 326.910
691 386.000 386.255 368.937 372.438 373.435 378.794 379.654 383.312 382.809 373.642 382.959
692 364.000 422.290 426.751 423.202 425.156 429.265 428.307 415.215 405.462 416.124 423.792
693 328.000 321.586 324.306 327.610 327.267 330.810 324.885 326.604 327.370 330.337 325.632
694 312.000 327.927 321.600 320.042 323.266 316.547 316.401 322.589 314.043 319.406 324.878
695 378.000 367.683 372.570 365.082 364.102 363.883 365.553 370.538 362.851 359.631 362.667
696 331.000 331.176 328.207 326.846 326.649 331.701 329.709 328.377 326.873 330.537 325.126
697 330.000 321.119 322.683 322.600 320.271 327.186 330.133 321.375 328.380 333.705 328.862
698 451.000 445.958 438.363 444.638 441.589 446.147 449.576 430.143 437.398 443.676 445.460
699 313.000 428.371 382.601 417.601 392.960 389.728 428.918 413.186 398.347 427.495 397.739
700 408.000 419.334 420.967 413.666 419.915 411.808 412.726 411.385 411.522 409.714 404.776
701 440.000 435.846 439.882 443.007 440.089 432.526 434.731 433.757 433.479 434.686 429.667
702 375.000 367.870 352.469 363.240 358.258 351.790 362.878 357.968 357.168 359.574 359.375
703 462.000 456.335 444.287 442.073 453.940 442.679 447.137 439.695 456.770 449.321 446.269
704 450.000 436.521 437.578 438.786 428.464 433.619 417.829 436.664 428.921 436.154 440.385
705 417.000 412.731 409.233 411.228 421.975 410.108 411.478 408.948 412.003 413.003 412.286
706 452.000 435.769 430.877 436.749 432.214 427.453 440.242 426.152 440.011 430.862 428.971
707 526.000 553.216 553.805 548.969 552.500 552.808 551.103 544.292 553.301 554.381 549.230
708 460.000 452.959 449.534 451.707 480.095 447.904 452.110 472.243 447.144 434.198 400.267
709 428.000 437.576 429.915 433.929 430.595 434.266 433.412 421.981 428.417 429.575 428.881
710 310.000 371.758 387.607 406.240 358.938 370.311 386.493 386.733 378.037 371.330 375.977
711 412.000 415.627 407.114 411.717 417.141 410.521 410.482 414.289 410.931 415.142 411.087
712 320.000 374.862 403.842 356.152 387.090 388.365 336.556 368.289 413.678 364.870 389.439
713 468.000 476.070 464.769 463.297 469.196 468.332 470.938 470.961 467.087 472.478 470.679
714 316.000 331.242 325.668 324.178 320.642 323.056 334.865 342.674 325.534 323.444 325.063
715 602.000 593.569 592.080 589.899 590.220 586.461 586.756 592.731 590.378 597.452 582.349
716 328.000 352.710 352.628 373.810 349.861 358.071 351.084 361.407 356.353 364.260 355.248
717 579.000 506.906 535.253 524.997 538.457 543.495 546.552 540.231 541.222 549.134 541.230
718 354.000 363.762 364.520 345.185 353.526 361.550 343.234 344.396 354.763 341.085 365.457
