data_index logt12.observed logt12.predicted.repeat1 logt12.predicted.repeat2 logt12.predicted.repeat3 logt12.predicted.repeat4 logt12.predicted.repeat5 logt12.predicted.repeat6 logt12.predicted.repeat7 logt12.predicted.repeat8 logt12.predicted.repeat9 logt12.predicted.repeat10
1 4.702 3.855 3.691 3.662 3.852 4.339 3.500 3.498 3.757 3.684 4.017
2 4.724 4.772 4.853 4.526 4.555 4.726 4.723 4.734 4.500 4.837 4.837
3 3.525 4.377 4.445 4.458 4.367 4.299 4.555 4.181 3.962 4.357 4.882
4 5.414 2.218 2.432 2.350 2.191 2.221 2.348 2.495 2.096 2.282 2.457
5 4.632 6.517 6.266 6.465 6.280 6.305 6.468 6.097 6.254 6.003 6.250
6 4.475 3.996 4.450 4.371 4.624 4.294 4.401 4.532 4.362 4.515 4.505
7 0.088 4.738 4.749 4.974 4.131 4.867 5.295 4.590 4.737 4.788 4.829
8 2.475 3.527 3.387 3.626 3.402 3.745 3.846 3.484 3.727 3.441 4.145
9 4.763 4.671 4.572 4.574 4.607 4.578 4.493 3.565 4.528 4.532 4.554
10 4.721 4.255 4.333 4.361 4.250 4.021 4.260 4.266 4.026 4.281 4.251
11 5.635 5.014 5.265 5.247 5.326 5.050 5.164 5.168 5.267 5.079 4.940
12 0.776 2.094 2.228 3.166 1.950 2.330 3.546 2.132 1.890 2.288 2.938
13 3.984 2.936 3.171 3.238 3.359 4.153 4.347 3.442 3.290 4.116 3.420
14 0.255 3.511 3.696 3.735 3.557 3.440 2.975 3.403 3.085 3.421 3.890
15 5.016 4.479 4.428 4.591 4.369 4.104 4.430 3.619 4.500 4.419 4.471
16 5.083 5.145 5.162 5.205 5.183 4.542 5.166 5.148 5.147 5.222 5.163
17 4.758 4.660 4.465 4.461 4.399 4.561 4.569 5.170 4.762 4.401 4.705
18 4.565 4.418 4.809 4.610 4.465 4.571 4.773 5.309 4.630 4.474 4.540
19 5.846 3.418 3.818 3.828 3.888 3.573 3.815 4.052 3.228 4.061 3.704
20 5.048 4.743 4.946 4.882 4.883 4.889 4.793 4.767 4.574 4.686 4.887
21 5.336 5.899 5.641 5.774 5.802 5.770 5.820 5.069 5.786 5.704 5.748
22 4.782 5.306 4.433 4.613 4.714 4.590 4.653 4.600 4.544 4.621 4.410
23 6.101 4.164 4.706 5.055 5.117 5.019 4.652 4.561 4.962 4.352 4.482
24 4.999 5.325 5.358 5.366 5.301 5.407 5.584 5.562 5.233 4.940 5.522
25 0.325 3.837 4.257 4.026 4.168 4.307 3.909 3.931 3.738 4.094 4.504
26 5.580 6.020 6.034 5.548 5.835 5.903 5.464 6.073 5.782 5.984 5.950
27 4.196 3.534 2.376 2.475 2.788 2.470 2.806 2.344 3.250 2.350 2.619
28 3.147 4.295 4.161 4.711 4.611 4.420 4.747 4.954 4.911 4.655 4.531
29 4.459 4.532 4.459 3.806 4.761 4.432 4.467 4.509 4.567 4.018 4.662
30 4.712 3.952 3.986 3.638 4.056 4.019 4.007 3.782 4.008 3.773 4.004
31 4.228 4.550 4.679 4.842 4.467 4.626 4.685 4.607 4.797 4.782 4.735
32 4.459 5.091 5.096 5.079 5.065 5.313 4.947 4.991 4.928 5.006 5.123
33 5.033 5.097 5.155 5.167 4.808 5.112 5.165 5.159 5.169 5.060 4.946
34 5.520 4.893 5.119 4.855 5.028 4.771 4.749 4.913 4.804 4.837 4.840
35 5.093 2.930 3.327 3.031 3.027 3.127 2.997 3.011 3.468 3.022 2.923
36 1.105 2.733 2.807 2.624 2.348 2.999 2.546 2.707 2.415 2.436 2.736
37 2.824 3.576 3.600 3.465 3.483 3.429 3.773 3.608 3.442 3.863 3.609
38 4.673 4.194 4.124 3.951 4.354 4.500 4.311 4.309 4.360 4.422 4.312
39 1.358 3.631 3.616 3.992 3.772 3.356 3.647 3.486 3.568 3.895 3.515
40 4.635 2.749 2.307 2.658 2.746 2.410 2.432 3.042 2.383 2.366 2.765
41 1.857 1.569 1.565 1.581 1.650 1.661 1.736 4.280 4.427 1.926 1.644
42 4.779 4.367 4.722 4.225 4.597 4.373 4.229 4.139 4.328 4.522 4.474
43 4.605 3.046 3.065 2.963 3.081 3.559 3.101 2.762 2.862 2.997 3.273
44 3.598 5.647 5.938 5.731 5.678 5.493 5.630 5.680 5.477 5.641 5.478
45 6.092 5.341 5.568 5.795 5.761 5.641 5.661 5.738 5.759 4.862 5.687
46 5.806 5.389 5.132 5.305 5.103 5.315 5.274 5.333 5.372 4.544 5.158
47 6.190 5.257 5.325 5.303 5.053 5.345 5.469 5.164 5.241 5.324 5.236
48 4.878 4.738 3.944 4.604 4.493 4.192 4.513 4.594 4.490 4.596 4.182
49 9.159 6.593 6.009 7.070 6.843 6.710 7.074 5.910 7.007 7.124 7.009
50 2.542 3.627 3.409 3.459 3.585 3.263 3.295 3.815 3.230 3.364 3.784
51 4.146 3.286 3.387 3.546 3.604 3.483 3.248 2.853 3.371 3.263 3.161
52 2.857 3.857 3.362 3.956 3.562 3.429 3.069 3.812 3.606 3.404 3.972
53 4.598 4.774 4.946 5.011 4.960 5.026 4.907 5.031 4.674 4.873 4.909
54 4.732 4.763 4.579 4.681 4.587 5.248 4.722 4.927 4.668 4.917 4.770
55 3.835 5.319 5.235 5.036 4.125 5.068 3.776 4.692 5.092 5.086 5.111
56 6.946 5.874 5.193 5.990 5.498 6.120 6.147 5.333 5.970 5.883 6.286
57 2.208 2.536 2.199 1.940 2.105 2.361 1.951 2.155 1.982 2.195 2.042
58 4.741 4.612 4.723 4.577 4.815 4.800 4.774 4.753 4.698 4.815 4.847
59 4.951 4.715 4.684 4.700 4.754 4.748 4.753 4.824 4.690 4.201 4.769
60 2.235 2.852 2.570 2.746 2.866 2.879 2.814 2.917 2.683 3.039 3.451
61 4.858 6.167 6.088 5.793 5.945 5.772 5.888 6.104 5.764 5.730 5.785
62 4.857 4.752 4.606 4.656 4.563 4.587 4.691 4.690 4.703 4.056 4.710
63 6.982 5.799 5.683 5.613 5.617 5.742 5.920 5.336 6.028 5.729 5.391
64 6.083 3.516 3.677 3.759 4.101 4.024 3.694 3.776 3.893 3.623 3.541
65 4.561 4.742 4.764 4.720 4.792 4.676 4.792 4.782 4.727 4.715 4.894
66 3.561 3.294 3.606 3.294 3.350 3.392 3.286 3.436 3.396 3.375 3.668
67 4.635 5.847 5.658 5.771 5.862 5.744 5.821 5.712 5.657 5.712 5.789
68 2.954 5.539 5.577 5.647 5.641 5.535 5.571 5.514 5.439 5.526 5.446
69 5.617 5.836 5.867 5.815 5.895 5.778 5.955 5.801 6.018 5.755 5.951
70 5.505 5.000 5.728 5.188 4.154 4.351 4.980 4.933 4.986 4.205 5.017
71 7.960 7.371 7.411 7.336 7.247 7.465 7.273 6.942 7.528 7.425 7.454
72 4.028 4.772 4.549 4.832 4.828 4.782 4.768 4.588 4.792 4.832 4.653
73 4.511 4.537 4.466 4.850 4.718 4.326 4.388 4.568 4.475 4.484 4.682
74 6.519 6.054 6.123 6.098 5.826 5.984 5.831 6.120 6.039 6.113 6.095
75 6.261 6.070 6.409 6.306 6.333 6.348 6.369 6.291 6.309 6.384 6.382
76 4.365 2.497 2.408 2.382 2.486 2.686 2.450 2.096 2.597 2.037 2.441
77 2.760 4.256 4.303 4.349 4.281 4.264 4.363 4.282 4.385 4.410 4.280
78 4.104 3.913 3.433 3.858 3.825 3.826 3.865 3.906 3.933 4.361 3.806
79 4.359 4.189 3.899 3.794 3.785 3.904 3.971 3.642 3.807 3.882 3.635
80 2.679 3.698 3.759 3.741 3.239 3.743 3.894 4.452 3.619 3.917 3.886
81 2.631 4.971 4.547 4.696 4.426 4.625 4.578 3.773 3.949 4.316 5.151
82 1.182 4.070 4.103 4.177 4.056 4.253 4.075 4.214 4.135 4.385 4.114
83 5.177 5.616 5.554 5.352 4.683 5.128 4.971 5.350 5.354 5.648 5.065
84 4.515 1.654 1.597 1.635 3.353 1.649 1.288 1.617 1.496 1.616 1.619
85 1.196 2.074 2.795 2.166 2.440 2.721 2.010 2.300 2.617 2.656 2.083
86 5.064 2.737 3.013 3.024 3.202 2.681 3.064 2.868 2.920 2.665 3.171
87 4.861 2.979 3.407 3.497 3.782 3.020 3.194 3.099 3.254 3.403 3.373
88 5.190 3.373 3.768 3.292 3.477 3.910 3.102 3.324 3.645 3.992 3.681
89 3.787 3.658 3.681 3.706 3.233 3.562 3.439 3.438 3.251 3.630 3.050
90 0.255 2.728 2.643 2.782 2.544 3.728 2.866 3.106 2.609 3.042 2.550
91 2.954 3.520 4.750 3.576 3.687 5.034 3.397 3.587 3.528 3.242 3.619
92 2.682 2.993 3.277 2.926 2.951 3.505 2.724 3.473 3.202 3.148 3.014
93 1.033 2.452 2.742 3.041 2.355 2.535 2.488 4.375 4.415 2.478 2.394
94 6.167 5.499 5.656 5.694 5.591 5.607 5.320 5.425 5.546 5.384 5.798
95 3.250 3.822 5.058 3.917 4.003 5.105 4.043 4.066 4.071 3.982 3.939
96 4.804 3.890 3.691 3.831 3.761 3.751 3.768 3.768 3.824 3.751 3.813
97 4.183 3.420 3.330 3.435 2.738 3.135 3.400 3.374 3.368 3.481 2.969
98 2.001 2.971 2.791 2.694 3.012 2.865 2.764 2.840 2.933 2.835 3.212
99 4.529 4.464 4.770 4.816 4.806 4.655 4.634 4.607 4.364 4.562 4.469
100 6.056 5.765 5.677 5.761 5.788 5.431 5.883 5.804 5.406 5.710 5.850
101 5.700 5.176 5.315 4.777 5.187 5.118 5.019 5.199 5.589 5.282 5.123
102 5.937 5.461 5.699 5.175 5.660 5.821 6.036 5.668 5.578 5.803 5.635
103 4.954 5.539 5.688 5.713 5.798 5.639 5.234 5.665 5.725 5.753 5.695
104 4.008 3.996 4.011 4.213 3.866 3.983 3.974 4.468 4.051 4.334 4.028
105 6.799 6.279 6.625 6.519 6.686 6.627 6.266 6.625 6.585 6.916 6.576
106 5.317 6.362 6.442 6.491 6.452 6.311 6.500 6.388 6.409 6.536 6.417
107 5.556 5.086 5.297 5.377 5.378 5.434 5.117 5.340 5.351 5.406 5.075
108 7.898 6.115 6.080 6.378 6.225 6.371 6.180 5.978 6.182 6.416 6.191
109 5.749 5.402 5.305 5.398 5.388 5.100 5.225 5.410 5.463 5.312 5.447
110 5.978 5.455 5.635 5.586 5.345 5.214 5.632 5.718 5.469 5.476 5.504
111 4.883 4.549 4.190 4.250 3.461 3.850 4.120 4.077 4.287 3.505 4.284
112 3.404 4.205 4.176 4.184 4.301 4.328 4.396 4.268 3.804 4.304 4.229
113 4.405 4.086 4.005 4.095 3.936 4.036 4.086 3.628 3.936 4.113 4.177
114 4.401 4.771 4.637 4.794 4.455 4.631 4.810 4.933 4.766 4.679 4.721
115 4.414 3.461 3.511 3.609 3.688 3.516 3.578 3.206 3.464 3.585 3.386
116 4.297 4.512 4.541 4.529 4.507 4.613 4.367 4.492 4.347 4.386 4.457
117 4.113 4.162 4.322 4.239 4.254 4.202 4.183 4.247 4.224 4.160 4.331
118 4.376 3.703 4.234 4.091 4.151 4.174 4.096 3.763 4.261 4.159 3.744
119 1.653 4.224 4.204 4.181 4.162 4.363 4.337 4.176 4.194 4.269 4.277
