data_index lambdaa.observed lambdaa.predicted.repeat1 lambdaa.predicted.repeat2 lambdaa.predicted.repeat3 lambdaa.predicted.repeat4 lambdaa.predicted.repeat5 lambdaa.predicted.repeat6 lambdaa.predicted.repeat7 lambdaa.predicted.repeat8 lambdaa.predicted.repeat9 lambdaa.predicted.repeat10
1 342.000 348.396 357.689 358.832 379.621 387.973 355.570 361.657 375.776 363.784 377.608
2 336.000 352.352 359.376 366.811 358.897 372.580 362.769 356.800 351.656 361.546 362.011
3 434.000 429.789 437.103 431.379 429.314 431.180 427.169 425.930 439.623 429.342 433.144
4 320.000 310.296 318.649 309.133 313.589 316.616 314.737 314.194 311.901 315.204 315.976
5 317.000 350.374 327.002 345.671 327.508 332.051 357.318 324.493 325.072 332.887 320.831
6 432.000 455.325 455.965 459.317 458.340 455.416 455.744 456.087 453.333 458.550 454.891
7 419.000 440.328 435.174 437.206 442.583 436.604 443.065 439.527 432.223 436.281 432.938
8 554.000 498.936 537.943 539.456 507.827 530.941 553.074 551.141 549.449 536.151 522.745
9 438.000 435.061 470.928 461.249 445.674 470.508 451.903 470.989 451.040 439.827 448.607
10 315.000 319.278 317.309 318.799 317.755 315.752 316.732 318.975 317.740 316.658 317.468
11 325.000 328.875 328.676 327.192 325.098 321.988 331.298 325.807 330.653 322.520 327.610
12 492.000 440.302 423.726 440.896 472.173 434.589 453.665 447.821 419.708 433.316 469.788
13 370.000 403.215 365.530 373.301 391.619 364.611 382.467 359.576 377.900 368.297 365.553
14 424.000 428.106 415.848 419.522 414.933 418.899 427.683 425.483 421.693 412.839 417.306
15 400.000 401.848 399.243 399.453 399.510 400.699 400.591 398.936 400.738 399.439 400.993
16 406.000 402.968 400.802 399.732 399.978 398.571 402.006 402.144 400.273 402.033 395.316
17 429.000 416.312 428.022 384.330 430.000 405.932 428.633 410.537 424.485 415.575 406.950
18 450.000 424.086 429.546 438.903 420.546 435.322 424.905 416.269 439.726 413.567 434.934
19 342.000 333.349 333.740 332.381 334.111 333.973 335.751 336.897 331.854 336.549 335.356
20 302.000 326.356 336.931 329.621 325.518 322.812 328.775 327.174 320.703 320.790 328.938
21 437.000 439.714 441.337 437.671 433.478 436.903 431.908 425.811 435.061 425.100 435.558
22 407.000 417.775 416.804 415.964 419.869 418.882 413.055 415.175 416.407 416.269 416.679
23 384.000 395.004 390.487 394.057 400.749 396.995 392.931 395.551 394.265 392.634 397.299
24 371.000 378.094 382.485 390.173 380.277 384.683 381.956 367.915 378.294 387.400 383.658
25 417.000 336.821 337.813 346.182 335.723 330.355 324.729 350.356 339.354 340.969 323.930
26 425.000 431.317 441.152 436.226 434.280 430.959 441.177 437.415 434.849 432.728 437.726
27 350.000 403.909 391.486 398.274 372.996 383.393 405.126 401.093 405.146 379.861 365.869
28 444.000 430.088 427.216 432.314 432.408 439.059 422.208 425.226 429.006 431.592 435.895
29 379.000 441.737 450.135 458.523 457.856 448.575 456.401 461.688 428.018 429.808 450.711
30 400.000 418.762 413.697 416.058 419.869 417.236 414.736 418.346 416.159 417.303 416.679
31 378.000 404.656 401.568 420.481 451.591 405.884 397.178 411.667 403.814 404.008 432.703
32 364.000 375.010 371.439 369.194 373.617 384.200 373.732 375.225 376.065 371.869 382.183
33 360.000 368.612 358.989 364.889 361.044 367.609 361.289 365.987 361.292 361.166 361.293
34 382.000 362.621 389.413 402.555 395.515 380.500 406.950 398.564 398.694 394.505 381.035
35 527.000 489.060 485.305 498.538 456.521 501.448 451.705 445.825 468.244 471.167 485.188
36 408.000 404.599 402.125 403.770 389.332 408.847 401.336 395.876 403.427 392.668 398.680
37 421.000 401.725 404.439 376.608 360.744 385.718 383.879 387.824 416.143 384.172 385.335
38 346.000 342.941 330.393 332.252 330.225 335.572 328.121 337.370 333.884 333.515 334.994
39 478.000 519.700 522.023 473.361 501.561 483.855 521.195 522.207 509.739 523.823 513.454
40 420.000 437.306 436.330 426.979 423.632 432.555 432.538 438.779 445.635 429.878 431.391
41 430.000 444.897 443.285 441.189 439.006 438.915 425.797 449.126 444.046 444.076 440.994
42 623.000 557.641 549.533 548.733 568.203 550.372 566.426 560.827 539.208 562.359 532.932
43 457.000 435.742 441.257 437.433 431.803 439.462 438.606 428.479 442.687 433.330 447.228
44 424.000 429.063 436.971 428.398 431.389 433.850 432.185 439.260 423.942 436.197 437.016
45 456.000 428.129 442.070 454.765 461.283 449.520 436.200 456.025 468.257 456.224 453.314
46 411.000 406.332 408.587 405.448 409.239 408.523 402.431 405.501 399.413 406.201 412.923
47 413.000 443.799 435.135 435.597 431.404 441.993 436.731 434.101 430.309 438.977 433.522
48 332.000 345.176 358.524 372.385 344.507 334.728 347.321 359.808 343.550 356.378 344.358
49 489.000 480.952 469.312 469.434 472.536 469.015 474.198 462.333 467.682 468.228 468.198
50 425.000 388.900 398.788 376.067 417.663 387.313 385.301 381.939 389.661 388.820 409.300
51 359.000 401.425 416.462 385.611 394.022 401.502 383.168 392.750 383.003 400.470 411.802
52 418.000 415.723 416.739 419.731 412.808 415.912 415.947 413.905 416.731 416.043 415.234
53 325.000 319.678 318.914 318.799 315.960 318.952 317.516 316.936 317.178 317.915 316.448
54 447.000 444.239 444.852 429.014 437.990 434.949 432.911 440.308 437.591 438.697 449.998
55 464.000 487.525 471.363 484.689 487.495 486.700 489.373 486.281 482.895 482.041 495.773
56 431.000 418.556 425.532 418.903 428.010 428.408 422.927 427.882 422.966 427.934 422.861
57 332.000 329.675 338.309 329.316 335.836 330.452 335.984 337.347 337.139 335.393 341.388
58 329.000 415.680 444.766 442.915 417.188 435.666 449.219 436.674 432.688 425.021 420.841
59 315.000 317.385 318.699 317.212 316.406 317.292 315.768 316.917 319.819 318.988 318.364
60 396.000 400.301 398.532 404.264 401.823 398.366 391.088 399.642 399.955 405.239 406.931
61 390.000 379.085 378.916 379.546 376.163 383.663 380.232 381.490 375.964 376.320 382.326
62 423.000 446.030 446.958 434.523 451.236 441.975 447.271 443.521 448.364 434.700 453.567
63 430.000 437.303 447.868 447.754 441.010 444.571 447.890 469.173 440.719 442.783 443.970
64 429.000 421.316 421.481 419.558 422.455 428.994 424.309 423.148 422.432 423.054 424.323
65 467.000 451.122 440.575 450.177 445.002 438.625 441.664 459.299 468.921 445.484 456.582
66 602.000 574.070 580.499 560.719 546.960 531.062 550.080 561.770 560.906 550.714 575.357
67 461.000 448.897 445.508 465.646 450.268 459.377 457.952 441.540 466.711 441.367 461.026
68 342.000 339.688 340.374 340.790 339.641 342.136 339.085 341.790 345.457 340.915 340.813
69 545.000 471.700 500.200 506.181 428.700 534.171 503.604 534.083 510.535 491.948 477.931
70 415.000 413.066 412.264 414.472 413.530 415.749 413.938 415.407 415.184 415.455 414.962
71 365.000 393.319 383.945 370.859 379.725 381.060 376.870 376.275 370.113 368.644 364.276
72 429.000 451.682 441.014 443.156 438.396 444.326 449.832 467.906 440.432 440.967 449.657
73 336.000 336.199 335.189 335.062 333.367 333.521 332.876 334.568 337.750 334.763 332.654
74 302.000 316.356 315.191 320.535 318.741 315.225 314.507 316.299 321.519 313.951 321.926
75 426.000 433.118 432.762 436.088 443.747 436.790 441.177 438.210 438.748 438.241 440.301
76 364.000 384.200 387.661 379.228 378.637 398.934 389.438 389.383 379.422 387.449 382.327
77 451.000 420.525 432.521 422.444 426.273 423.013 422.139 422.918 426.448 425.850 429.702
78 573.000 561.918 561.693 551.985 548.510 561.498 554.935 545.737 550.178 549.033 535.655
79 447.000 450.304 444.916 446.341 448.834 443.863 438.903 446.083 446.563 446.220 443.516
80 322.000 328.920 330.016 329.695 330.640 328.501 328.778 329.135 329.833 331.809 328.499
81 586.000 585.517 576.018 582.175 582.374 577.593 576.251 553.419 579.749 573.480 577.636
82 459.000 440.092 452.600 445.000 450.900 467.700 424.425 443.700 449.650 451.375 429.750
83 405.000 423.621 422.989 418.411 414.753 418.851 418.687 424.128 422.842 416.697 418.504
84 434.000 420.033 420.261 421.353 424.244 423.478 425.045 422.613 420.776 420.630 418.235
85 441.000 451.931 447.789 450.618 444.332 446.443 448.740 450.180 454.788 447.704 451.079
86 403.000 413.184 413.191 414.880 413.457 414.087 413.478 412.098 413.604 413.494 414.904
87 450.000 427.956 426.485 435.080 431.130 420.160 433.958 427.968 425.920 430.887 425.871
88 372.000 370.650 371.800 373.467 374.244 371.236 370.490 374.262 375.044 368.387 374.989
89 400.000 409.021 426.555 410.464 404.044 409.381 440.066 414.913 411.793 404.344 413.092
90 545.000 532.221 567.533 538.339 547.612 540.447 561.800 536.430 543.856 537.546 530.436
91 411.000 409.434 405.253 402.712 403.515 406.831 425.056 394.579 414.296 424.586 412.903
92 344.000 357.754 352.739 351.211 360.247 351.920 357.234 351.910 350.787 353.204 355.555
93 502.000 524.075 529.700 521.540 528.426 530.812 522.290 523.409 513.994 514.579 552.975
94 401.000 441.169 449.838 433.443 470.321 450.881 449.175 445.902 440.849 449.562 453.473
95 407.000 447.218 426.738 441.986 420.415 421.878 430.638 436.677 437.138 424.030 427.013
96 444.000 431.988 435.062 433.161 434.499 436.790 431.419 437.975 448.952 446.606 427.203
97 321.000 316.081 318.206 313.143 317.606 315.532 317.929 318.417 320.029 318.351 311.426
98 584.000 573.041 574.479 578.806 586.422 588.568 588.021 568.431 582.151 589.838 581.556
99 480.000 540.903 520.042 550.208 545.126 519.604 513.719 522.479 525.355 511.984 515.225
100 510.000 494.910 513.815 462.247 516.017 497.740 497.736 513.755 489.278 492.703 500.941
101 408.000 423.722 419.230 405.224 412.342 418.098 430.156 423.286 415.887 426.091 419.586
102 323.000 328.539 333.188 332.947 328.670 334.210 331.008 329.038 331.514 331.130 333.513
103 438.000 449.001 455.742 462.684 446.038 448.007 428.121 454.247 458.770 455.391 457.180
104 417.000 414.574 415.551 413.816 414.629 417.995 413.938 416.096 415.970 413.382 413.888
105 429.000 425.563 421.474 420.038 422.935 426.492 425.216 428.075 429.150 426.787 423.504
106 434.000 426.636 424.941 421.373 428.446 420.879 425.139 422.170 420.558 423.100 424.524
107 442.000 439.704 437.146 428.476 447.018 448.105 438.927 427.577 446.650 429.869 446.272
108 410.000 412.544 414.147 413.380 414.268 413.467 413.855 413.233 408.019 412.342 415.020
109 335.000 439.965 424.594 434.861 424.759 437.923 439.131 429.477 415.508 422.125 415.560
110 515.000 501.825 485.125 507.076 515.195 508.564 523.552 501.766 505.854 517.420 507.350
111 400.000 402.831 400.039 399.213 400.631 400.966 400.882 400.630 400.189 398.589 399.218
112 429.000 432.328 427.750 434.415 433.318 427.611 435.215 435.612 433.566 434.688 434.269
113 432.000 455.132 462.991 453.873 470.973 451.702 463.842 479.484 456.534 453.517 453.614
114 335.000 332.468 336.044 333.513 334.507 335.765 334.624 331.572 333.255 332.972 334.486
115 395.000 394.596 394.293 398.952 398.477 400.838 414.239 402.093 397.048 396.795 401.151
116 341.000 323.763 335.484 331.545 333.801 334.896 333.334 349.879 341.258 339.287 337.130
117 425.000 416.233 416.259 414.515 414.300 415.577 414.153 422.690 417.118 416.459 415.611
118 351.000 362.525 372.887 368.372 362.384 374.564 358.448 374.896 374.163 369.837 364.482
119 315.000 318.504 316.551 320.268 320.800 318.087 317.048 316.049 317.072 317.889 319.698
120 320.000 315.075 316.841 314.007 319.666 319.430 313.429 313.982 314.326 314.829 314.626
121 588.000 563.572 553.984 559.629 552.932 556.297 568.500 557.085 573.602 552.470 566.449
122 469.000 461.714 491.670 458.862 489.474 489.977 469.080 471.826 477.025 482.869 481.536
123 321.000 339.606 342.934 343.273 342.025 348.873 343.229 353.164 344.030 337.325 332.654
124 310.000 440.250 407.950 414.550 369.900 390.243 399.363 403.205 402.743 425.467 394.179
125 362.000 364.826 363.753 358.392 365.632 369.798 375.713 346.939 359.123 383.734 377.806
126 332.000 408.151 420.754 426.052 435.182 421.910 434.950 408.147 421.553 433.949 385.332
127 307.000 351.945 332.382 338.863 343.440 333.622 338.497 335.942 329.953 337.801 337.581
128 400.000 402.558 399.578 401.644 396.222 398.737 401.441 400.463 402.301 401.586 399.251
129 490.000 485.358 488.922 469.400 488.140 475.697 480.973 494.543 486.192 457.721 506.741
130 354.000 361.418 363.906 358.781 354.753 359.401 362.558 357.028 353.984 356.200 357.786
131 326.000 328.123 326.797 325.383 326.051 327.133 327.447 327.986 327.177 327.931 327.645
132 326.000 328.529 323.146 322.924 332.600 350.287 329.714 319.238 327.972 330.746 327.089
133 409.000 411.715 412.155 411.480 412.032 414.357 411.754 412.558 411.487 412.703 413.119
134 562.000 435.459 442.326 448.146 444.877 456.877 450.921 444.367 458.877 447.281 431.656
135 332.000 368.892 401.686 381.581 374.569 359.955 372.256 390.568 393.498 359.767 363.998
136 472.000 497.583 474.180 495.030 487.312 512.715 485.494 480.369 488.354 492.820 476.434
137 405.000 412.015 414.763 413.917 416.042 413.310 415.225 413.547 415.333 415.745 413.814
138 394.000 403.996 399.288 389.230 382.578 414.147 407.164 395.179 406.194 411.284 401.282
139 324.000 330.960 331.443 331.018 326.583 331.759 329.351 331.201 326.681 334.216 327.496
140 555.000 554.229 542.025 532.358 540.802 549.401 527.261 539.785 538.354 538.616 540.433
141 324.000 322.730 324.274 325.640 323.847 328.984 325.783 326.118 327.232 326.786 329.552
142 422.000 453.535 453.389 458.190 453.413 455.477 455.576 445.715 455.659 447.213 448.170
143 429.000 435.493 439.574 438.924 427.670 426.993 434.376 423.603 432.103 427.117 418.792
144 314.000 322.776 314.120 316.438 314.649 319.430 314.903 312.935 312.748 313.688 314.603
145 445.000 452.372 440.476 448.098 448.705 441.882 448.467 445.887 461.391 442.869 450.260
146 420.000 426.867 419.884 424.378 427.851 424.895 427.119 429.153 419.073 418.775 417.434
147 350.000 352.526 355.100 354.450 353.141 352.743 348.534 354.822 352.600 353.596 356.273
148 381.000 362.350 362.705 367.489 350.249 363.895 366.275 363.704 373.768 359.596 360.083
149 340.000 329.661 330.125 350.433 339.220 335.683 332.511 337.450 336.136 325.669 348.112
150 462.000 450.842 463.895 467.630 466.984 437.239 458.610 456.773 468.176 451.007 454.756
151 545.000 532.003 535.001 534.720 528.023 532.344 535.808 520.952 528.467 520.163 527.836
152 401.000 423.697 418.554 405.457 401.506 411.481 418.767 409.945 423.698 410.023 406.358
153 450.000 467.054 475.830 490.702 447.151 477.788 493.353 479.420 431.615 476.561 457.623
154 495.000 526.585 521.399 542.199 522.018 516.167 518.961 530.079 520.675 506.294 532.748
155 415.000 441.050 416.702 445.102 441.563 405.606 435.170 430.025 400.215 437.981 435.214
156 580.000 507.412 525.342 523.300 522.479 516.183 512.078 518.925 524.703 523.776 520.125
157 412.000 416.885 412.546 411.443 411.215 410.604 411.660 412.714 411.358 414.845 411.992
158 446.000 453.134 440.439 440.385 444.984 449.049 445.091 451.118 442.991 439.846 466.200
159 330.000 360.958 364.942 357.552 367.197 395.757 353.164 357.897 373.801 366.344 369.172
160 325.000 315.323 320.561 330.355 319.058 330.540 327.252 319.185 326.135 338.778 330.954
161 316.000 315.576 321.361 311.847 316.757 318.073 318.147 315.718 314.699 317.751 315.853
162 408.000 398.431 392.818 391.995 395.767 392.323 394.113 403.921 394.747 401.391 399.715
163 428.000 409.041 398.469 400.330 410.914 412.112 406.664 416.454 416.783 412.991 415.160
164 396.000 494.471 496.217 492.978 480.198 497.623 480.147 494.066 512.670 489.750 494.795
165 385.000 358.000 357.996 345.616 350.176 353.376 371.850 362.917 362.455 357.491 361.438
166 335.000 333.697 334.034 334.679 334.317 334.807 335.263 334.260 333.443 333.635 335.283
167 339.000 337.205 334.279 332.657 330.912 331.698 331.759 333.429 329.781 327.666 331.498
168 419.000 426.537 429.505 432.191 439.265 426.357 429.553 427.372 429.394 430.990 428.012
169 321.000 318.128 318.855 319.600 323.339 318.435 316.571 319.574 318.444 319.814 326.020
170 419.000 413.532 413.903 413.490 414.268 415.004 413.434 410.713 413.205 416.997 412.708
171 423.000 427.515 428.318 426.996 427.647 427.075 429.455 425.889 424.292 423.098 427.892
172 416.000 424.630 421.400 421.461 426.667 419.929 427.219 420.614 420.610 425.057 427.144
173 434.000 443.583 440.073 429.206 438.487 435.558 452.390 442.738 439.914 431.455 430.503
174 329.000 341.242 354.858 352.473 344.288 344.261 359.822 352.351 344.702 343.252 338.904
175 450.000 429.560 436.178 434.443 437.185 439.381 424.631 430.818 431.440 435.737 440.128
176 333.000 328.430 325.501 325.383 326.051 325.805 324.969 325.724 325.833 325.340 325.049
177 420.000 424.596 427.013 426.279 439.889 426.970 426.594 421.387 427.530 431.514 418.877
178 315.000 324.703 321.037 324.998 319.823 320.176 319.790 331.738 319.995 320.741 326.476
179 349.000 349.610 358.242 355.732 352.598 347.143 345.845 348.965 360.358 353.776 359.812
180 431.000 422.351 418.648 416.743 412.994 414.957 430.033 412.221 416.750 426.976 418.383
181 407.000 412.712 412.357 411.001 407.576 411.390 414.188 415.332 411.961 416.940 410.972
182 424.000 411.760 413.823 413.153 414.223 415.598 412.347 412.900 415.810 412.466 412.635
183 425.000 414.097 412.312 416.644 413.250 415.937 421.205 421.168 415.097 416.913 412.051
184 588.000 580.215 585.094 574.853 581.325 574.976 577.677 581.871 584.054 583.796 558.285
185 332.000 330.045 326.180 328.494 324.701 325.003 325.295 327.586 325.396 324.562 325.235
186 379.000 418.919 419.636 416.306 440.024 419.554 423.635 427.565 428.079 435.496 429.252
187 586.000 584.645 585.901 586.566 583.380 569.681 587.467 579.502 587.481 568.298 584.615
188 528.000 556.610 554.397 569.840 556.489 560.074 570.794 566.403 567.492 547.636 523.043
189 425.000 426.194 430.008 434.557 441.875 448.027 446.474 427.266 422.310 431.180 430.054
190 398.000 402.724 388.528 396.826 391.378 389.994 390.345 389.126 399.557 391.980 393.495
191 492.000 487.887 469.092 483.254 478.734 478.835 494.583 493.928 476.392 454.025 483.134
192 395.000 414.471 413.339 413.124 412.303 412.640 414.177 414.101 415.506 414.597 413.888
193 503.000 423.628 421.832 449.981 454.571 440.677 450.882 424.566 441.720 417.197 447.768
194 402.000 413.841 414.496 413.387 417.190 415.076 416.681 416.946 420.369 415.232 416.443
195 316.000 326.748 325.472 322.896 328.421 323.793 330.683 328.053 324.532 326.228 326.331
196 537.000 524.361 529.272 506.010 520.869 532.935 517.993 522.713 508.020 520.763 506.173
197 426.000 424.605 421.455 426.254 423.058 428.287 429.943 429.431 428.365 431.873 428.468
198 414.000 433.595 434.328 449.171 439.813 432.576 437.550 438.690 436.157 441.164 445.829
199 460.000 531.962 545.963 521.300 525.176 517.702 537.858 508.950 532.137 528.550 537.142
200 438.000 432.447 441.060 451.574 443.256 439.580 442.981 446.708 434.863 435.468 444.720
201 418.000 416.134 412.153 410.070 420.878 413.294 418.275 415.985 419.888 419.573 418.842
202 432.000 402.407 387.509 395.285 385.347 388.218 409.142 420.133 398.187 394.174 409.352
203 422.000 425.229 438.750 439.230 436.876 429.184 433.158 432.486 430.611 435.876 430.983
204 450.000 443.461 434.277 437.708 453.917 435.959 432.661 436.038 444.961 448.183 446.198
205 362.000 382.331 390.437 371.663 378.878 404.580 385.831 389.597 397.727 400.775 379.603
206 500.000 463.025 453.895 464.529 473.512 439.407 428.155 449.592 439.060 455.717 464.115
207 361.000 366.002 367.888 361.229 363.608 371.026 370.092 364.124 339.331 377.140 368.992
208 439.000 428.748 436.876 450.859 438.441 446.340 433.523 456.401 441.442 461.080 467.732
209 382.000 480.123 459.988 446.703 458.536 465.376 479.335 446.990 470.130 461.700 471.475
210 446.000 444.691 456.288 455.548 449.499 447.607 455.410 451.748 476.633 448.706 449.599
211 420.000 423.626 424.240 434.418 455.279 421.886 427.863 428.582 424.780 431.514 423.552
212 420.000 422.969 423.753 422.904 420.000 424.914 426.535 435.947 422.581 420.763 426.823
213 488.000 411.092 397.350 412.870 414.512 406.148 414.918 401.384 392.353 416.318 421.979
214 395.000 401.687 401.245 394.543 402.220 400.740 397.444 397.841 402.717 398.639 401.354
215 399.000 411.034 413.703 413.783 412.399 412.772 410.665 412.558 411.747 410.855 413.119
216 356.000 349.815 355.580 354.995 353.608 355.354 354.784 356.295 351.568 360.651 355.696
217 440.000 445.016 437.785 433.446 438.601 433.703 434.929 432.200 438.524 434.893 434.951
218 342.000 331.692 324.307 339.424 332.810 332.779 328.299 335.648 333.309 321.758 327.087
219 535.000 520.429 507.517 490.783 481.750 515.608 536.706 523.765 502.200 518.574 540.145
220 525.000 476.792 491.158 502.145 474.132 492.144 476.532 482.932 499.658 475.090 521.353
221 526.000 519.201 514.287 518.106 516.536 515.812 505.385 498.533 516.691 513.651 507.619
222 318.000 324.408 325.804 324.624 330.391 326.000 339.281 336.276 324.050 324.130 330.118
223 518.000 476.634 476.702 469.141 501.153 465.594 487.042 483.893 470.391 481.725 466.907
224 366.000 362.423 363.138 358.108 369.279 357.400 361.671 369.456 363.596 362.197 373.257
225 349.000 362.743 366.078 359.526 371.981 353.788 364.091 356.806 354.546 363.365 359.832
226 396.000 400.537 400.312 402.272 399.542 400.867 401.395 401.908 399.618 399.243 401.816
227 380.000 381.200 375.066 382.999 383.861 386.704 383.842 381.665 383.521 386.642 379.914
228 375.000 362.515 373.552 368.492 357.363 365.889 368.654 361.214 366.955 360.239 370.353
229 455.000 453.151 465.394 458.333 467.626 453.838 456.024 464.117 460.830 471.505 468.517
230 428.000 418.997 439.786 435.772 417.880 425.377 424.248 438.064 426.543 435.722 424.778
231 334.000 335.068 333.843 338.060 334.238 332.214 335.826 341.944 333.495 334.356 338.337
232 337.000 351.596 357.500 350.571 346.950 335.382 341.637 346.695 345.420 351.615 347.095
233 418.000 429.302 421.800 422.526 425.930 429.700 423.607 426.657 425.949 420.598 429.194
234 310.000 314.254 321.173 308.474 320.848 312.459 315.938 307.447 327.092 316.042 323.967
235 395.000 403.700 399.202 397.684 401.091 398.075 400.306 402.191 401.554 399.283 403.109
236 450.000 448.869 458.217 437.680 401.155 453.001 434.388 454.677 466.121 449.902 434.832
237 368.000 361.796 371.060 366.292 366.021 363.803 358.925 369.698 371.024 360.317 373.728
238 468.000 454.601 434.654 466.883 474.026 458.285 455.898 457.895 421.913 430.647 469.888
239 305.000 312.330 310.896 311.569 316.412 310.127 309.588 317.450 314.407 312.506 313.503
240 303.000 310.673 314.484 314.328 315.884 316.441 321.040 324.158 314.551 315.405 313.978
241 316.000 353.967 351.690 372.673 368.529 348.052 354.498 340.229 365.089 341.220 336.941
242 360.000 381.862 422.114 388.420 417.255 384.625 388.367 389.370 426.124 364.642 370.185
243 466.000 450.973 448.241 444.119 446.614 428.652 444.796 443.320 439.114 450.005 437.890
244 422.000 430.966 429.576 422.847 441.960 428.113 420.055 439.532 428.938 427.954 426.078
245 418.000 389.528 398.063 388.994 390.042 404.208 383.083 402.230 399.843 389.002 403.521
246 409.000 417.037 415.056 415.338 414.268 416.818 414.654 416.335 417.125 417.249 416.367
247 326.000 331.290 330.503 329.010 326.368 333.614 331.287 327.207 332.406 328.406 326.062
248 328.000 399.228 412.200 376.071 394.092 390.632 391.804 399.312 387.677 429.126 384.261
249 369.000 384.283 387.462 386.092 368.625 403.650 381.038 386.020 373.082 390.979 387.573
250 346.000 332.023 329.035 334.751 326.985 329.643 332.377 332.628 330.312 331.727 329.248
251 407.000 416.059 415.890 414.665 417.655 416.902 414.475 416.410 413.873 415.100 416.508
252 414.000 375.582 378.819 373.879 390.104 381.333 384.267 378.930 387.367 378.245 397.172
253 501.000 489.532 474.697 488.288 487.464 478.323 480.249 479.379 477.317 495.876 501.726
254 421.000 412.156 413.339 416.009 416.039 413.638 415.037 413.547 414.737 413.546 415.568
255 316.000 323.753 316.524 317.399 314.961 329.655 317.328 319.423 317.595 316.690 321.269
256 328.000 327.434 326.780 329.692 335.161 333.328 326.707 325.778 326.277 331.389 327.096
257 445.000 466.248 446.211 468.777 482.456 446.359 464.416 435.920 462.195 480.394 476.919
258 371.000 408.400 419.125 390.042 412.546 406.933 415.565 398.880 391.134 392.910 392.849
259 484.000 427.452 418.278 410.388 433.690 435.586 420.035 431.351 433.510 426.760 420.340
260 418.000 412.856 412.264 414.013 413.530 413.685 414.551 412.900 415.184 414.540 414.675
261 371.000 368.933 378.900 383.734 378.170 374.418 367.028 374.254 375.770 381.970 380.107
262 331.000 327.445 323.968 326.352 325.534 327.384 329.068 328.062 325.942 324.219 340.669
263 586.000 538.917 554.203 536.683 542.783 551.958 543.140 534.249 544.849 540.708 537.155
264 434.000 438.138 433.671 440.158 452.957 430.668 432.663 424.624 433.694 446.901 434.141
265 412.000 439.839 443.092 447.612 445.963 442.819 441.411 443.824 455.744 446.523 442.724
266 483.000 452.109 456.789 438.291 440.338 456.178 435.452 438.850 416.177 413.644 450.436
267 393.000 385.666 390.599 397.979 400.650 384.608 398.724 387.135 394.931 384.215 399.146
268 386.000 384.087 395.919 399.671 392.894 390.438 390.596 394.031 392.515 394.384 398.439
269 344.000 341.387 368.406 345.500 360.975 378.400 377.717 345.292 385.088 370.300 342.812
270 392.000 392.046 381.062 412.042 392.225 412.536 393.829 393.400 396.975 385.070 399.470
271 460.000 436.306 460.511 437.417 439.617 427.013 427.639 432.205 462.848 441.126 460.115
272 321.000 319.825 324.579 324.252 321.454 323.292 316.904 324.090 328.987 319.866 325.124
273 311.000 371.392 348.837 353.340 347.934 340.176 336.528 340.069 343.821 344.546 337.722
274 391.000 378.174 376.544 377.779 368.410 399.408 365.133 371.563 383.082 360.395 366.025
275 431.000 450.478 451.724 445.367 438.829 431.123 434.826 460.186 433.209 434.288 437.347
276 357.000 352.998 352.959 352.522 352.409 353.922 352.887 353.060 353.656 354.491 352.795
277 414.000 427.666 447.986 443.151 418.998 442.867 449.311 423.274 445.145 424.540 438.909
278 452.000 428.808 444.524 438.582 439.717 437.356 438.752 432.496 434.453 441.973 439.973
279 437.000 443.031 386.386 422.703 405.357 424.624 414.087 427.563 419.967 407.314 424.504
280 315.000 320.254 317.910 317.916 318.780 320.175 317.889 317.090 319.910 318.717 320.592
281 435.000 447.915 454.517 445.025 451.726 437.985 432.494 446.378 437.241 438.218 437.752
282 448.000 443.993 454.723 466.673 461.683 454.732 443.231 447.755 454.604 482.388 457.552
283 416.000 415.479 416.759 414.327 415.806 418.070 416.503 413.788 419.138 417.103 417.564
284 328.000 333.084 343.616 338.393 340.257 351.276 345.443 347.315 349.629 337.238 346.912
285 390.000 401.478 400.000 401.811 400.438 400.183 401.165 401.381 403.559 400.512 401.286
286 310.000 322.776 318.541 313.122 316.676 319.430 318.344 317.191 316.737 319.409 325.133
287 365.000 364.655 364.646 361.997 363.663 366.175 362.831 359.818 360.197 360.969 365.496
288 402.000 413.057 416.546 415.075 416.187 414.709 410.797 416.861 415.384 417.218 417.578
289 372.000 378.222 376.700 376.130 372.596 368.538 379.887 373.625 376.850 374.812 377.250
290 428.000 364.483 372.737 418.770 407.612 403.735 397.645 396.504 383.367 416.200 386.246
291 267.000 423.988 449.522 448.813 437.651 444.799 439.766 432.041 432.106 438.369 422.604
292 330.000 332.181 329.730 334.761 342.377 341.248 333.520 341.219 337.895 334.509 354.287
293 598.000 589.364 589.047 595.837 576.707 592.915 543.434 571.744 599.942 572.364 587.260
294 392.000 397.360 390.430 408.407 403.159 418.425 438.973 422.094 414.356 408.664 395.008
295 430.000 519.365 507.685 523.406 527.417 512.533 539.413 518.005 519.165 523.676 516.203
296 340.000 403.960 400.831 385.156 399.432 445.426 410.889 414.068 401.042 396.130 422.061
297 312.000 328.188 327.364 322.760 331.430 348.295 339.358 325.914 326.259 337.214 331.605
298 327.000 371.392 339.521 331.195 330.910 325.684 341.493 332.738 316.699 327.361 335.749
299 342.000 355.348 374.608 355.499 376.029 356.375 351.381 350.243 359.042 352.789 356.890
300 417.000 412.008 412.843 414.959 414.036 415.630 413.986 417.566 414.593 418.067 413.659
301 318.000 321.142 319.421 319.418 320.583 321.823 318.550 321.532 321.273 320.504 319.918
302 329.000 325.628 331.394 325.497 325.615 322.290 326.952 333.072 331.138 329.318 324.744
303 339.000 336.449 341.304 336.825 332.601 343.995 339.536 328.378 329.984 330.916 336.670
304 334.000 331.760 330.797 329.594 334.701 330.661 333.065 328.579 328.271 331.273 330.637
305 346.000 360.383 362.243 349.564 361.753 363.064 362.825 361.790 372.212 370.987 360.044
306 420.000 422.957 424.428 422.535 425.356 428.657 425.407 425.003 428.522 425.249 427.918
307 371.000 386.807 383.600 376.557 383.667 380.054 379.435 369.686 391.036 373.393 378.733
308 560.000 561.183 567.465 579.830 564.573 563.604 556.509 574.265 566.869 574.915 573.569
309 512.000 485.782 450.314 458.906 445.808 457.913 442.436 459.152 462.177 476.889 475.381
310 410.000 429.701 425.534 424.816 421.512 431.348 422.223 435.606 421.101 425.371 425.311
311 473.000 465.913 459.515 466.952 463.728 466.293 472.844 475.482 464.975 471.460 456.253
312 427.000 417.428 414.320 414.726 416.241 415.787 418.168 420.824 413.097 416.307 414.394
313 326.000 346.944 349.331 344.622 347.152 335.706 363.570 342.695 340.203 347.776 355.557
314 405.000 395.154 388.446 397.178 401.247 395.644 394.747 398.230 401.478 385.522 399.580
315 442.000 446.287 445.189 439.617 443.037 438.067 446.869 451.805 447.333 449.462 447.926
316 330.000 338.144 340.586 332.211 343.926 338.928 326.240 333.902 329.448 332.350 339.418
317 328.000 326.383 342.213 324.767 339.514 326.202 332.510 343.281 330.022 336.712 324.567
318 436.000 427.493 433.070 429.584 434.996 434.343 428.059 434.224 426.459 423.576 432.933
319 410.000 413.969 412.633 413.696 412.477 414.319 413.434 413.105 415.254 413.518 413.635
320 462.000 470.382 448.561 460.167 476.756 442.719 462.606 447.882 469.633 469.413 445.559
321 471.000 435.605 442.958 448.823 443.878 442.976 445.901 445.600 447.487 444.697 442.643
322 427.000 424.174 423.452 423.180 427.530 422.404 425.141 419.678 425.515 420.434 425.265
323 464.000 439.456 436.285 439.430 436.205 436.664 441.578 444.917 443.145 441.436 435.536
324 446.000 486.152 463.038 476.538 475.346 462.703 459.333 453.561 474.060 482.778 457.898
325 583.000 581.136 568.244 579.773 571.107 584.212 580.146 580.462 565.452 583.579 582.210
326 562.000 472.710 483.335 466.523 476.918 485.190 469.656 481.596 486.953 463.249 474.526
327 313.000 325.080 327.924 316.073 320.968 320.397 318.488 317.881 316.249 319.147 318.765
328 422.000 407.598 412.665 395.115 403.297 429.439 406.084 417.720 392.379 412.692 413.919
329 382.000 385.062 377.680 406.534 389.333 391.354 391.834 403.875 386.635 392.399 399.338
330 398.000 367.350 391.550 382.942 366.692 372.223 387.600 364.974 376.886 403.022 393.000
331 371.000 375.747 380.233 380.680 383.192 394.850 373.850 368.969 371.147 374.257 365.722
332 414.000 417.366 432.492 413.400 419.165 409.977 412.761 425.381 416.488 421.766 414.792
333 440.000 439.519 435.911 436.527 433.633 428.253 432.089 431.887 431.463 432.780 434.503
334 599.000 572.448 564.264 564.000 575.133 581.744 584.019 574.045 576.599 555.093 586.317
335 353.000 354.510 350.543 350.880 353.996 351.183 352.164 353.760 352.897 352.009 352.319
336 404.000 494.609 484.546 495.800 507.152 475.115 486.867 472.012 514.074 499.542 523.795
337 406.000 424.262 426.467 427.006 427.061 423.869 431.110 427.787 426.867 427.658 423.572
338 324.000 326.213 325.400 325.471 326.149 326.937 331.596 329.614 327.293 329.139 327.526
339 337.000 332.284 333.286 334.844 335.590 333.018 333.806 333.079 332.473 333.455 335.004
340 395.000 413.928 412.264 413.816 412.893 412.048 414.781 412.900 410.562 413.729 412.928
341 407.000 415.596 415.176 414.013 414.721 416.669 414.138 417.875 415.098 418.849 415.221
342 330.000 340.803 330.382 329.946 339.710 343.812 334.279 347.681 323.953 332.019 326.834
343 417.000 436.421 434.861 437.738 432.996 434.679 438.519 434.914 442.151 445.874 436.117
344 395.000 398.440 399.689 403.595 400.469 402.665 401.395 400.986 404.714 399.925 405.591
345 503.000 405.862 400.650 404.976 397.995 406.721 414.715 414.188 410.410 410.241 414.323
346 448.000 455.024 455.369 479.688 461.426 464.372 454.377 472.787 461.342 464.117 464.850
347 363.000 381.908 368.348 374.634 353.610 358.282 366.942 351.000 364.203 367.259 361.368
348 386.000 378.193 376.366 381.841 381.314 377.953 385.402 379.945 381.272 377.208 384.242
349 330.000 335.230 333.573 334.020 334.307 334.330 334.153 334.520 334.275 334.034 336.471
350 488.000 340.610 339.988 341.107 340.362 342.275 344.447 346.725 342.478 339.555 340.154
351 479.000 465.775 455.954 454.825 465.462 460.308 468.522 472.000 462.332 474.397 461.122
352 338.000 373.075 364.087 388.355 367.910 383.909 385.039 377.120 381.704 365.679 357.269
353 456.000 465.549 464.692 456.587 447.455 466.398 512.917 481.159 487.038 479.723 493.266
354 418.000 425.821 414.264 417.817 428.816 419.652 426.995 429.152 430.162 436.834 428.007
355 322.000 326.387 325.682 324.487 327.151 326.544 326.655 326.443 326.447 326.107 326.347
356 321.000 317.239 315.972 310.022 317.627 317.425 317.749 315.253 317.982 317.507 312.896
357 335.000 373.625 353.078 374.764 357.942 383.500 393.054 367.705 389.340 370.450 364.422
358 394.000 398.995 388.670 387.004 379.661 402.827 381.635 391.664 397.972 389.812 395.374
359 398.000 425.279 415.427 417.429 416.902 410.023 418.889 422.714 420.893 402.757 406.463
360 421.000 477.604 482.942 430.686 432.738 448.450 490.701 451.979 480.411 477.170 471.620
361 364.000 406.803 408.373 424.864 410.895 407.107 423.934 395.132 405.025 403.806 412.726
362 322.000 370.274 355.699 352.019 348.688 352.056 343.452 335.825 355.104 363.764 374.954
363 446.000 472.552 474.658 491.725 477.720 476.556 485.357 474.652 480.823 474.092 477.750
364 340.000 336.084 339.617 352.396 334.984 334.754 350.584 339.074 352.463 351.806 341.425
365 340.000 400.778 390.038 378.600 363.186 373.685 377.228 385.100 392.962 366.044 376.387
366 452.000 445.005 441.375 444.394 426.580 467.433 425.875 453.810 443.783 447.268 458.890
367 367.000 385.090 416.462 387.062 387.567 385.238 408.336 392.550 385.807 396.247 385.447
368 425.000 434.068 425.832 424.791 430.160 426.943 437.682 440.244 439.860 434.027 430.425
369 399.000 364.137 367.681 349.532 360.641 357.224 358.253 347.762 344.339 348.919 355.109
370 420.000 413.073 414.187 414.959 416.612 415.172 412.500 414.837 415.905 413.297 415.628
371 526.000 537.691 556.368 526.038 548.303 520.550 532.000 545.484 526.915 541.181 543.625
372 343.000 339.496 342.855 342.096 347.867 343.207 337.473 355.466 366.841 341.477 344.314
373 420.000 434.531 421.859 422.573 417.851 421.215 421.702 425.763 414.639 423.610 438.109
374 403.000 386.297 380.811 377.405 387.296 376.309 383.349 389.068 391.926 381.118 381.156
375 495.000 484.980 492.660 497.742 508.813 485.217 492.668 500.829 471.214 489.185 473.090
376 564.000 454.892 450.739 453.054 457.505 457.325 458.468 452.330 450.189 451.173 464.477
377 420.000 513.966 524.986 524.178 535.435 529.688 524.900 544.929 532.408 525.937 522.682
378 414.000 417.758 415.317 417.762 415.811 413.651 416.142 410.713 416.491 418.451 411.909
379 328.000 321.007 323.312 321.614 319.686 322.680 319.453 320.743 320.034 321.098 318.669
380 546.000 475.025 483.136 470.693 448.279 445.021 456.266 460.099 422.028 493.810 459.764
381 323.000 318.562 319.716 321.748 318.125 318.050 318.750 318.433 316.955 319.638 317.113
382 413.000 413.184 414.996 414.476 413.798 413.832 414.551 410.618 412.023 412.997 414.904
383 360.000 433.505 410.050 404.074 422.261 422.666 409.250 431.033 426.759 395.442 412.903
384 411.000 416.059 413.880 415.103 417.062 415.099 413.165 415.291 414.590 415.900 412.115
385 346.000 332.823 323.621 328.124 331.937 330.460 327.725 331.638 334.676 329.546 330.366
386 449.000 439.675 435.440 436.110 441.647 437.472 443.319 439.264 432.467 438.684 439.929
387 389.000 397.864 382.282 379.477 401.344 393.886 392.195 389.534 390.941 381.776 376.091
388 340.000 379.745 457.819 405.452 430.342 400.597 413.606 448.990 391.607 444.100 399.233
389 343.000 327.999 331.892 332.139 332.765 329.798 328.434 327.921 330.132 332.639 329.813
390 404.000 413.427 413.191 414.476 412.890 414.191 415.268 414.644 413.119 414.239 413.333
391 451.000 453.416 454.638 455.448 458.340 448.404 455.655 455.333 453.270 453.012 449.643
392 359.000 361.698 362.685 354.537 362.898 353.773 358.395 356.582 354.386 356.698 363.308
393 410.000 431.623 421.593 429.782 430.005 427.715 427.654 436.506 425.878 423.023 425.196
394 340.000 331.121 333.468 331.709 334.271 334.535 335.001 334.838 329.567 332.819 335.303
395 504.000 468.130 467.878 486.434 464.527 468.483 468.550 470.991 475.642 451.718 459.161
396 546.000 523.516 510.266 504.402 512.282 496.003 510.978 498.839 499.481 527.203 505.637
397 392.000 415.941 418.182 414.425 414.717 410.052 413.994 416.029 423.187 411.852 414.411
398 413.000 415.705 422.990 419.100 414.245 416.551 421.142 418.638 413.473 420.685 416.567
399 325.000 338.487 338.687 356.942 340.521 346.900 340.926 356.031 355.083 337.822 335.814
400 297.000 313.924 315.152 316.567 315.551 313.635 314.043 316.083 313.736 313.820 313.910
401 397.000 411.675 412.656 413.816 413.962 409.864 412.581 410.552 415.506 411.752 413.888
402 428.000 415.891 433.247 427.759 429.050 435.299 427.543 421.440 425.058 433.903 426.829
403 440.000 426.794 458.906 430.868 449.717 436.433 442.487 444.745 446.854 437.143 443.682
404 604.000 511.588 565.015 545.942 573.790 546.437 569.790 564.863 599.230 562.978 544.430
405 442.000 441.799 447.351 446.769 434.566 444.948 440.720 446.673 447.810 445.887 445.078
406 462.000 464.742 466.705 470.419 471.100 466.942 471.565 466.850 482.645 466.958 465.676
407 491.000 462.695 464.712 461.237 454.248 483.806 452.717 466.800 480.143 477.725 444.170
408 495.000 490.745 488.119 474.404 480.884 482.750 481.174 488.573 468.442 476.038 469.500
409 394.000 378.852 368.235 381.862 376.192 376.820 364.306 375.218 374.667 358.494 367.800
410 320.000 327.769 325.836 326.461 326.547 328.685 324.863 327.897 331.343 327.111 327.680
411 445.000 466.309 447.480 451.079 453.441 456.030 446.908 451.317 466.433 449.460 448.575
412 350.000 343.050 356.725 347.275 351.212 349.692 346.905 340.853 341.216 345.330 345.350
413 332.000 326.169 327.272 328.460 328.420 328.100 328.226 327.161 326.618 329.531 327.773
414 411.000 421.358 419.386 417.973 417.420 415.401 430.986 413.326 423.027 411.020 414.650
415 341.000 446.053 341.512 447.100 388.500 417.225 406.694 409.550 426.990 445.100 448.850
416 452.000 447.383 451.840 454.970 455.671 447.195 444.668 453.268 453.333 450.290 454.865
417 398.000 387.139 378.324 390.965 393.072 376.801 387.822 395.109 385.395 398.146 381.557
418 357.000 353.985 355.697 356.682 353.766 358.574 357.372 357.584 357.319 352.166 354.984
419 410.000 411.925 414.612 414.505 417.655 415.937 415.805 418.210 415.071 419.359 414.442
420 411.000 409.203 396.261 442.361 401.079 391.755 431.840 414.842 403.622 397.195 413.101
421 316.000 315.792 317.418 323.207 316.163 317.200 316.582 317.623 321.992 316.319 324.007
422 454.000 430.560 426.287 426.526 429.116 429.957 433.622 427.682 428.921 424.050 433.977
423 492.000 489.108 500.013 534.511 501.793 514.520 508.108 506.789 516.987 508.600 512.368
424 405.000 417.225 417.457 414.013 417.700 414.307 418.985 415.418 416.436 415.119 417.916
425 357.000 361.836 381.851 368.227 365.229 372.133 376.340 371.986 380.690 368.895 365.425
426 424.000 422.219 415.487 412.336 410.992 419.805 412.971 417.743 417.413 415.273 411.025
427 335.000 345.969 346.587 332.780 347.191 341.348 345.028 341.930 353.512 346.911 344.496
428 438.000 461.354 472.396 465.997 471.877 468.370 456.865 455.283 487.856 471.752 492.322
429 525.000 443.130 464.300 458.087 435.255 468.450 476.183 459.200 440.832 470.300 429.650
430 331.000 429.628 391.225 417.600 408.160 433.496 417.125 402.710 423.762 420.052 436.950
431 431.000 408.616 412.124 414.481 407.901 416.796 414.343 417.969 413.992 418.517 414.021
432 591.000 578.502 574.071 557.971 565.020 574.482 579.576 553.012 575.103 575.527 548.882
433 414.000 412.416 416.436 416.187 414.160 419.474 415.973 420.515 415.215 412.466 415.652
434 388.000 379.570 373.364 378.692 374.882 379.990 380.405 374.035 375.758 377.221 380.356
435 585.000 582.838 582.289 584.831 586.235 563.844 569.737 580.994 581.297 564.083 562.285
436 398.000 405.213 400.263 398.375 400.377 403.257 401.797 407.278 399.045 403.292 401.254
437 441.000 366.244 386.512 381.124 419.278 357.977 366.464 375.056 349.348 368.296 415.560
438 309.000 313.580 315.979 313.720 314.606 320.331 317.728 316.807 315.800 315.660 321.629
439 518.000 493.668 499.897 508.133 498.570 501.724 511.784 502.190 496.833 510.835 500.257
440 416.000 412.201 414.324 417.660 414.051 418.155 414.120 412.415 417.125 414.832 414.691
441 412.000 412.649 413.268 406.538 413.374 412.683 411.206 414.844 418.470 409.817 411.910
442 385.000 448.423 428.204 439.583 436.207 463.490 430.961 410.898 427.932 409.921 411.132
443 325.000 326.132 326.023 325.126 324.782 324.726 326.009 323.558 325.943 327.814 323.825
444 325.000 332.419 337.838 340.013 336.441 332.729 334.181 331.437 335.044 336.760 332.671
445 328.000 327.150 328.752 332.006 330.225 327.343 328.872 337.028 324.573 326.513 327.933
446 397.000 413.759 413.191 414.476 412.919 414.357 411.855 415.207 413.504 414.688 412.033
447 407.000 414.373 413.908 415.888 412.640 414.048 412.703 415.887 412.186 414.054 413.339
448 491.000 505.012 513.409 486.494 529.328 504.856 483.805 486.111 498.593 524.095 507.222
449 328.000 319.563 321.511 320.225 336.823 315.008 333.329 320.917 323.720 315.937 321.931
450 430.000 412.265 402.472 424.250 430.233 419.302 426.850 425.517 420.474 394.248 420.975
451 413.000 415.182 409.825 409.670 409.632 406.804 410.894 416.246 403.906 410.833 416.194
452 364.000 400.248 370.252 377.375 370.788 370.667 373.268 382.662 396.249 376.002 389.122
453 404.000 399.665 398.994 403.330 401.024 397.113 401.120 400.160 397.133 391.971 396.467
454 431.000 437.250 441.861 434.243 437.753 432.229 441.779 435.371 429.228 433.251 435.247
455 461.000 437.027 451.101 442.903 446.438 443.647 443.581 444.548 443.716 446.598 442.813
456 346.000 356.932 345.000 357.675 355.944 351.488 351.091 348.011 363.568 358.552 351.817
457 461.000 436.993 444.579 443.004 436.706 439.018 435.436 438.188 438.846 444.787 438.143
458 446.000 444.267 445.916 447.781 443.949 441.799 443.003 448.235 442.663 440.065 445.881
459 334.000 331.003 332.204 334.082 332.952 331.954 335.141 333.029 334.753 333.441 333.485
460 368.000 342.341 345.540 346.554 355.186 342.628 346.568 354.937 355.922 348.483 342.772
461 421.000 341.945 354.092 341.984 353.843 348.649 340.964 339.244 345.391 330.379 347.666
462 536.000 530.912 542.295 532.682 550.196 521.012 529.369 543.398 551.765 551.878 549.789
463 399.000 417.900 426.423 428.378 420.826 422.771 418.018 427.304 424.602 420.264 423.406
464 584.000 573.014 578.876 584.642 585.787 576.960 583.961 580.168 567.940 582.613 586.249
465 592.000 574.286 569.461 567.693 584.352 574.560 558.611 557.773 584.697 591.217 572.194
466 450.000 442.535 447.388 436.175 439.099 431.527 441.578 438.188 442.663 444.984 442.309
467 359.000 364.903 365.700 360.758 365.247 355.841 361.581 362.472 372.716 365.226 367.627
468 325.000 330.292 324.180 323.529 333.663 328.783 331.873 332.864 327.839 325.270 329.716
469 315.000 318.097 328.747 316.057 327.351 317.963 322.761 323.621 316.723 323.020 321.462
470 411.000 402.086 399.103 434.236 401.223 403.554 405.468 397.994 405.060 394.905 393.868
471 548.000 541.499 549.267 539.530 526.859 538.487 542.358 533.701 539.608 546.171 528.435
472 450.000 449.078 431.840 437.984 443.202 430.719 434.103 441.750 446.474 431.217 436.186
473 310.000 388.551 379.479 407.550 391.114 358.305 372.917 402.525 381.057 381.518 385.363
474 362.000 331.041 337.159 336.004 340.460 338.144 331.249 334.205 335.772 336.609 336.556
475 322.000 327.541 329.523 324.273 329.747 322.596 326.404 326.081 324.560 330.010 329.604
476 396.000 414.486 412.888 414.360 411.132 414.076 413.938 411.826 414.304 413.897 411.350
477 408.000 414.454 414.971 416.584 412.808 415.173 415.313 414.672 413.873 416.384 415.622
478 540.000 514.823 513.885 544.954 497.819 510.520 513.892 516.875 503.687 507.266 509.772
479 399.000 403.431 397.079 403.622 405.883 407.425 393.020 405.404 405.741 400.853 401.692
480 448.000 454.036 467.790 459.317 451.924 457.614 458.078 447.747 452.273 455.726 456.869
481 460.000 413.821 412.153 414.505 417.311 414.356 414.064 412.330 413.070 413.661 412.897
482 331.000 326.486 326.701 325.893 328.412 328.377 327.453 328.532 325.522 325.113 326.317
483 448.000 446.520 442.661 448.695 444.698 441.904 448.232 436.740 448.834 440.487 445.763
484 444.000 486.785 479.378 480.125 451.155 458.324 451.917 456.608 440.698 465.591 474.166
485 336.000 340.103 332.536 332.784 332.541 337.472 337.545 334.191 332.882 335.950 331.851
486 502.000 438.456 412.462 426.004 431.005 384.916 411.798 433.821 438.424 445.938 412.389
487 409.000 413.821 416.474 419.188 413.007 417.232 416.341 420.485 416.824 415.648 412.897
488 405.000 411.036 410.368 411.620 410.052 408.225 411.235 410.957 414.682 413.152 414.331
489 555.000 560.970 568.634 566.788 554.170 574.343 549.372 564.747 532.573 562.468 541.469
490 427.000 429.127 424.162 426.319 425.922 428.599 423.293 425.486 426.045 424.356 427.935
491 452.000 446.082 438.853 438.439 443.751 444.962 437.832 436.078 431.779 443.802 439.486
492 329.000 335.443 336.454 329.954 324.327 328.567 327.219 330.164 335.995 332.180 336.234
493 491.000 497.502 499.420 505.837 476.100 525.458 511.068 473.427 480.564 489.653 468.914
494 440.000 459.973 462.262 437.850 427.438 477.791 451.682 469.777 458.226 444.546 449.315
495 363.000 344.601 351.572 340.617 353.787 352.572 335.454 339.782 335.167 334.752 337.259
496 432.000 429.788 433.590 438.815 427.904 442.520 434.410 428.317 433.722 422.683 436.625
497 514.000 464.433 486.200 467.116 494.029 480.342 490.284 487.408 484.251 488.890 485.547
498 536.000 549.251 557.741 554.642 540.944 556.862 528.695 572.652 535.748 559.471 515.885
499 462.000 444.997 444.804 443.986 445.301 448.025 450.646 450.206 445.300 448.720 446.402
500 510.000 506.800 502.881 496.025 523.778 485.335 510.012 485.721 490.538 506.346 506.065
501 357.000 380.515 387.019 390.663 389.058 394.416 380.571 388.547 374.172 389.465 388.946
502 418.000 429.540 426.953 426.493 423.167 422.250 430.018 437.444 429.740 433.245 428.388
503 406.000 427.508 428.404 417.412 422.747 428.700 421.439 425.760 422.923 424.670 439.239
504 464.000 436.016 452.170 437.163 453.261 451.045 429.115 446.327 413.834 440.137 448.340
505 400.000 403.122 400.433 400.438 396.772 401.903 401.371 403.971 401.020 403.662 401.060
506 400.000 420.625 425.552 422.536 410.153 419.158 430.342 428.071 431.674 417.751 421.626
507 333.000 329.935 331.000 329.991 328.337 329.926 333.104 329.823 334.515 332.897 329.934
508 452.000 457.450 456.751 461.493 454.348 465.822 457.374 478.529 453.754 456.039 457.732
509 586.000 544.990 572.774 558.812 557.055 561.407 569.925 549.516 568.184 559.551 568.647
510 461.000 430.228 439.827 438.620 452.388 435.822 448.718 436.055 433.869 439.445 443.045
511 606.000 535.424 553.367 558.217 515.550 491.081 546.433 519.640 548.654 576.900 551.042
512 338.000 351.426 393.081 382.238 379.701 392.934 388.296 378.433 377.612 365.962 371.429
513 368.000 392.058 384.084 407.369 385.135 390.797 385.836 384.084 391.097 388.870 399.417
514 442.000 437.575 441.608 434.504 455.001 444.104 440.986 438.963 442.801 450.704 447.815
515 417.000 412.379 413.041 413.222 412.134 411.195 414.442 412.896 412.891 412.966 417.578
516 328.000 320.050 317.356 318.268 324.441 316.963 316.460 320.417 319.657 317.260 314.975
517 477.000 455.916 437.454 438.154 462.616 443.516 445.361 445.915 469.134 430.496 426.981
518 350.000 317.725 318.494 322.410 315.826 325.683 323.171 335.118 327.773 325.219 325.307
519 421.000 422.977 431.643 421.519 416.461 410.721 415.875 424.259 428.720 438.244 411.127
520 592.000 549.817 543.590 528.032 535.489 545.196 528.178 556.548 520.252 555.038 559.852
521 422.000 450.029 445.683 444.957 441.399 440.926 452.115 445.483 438.748 447.856 442.809
522 473.000 459.208 460.279 460.616 455.441 483.628 466.791 462.857 460.812 455.206 473.960
523 567.000 560.916 563.775 571.599 567.004 549.086 545.347 568.959 564.139 560.717 563.620
524 425.000 444.862 425.958 430.649 433.460 429.077 439.364 434.124 434.075 437.842 431.534
525 429.000 444.597 469.075 436.005 444.783 464.087 450.596 445.059 443.262 431.997 438.250
526 351.000 350.252 350.629 351.308 351.098 351.527 361.374 361.781 356.725 352.588 347.544
527 416.000 413.716 413.088 414.665 417.062 414.503 415.214 415.363 415.987 414.958 414.278
528 354.000 353.407 356.555 352.525 354.404 356.942 356.106 355.382 352.321 358.547 361.314
529 524.000 521.933 518.293 525.300 513.621 513.512 522.199 509.989 517.794 525.775 518.207
530 334.000 360.717 369.407 356.890 350.260 354.494 348.757 350.977 362.468 350.756 341.982
531 462.000 435.072 445.339 441.070 448.559 445.628 438.387 441.237 439.304 441.347 446.188
532 477.000 473.660 465.335 463.971 460.109 484.953 471.054 473.635 496.123 488.133 461.317
533 528.000 511.095 511.292 522.798 542.513 505.064 501.649 537.038 506.908 516.383 499.709
534 335.000 338.974 329.953 338.853 335.802 328.959 331.173 334.479 337.971 328.952 335.477
535 323.000 364.031 372.555 394.142 371.819 377.945 361.416 354.042 345.370 382.220 357.431
536 412.000 413.699 416.804 414.174 414.534 415.099 415.214 416.185 413.097 414.925 415.303
537 551.000 548.906 549.000 546.156 527.941 544.726 533.118 537.221 554.165 574.110 546.968
538 406.000 409.090 413.341 412.745 408.078 413.310 406.092 411.585 411.880 412.611 411.733
539 502.000 504.650 493.851 509.311 497.977 516.767 505.533 504.743 510.539 509.211 489.217
540 415.000 414.035 414.512 414.492 413.530 415.254 415.268 412.940 419.963 413.252 413.129
541 336.000 334.106 332.487 335.326 336.772 333.872 337.046 336.197 334.392 334.420 332.816
542 312.000 320.107 321.142 321.687 323.695 326.711 318.962 318.884 319.313 318.199 319.953
543 330.000 336.210 335.972 338.603 336.828 335.204 334.801 338.467 335.296 334.398 336.671
544 508.000 469.351 461.900 475.550 448.850 439.515 476.250 452.850 452.133 456.833 428.125
545 588.000 579.597 587.282 566.809 580.136 580.645 574.932 568.010 575.707 579.653 560.599
546 410.000 420.933 422.454 428.978 424.706 417.890 425.408 416.778 424.436 423.821 426.099
547 540.000 513.556 552.311 511.346 537.971 536.914 539.498 511.611 507.934 513.497 535.864
548 362.000 376.555 383.754 378.810 373.082 369.488 375.752 384.501 378.706 370.879 380.733
549 404.000 399.144 405.857 403.279 400.240 403.987 398.294 404.607 401.156 404.019 404.623
550 370.000 371.073 361.730 364.298 365.567 363.131 363.409 367.921 359.025 364.607 359.507
551 482.000 458.103 430.992 411.450 401.174 416.851 431.525 416.600 435.812 437.067 439.733
552 398.000 401.130 399.104 402.453 401.009 402.130 399.207 404.857 402.852 398.900 399.675
553 466.000 443.539 444.358 443.512 465.099 459.951 480.173 442.105 462.513 445.308 436.026
554 405.000 412.093 415.072 412.874 413.457 415.254 414.551 411.971 413.327 414.603 413.129
555 576.000 553.368 557.425 553.684 535.143 554.976 567.746 542.009 564.203 568.202 544.073
556 457.000 411.925 412.546 414.959 412.808 414.668 413.165 415.291 413.873 411.747 414.868
557 478.000 458.681 472.364 465.747 462.567 465.112 470.376 449.521 464.813 453.521 461.107
558 431.000 451.852 469.644 439.360 473.249 459.737 464.284 471.570 440.512 457.316 442.765
559 411.000 332.570 355.119 330.249 330.511 340.456 332.657 351.888 334.995 358.854 324.305
560 409.000 421.397 424.592 431.329 416.534 427.646 416.173 422.006 418.107 419.003 423.856
561 375.000 396.656 390.936 394.048 398.291 410.505 387.835 405.151 393.702 399.640 403.822
562 400.000 401.924 399.713 409.155 395.909 402.323 406.930 401.862 404.272 410.657 392.113
563 331.000 325.624 326.969 328.497 329.618 329.093 330.354 327.206 326.482 328.734 326.471
564 412.000 414.747 421.266 419.589 416.890 421.329 418.330 416.897 417.336 419.900 420.264
565 485.000 484.186 484.363 490.725 503.950 493.422 484.964 475.550 482.666 479.850 479.705
566 407.000 417.170 412.546 414.959 413.527 415.272 416.348 415.616 415.071 417.636 415.432
567 405.000 413.824 420.790 416.548 416.576 415.414 419.177 410.348 417.214 424.813 419.631
568 406.000 400.979 396.289 396.891 401.592 400.725 399.803 402.130 404.843 397.714 401.408
569 342.000 350.290 343.214 343.176 342.308 345.637 338.744 344.294 343.565 344.395 340.040
570 321.000 325.310 327.367 329.536 326.074 326.169 328.780 338.871 342.992 325.365 338.714
571 361.000 383.605 371.183 382.639 377.496 372.737 376.639 374.378 387.218 370.175 382.154
572 387.000 379.485 379.002 383.531 382.502 380.468 381.211 379.945 377.114 377.225 383.924
573 323.000 320.978 317.913 319.878 320.978 317.637 319.076 323.885 316.648 325.670 315.996
574 390.000 394.508 389.674 384.754 386.228 387.962 411.147 405.630 386.840 402.652 392.421
575 440.000 468.427 437.979 447.870 456.855 439.113 450.440 463.145 469.008 449.400 470.078
576 332.000 338.050 333.353 327.940 338.305 333.102 337.610 340.180 326.119 336.002 347.684
577 456.000 471.941 487.639 468.233 471.699 482.243 448.988 476.347 484.357 473.276 461.754
578 488.000 476.588 435.952 469.398 477.459 470.590 460.745 448.914 472.019 462.544 467.174
579 332.000 488.826 485.209 457.850 488.777 484.144 493.866 451.607 456.041 442.054 490.122
580 316.000 317.355 318.317 321.142 318.286 316.396 328.017 318.942 315.658 319.137 324.367
581 459.000 430.637 437.575 428.449 430.194 443.918 444.582 438.156 438.003 438.513 437.672
582 335.000 331.350 332.126 329.745 337.157 332.414 334.802 334.159 332.005 331.244 332.104
583 332.000 335.151 334.254 335.624 333.144 345.961 332.630 335.363 333.742 332.700 331.342
584 459.000 469.475 475.822 493.225 466.962 468.560 484.029 467.850 471.939 469.305 461.467
585 396.000 413.638 414.596 412.668 414.491 411.306 415.536 412.827 418.504 409.742 415.027
586 489.000 470.788 473.489 474.267 464.466 470.046 478.420 462.333 478.760 470.090 474.036
587 417.000 413.428 411.504 418.322 417.614 419.266 412.576 421.545 418.797 409.399 415.846
588 404.000 401.375 397.912 395.743 400.969 401.636 400.291 400.404 398.372 400.978 402.421
589 400.000 422.174 422.982 421.106 422.475 427.994 430.424 423.938 420.523 423.615 420.466
590 357.000 358.853 367.281 356.040 356.389 354.911 358.039 354.514 351.716 354.866 352.940
591 437.000 462.553 466.411 456.587 470.871 468.829 455.711 470.041 447.974 475.969 463.721
592 542.000 536.079 527.700 505.221 526.816 544.422 525.997 513.114 530.960 538.358 534.358
593 419.000 418.127 420.651 414.893 414.770 418.914 413.907 417.683 415.221 423.547 416.524
594 350.000 377.851 377.312 379.595 374.986 393.576 364.872 371.475 367.428 368.911 366.972
595 424.000 430.355 417.614 426.678 430.601 417.095 417.250 425.253 417.691 421.467 427.611
596 443.000 445.914 456.771 458.974 450.964 444.664 458.283 449.297 456.432 459.745 448.863
597 439.000 430.269 432.666 431.374 440.618 433.777 434.045 423.139 438.411 437.767 434.898
598 324.000 319.203 326.158 317.820 319.406 317.549 321.005 319.780 319.937 317.487 320.959
599 311.000 333.436 325.544 318.972 320.891 315.256 318.616 323.434 323.233 321.460 320.712
600 331.000 332.881 333.971 334.864 333.525 332.236 333.858 332.494 335.579 334.228 338.000
601 428.000 404.576 417.137 414.151 411.414 411.418 412.680 413.656 412.542 416.968 416.019
602 400.000 417.986 416.334 417.108 417.311 416.726 417.392 417.844 419.240 418.258 416.903
603 309.000 313.103 308.956 306.809 310.718 308.038 311.669 321.613 315.601 308.722 310.144
604 375.000 347.162 387.530 367.397 365.394 363.994 374.608 365.832 360.609 369.814 363.246
605 450.000 431.352 429.203 439.132 434.017 439.644 436.826 438.226 435.757 429.784 445.101
606 388.000 404.379 385.405 391.158 398.874 398.176 396.680 398.813 394.355 401.923 392.432
607 323.000 367.164 331.385 364.207 330.622 336.069 338.200 357.188 368.270 354.791 357.039
608 448.000 436.551 437.454 437.065 439.188 431.995 426.790 426.766 435.458 437.082 436.990
609 372.000 390.897 377.933 394.234 375.733 384.473 387.149 400.757 374.288 398.624 381.700
610 328.000 330.820 322.753 327.996 331.709 325.417 325.133 324.624 333.532 328.694 328.045
611 460.000 455.818 452.006 452.010 462.993 439.308 451.788 458.224 446.725 446.782 437.593
612 504.000 456.839 505.432 478.424 486.882 489.175 477.597 479.395 493.458 465.389 469.654
613 433.000 445.396 446.125 445.160 434.941 442.076 435.044 448.366 448.409 445.125 439.168
614 564.000 571.858 567.064 578.009 533.692 569.882 559.575 561.509 563.929 567.910 564.961
615 439.000 399.122 410.018 432.760 458.909 420.153 451.012 404.914 420.640 448.941 429.869
616 440.000 445.959 444.755 448.525 448.908 444.434 469.557 469.368 441.210 447.587 472.538
617 484.000 480.780 479.317 484.689 488.889 480.947 485.325 481.717 487.583 482.053 487.896
618 396.000 420.508 412.340 408.996 408.858 409.253 410.348 420.691 413.034 411.085 415.989
619 435.000 416.033 412.236 414.859 413.527 417.093 415.091 410.713 414.596 415.942 413.996
620 397.000 404.843 414.252 411.554 454.229 436.635 463.499 424.770 455.198 430.338 449.199
621 420.000 413.699 413.872 414.391 414.534 415.241 413.250 413.788 415.987 414.958 415.622
622 408.000 441.835 418.057 438.874 453.489 442.973 463.049 427.838 457.428 457.258 451.920
623 437.000 442.054 437.734 442.555 432.074 441.360 439.421 445.533 432.910 440.296 434.015
624 406.000 438.532 418.089 441.371 438.231 429.900 406.755 470.112 417.324 435.523 448.117
625 393.000 375.749 383.307 371.590 373.422 388.881 384.859 379.767 385.000 381.490 389.900
626 452.000 463.903 445.263 455.066 449.965 463.602 442.677 461.540 438.905 434.382 436.132
627 466.000 353.283 435.450 417.363 401.381 424.650 431.810 409.380 380.233 417.149 385.364
628 410.000 403.307 380.570 398.527 409.932 396.545 402.031 413.523 403.630 402.831 403.418
629 447.000 444.997 444.002 446.961 444.867 447.535 448.968 438.096 451.743 438.389 446.188
630 487.000 448.449 431.201 452.754 443.302 431.221 438.206 445.110 441.924 428.261 435.719
631 420.000 430.128 437.961 437.926 436.512 436.187 438.181 444.203 427.985 438.978 434.703
632 565.000 537.868 562.108 544.680 546.240 556.570 542.180 561.654 558.845 548.916 564.492
633 309.000 308.197 319.003 310.053 312.104 313.003 313.005 311.036 311.050 310.710 318.791
634 437.000 446.894 438.076 429.312 441.216 424.975 430.303 463.636 442.198 435.175 451.145
635 481.000 469.582 465.701 470.445 465.814 473.028 465.236 470.736 469.887 462.474 474.226
636 390.000 398.727 390.487 395.100 402.669 393.750 402.281 396.404 399.540 404.388 395.220
637 329.000 324.264 324.694 325.448 325.883 325.732 325.130 329.614 324.761 326.352 327.569
638 349.000 352.650 352.167 352.345 352.502 350.662 355.636 352.577 351.779 351.420 351.595
639 336.000 331.141 336.201 333.947 338.595 334.409 331.583 328.552 334.507 333.955 338.937
640 550.000 528.405 520.314 488.208 511.333 536.765 505.319 512.631 526.176 516.311 536.175
641 315.000 317.903 317.701 321.222 317.117 319.734 316.169 317.478 316.963 318.896 317.193
642 420.000 420.079 417.841 418.476 417.751 410.690 415.876 416.339 412.153 419.106 416.254
643 466.000 451.542 442.656 450.850 443.578 428.652 446.921 442.966 439.114 442.830 438.803
644 315.000 330.134 319.722 340.200 325.957 317.989 322.268 322.541 337.062 325.473 331.507
645 345.000 355.706 363.715 361.033 346.661 351.405 343.363 348.632 356.843 359.397 360.145
646 451.000 461.627 448.119 434.875 448.162 433.532 460.415 451.734 462.495 466.529 452.843
647 337.000 340.341 353.194 364.429 360.730 347.020 349.578 340.284 367.321 359.966 348.608
648 439.000 429.412 434.763 430.155 430.995 421.781 426.858 427.553 442.139 429.594 425.550
649 330.000 318.313 321.592 319.091 317.703 331.819 318.557 324.430 321.339 318.097 317.333
650 538.000 525.347 541.704 551.893 528.653 532.780 541.178 547.210 523.346 534.861 527.318
651 326.000 448.951 465.624 435.277 434.725 432.660 440.549 434.287 458.251 432.811 447.858
652 392.000 365.440 364.000 386.558 375.584 356.209 350.443 362.658 363.684 362.970 366.777
653 366.000 403.649 389.739 426.919 401.894 432.788 416.881 405.769 414.600 423.790 425.482
654 318.000 321.389 318.759 318.440 323.880 323.158 320.584 319.094 322.435 327.976 316.827
655 561.000 540.777 551.638 553.862 559.305 542.737 500.996 528.268 523.124 539.665 552.822
656 436.000 435.755 436.806 432.699 428.570 431.909 423.541 436.570 437.922 439.800 429.796
657 463.000 443.792 443.118 444.308 447.361 445.671 449.859 445.993 445.745 442.878 452.604
658 348.000 354.847 356.220 355.861 355.346 354.561 355.989 353.860 358.963 354.199 356.044
659 313.000 326.619 322.882 325.198 323.213 328.260 324.412 331.738 322.420 325.557 326.476
660 451.000 446.838 455.946 446.659 457.869 443.509 442.009 450.333 444.496 429.061 442.629
661 384.000 383.581 387.883 382.604 374.920 378.136 384.541 371.594 378.605 370.539 382.788
662 459.000 438.410 446.249 450.449 455.955 446.921 467.200 454.640 452.065 455.252 445.027
663 421.000 334.915 328.205 326.439 328.901 327.889 324.242 324.671 329.598 328.029 325.631
664 481.000 468.696 473.765 462.906 472.236 467.535 465.236 468.103 459.803 465.581 467.716
665 320.000 324.679 325.804 327.825 325.260 322.155 329.162 338.871 342.992 325.031 338.714
666 310.000 370.933 436.195 417.844 423.640 444.094 421.303 442.096 436.727 466.025 436.513
667 402.000 414.406 415.072 412.874 412.745 413.845 411.855 412.548 412.771 412.207 413.269
668 530.000 438.725 458.692 443.472 451.870 439.023 455.831 441.244 424.839 434.055 440.286
669 583.000 543.693 544.286 535.913 539.655 552.498 528.695 539.929 535.748 537.082 515.885
670 421.000 429.030 424.181 424.652 425.535 423.654 419.984 419.867 422.425 422.726 422.321
671 415.000 416.973 414.730 416.483 413.527 415.241 415.214 410.713 414.590 415.212 415.307
672 387.000 393.620 388.920 389.804 387.557 392.059 388.617 383.591 388.117 391.718 391.643
673 584.000 576.246 565.946 567.900 540.742 538.845 570.383 544.191 566.407 570.817 564.990
674 307.000 331.459 332.032 329.305 327.068 332.912 331.700 327.878 330.877 330.272 330.226
675 424.000 411.696 406.004 404.685 413.497 412.633 409.833 416.852 411.547 411.772 412.329
676 449.000 449.954 448.464 447.432 457.514 443.842 452.168 447.509 468.541 450.687 465.354
677 610.000 517.462 511.915 518.418 494.166 511.322 511.741 509.898 484.322 478.510 499.050
678 505.000 498.228 488.693 476.536 484.912 487.588 487.490 480.683 493.051 499.614 492.194
679 408.000 404.451 405.254 402.506 389.182 399.187 400.998 401.048 402.976 393.054 406.757
680 377.000 377.264 363.071 357.465 383.429 378.358 373.363 374.375 356.432 365.350 370.847
681 502.000 457.402 434.603 453.499 446.707 444.674 468.815 440.191 437.353 434.335 451.286
682 319.000 316.907 323.841 316.108 317.520 316.417 334.134 319.242 321.021 321.583 327.537
683 394.000 399.493 407.356 419.233 402.139 403.696 421.077 417.308 414.481 417.449 419.030
684 290.000 318.131 322.937 323.848 321.842 324.526 316.182 316.360 319.448 317.388 318.216
685 407.000 414.972 415.859 416.584 419.025 415.241 415.537 418.210 416.271 415.875 415.126
686 444.000 424.890 451.125 433.158 432.051 439.366 446.110 429.983 445.865 428.548 458.433
687 322.000 339.136 371.321 346.544 346.300 351.199 331.065 339.791 334.383 346.913 374.668
688 331.000 339.996 325.535 336.291 325.664 330.263 326.795 336.116 322.085 323.462 332.880
689 402.000 396.858 389.897 392.541 398.663 402.390 398.008 397.115 397.568 386.922 395.126
690 320.000 331.185 346.353 335.650 333.566 329.291 328.639 336.965 335.447 326.409 329.264
691 386.000 375.625 371.094 370.150 372.868 369.639 369.878 370.371 371.100 370.641 367.650
692 364.000 425.448 425.316 418.703 422.445 412.298 418.614 414.141 413.378 407.495 415.237
693 328.000 328.485 335.012 328.719 328.230 327.306 329.200 327.245 333.490 337.199 328.730
694 312.000 320.310 320.356 322.935 326.847 316.359 321.857 320.043 319.663 319.910 313.979
695 378.000 366.409 372.814 356.537 358.652 364.699 366.535 373.498 373.026 379.652 362.473
696 331.000 324.878 327.294 325.453 325.509 325.909 323.411 325.550 322.948 325.639 327.833
697 330.000 369.699 360.251 361.775 362.961 347.208 353.091 373.375 362.838 371.241 362.231
698 451.000 448.268 453.636 442.962 443.864 446.262 437.939 448.708 446.118 444.666 433.652
699 313.000 445.056 415.217 417.574 434.342 411.950 428.044 425.229 423.609 428.500 401.767
700 408.000 416.951 412.713 415.119 412.538 413.879 412.923 421.682 420.010 414.054 415.276
701 440.000 447.984 436.178 441.499 438.226 432.391 438.584 440.201 432.769 443.978 435.744
702 375.000 374.977 372.925 377.816 379.445 382.213 378.940 387.741 377.394 379.193 377.253
703 462.000 459.300 451.779 438.218 448.750 445.902 465.456 458.224 434.423 470.278 449.643
704 450.000 450.285 449.997 433.346 459.538 439.412 448.365 457.455 442.100 447.513 462.201
705 417.000 414.746 413.047 413.387 416.606 415.911 428.032 413.536 414.887 419.207 411.476
706 452.000 445.212 444.759 439.998 440.452 436.279 444.797 443.810 433.345 441.145 435.852
707 526.000 532.807 536.778 528.578 534.024 539.162 538.278 511.221 506.908 535.037 524.350
708 460.000 441.150 451.750 410.675 451.450 427.450 428.733 431.867 439.395 455.050 431.625
709 428.000 430.404 431.627 435.325 435.928 440.998 433.002 430.415 436.289 432.892 435.391
710 310.000 320.974 318.407 323.734 317.336 318.584 321.044 328.963 320.115 318.305 320.361
711 412.000 425.270 418.351 418.161 428.335 419.023 435.184 430.861 446.897 416.155 432.505
712 320.000 353.449 349.631 370.746 362.667 368.233 361.567 350.309 350.451 351.192 351.600
713 468.000 459.663 471.256 467.473 462.618 463.554 461.618 470.197 464.112 456.085 460.119
714 316.000 318.063 317.114 315.205 321.354 317.374 319.738 319.192 316.649 316.073 326.262
715 602.000 597.050 598.335 590.853 591.829 576.806 575.876 554.566 594.213 561.069 597.992
716 328.000 350.571 352.741 345.175 358.094 353.048 362.177 349.248 360.418 363.526 348.823
717 579.000 532.720 531.118 533.598 541.212 539.439 516.208 538.229 529.897 543.676 523.043
718 354.000 355.501 357.046 355.193 354.338 355.596 352.887 355.220 352.790 355.299 354.794
