data_index Htime.observed Htime.predicted.repeat1 Htime.predicted.repeat2 Htime.predicted.repeat3 Htime.predicted.repeat4 Htime.predicted.repeat5 Htime.predicted.repeat6 Htime.predicted.repeat7 Htime.predicted.repeat8 Htime.predicted.repeat9 Htime.predicted.repeat10
1 4.857 4.569 4.717 4.872 4.638 4.665 4.742 4.492 4.972 4.786 3.896
2 2.679 3.420 2.036 2.409 2.314 1.499 2.445 1.582 2.307 2.553 1.822
3 4.721 4.353 4.299 4.432 4.427 4.371 4.466 4.521 3.476 4.273 3.443
4 4.999 6.110 6.051 6.087 6.135 5.998 6.097 6.087 6.103 5.963 5.532
5 2.954 6.030 5.720 5.643 6.016 5.604 5.651 5.643 5.701 4.813 5.613
6 4.732 4.362 5.018 4.895 4.839 4.844 4.901 4.551 4.883 4.786 4.925
7 2.542 2.588 2.544 2.499 2.425 2.382 2.584 2.278 2.652 2.610 2.417
8 4.437 4.331 3.855 4.336 4.480 4.370 4.296 4.170 4.448 4.330 4.369
9 4.511 5.049 4.759 5.187 5.460 4.705 5.003 4.534 4.761 5.436 5.205
10 4.561 5.325 5.300 5.343 5.331 5.270 5.683 5.365 5.283 5.336 5.337
11 4.515 2.825 4.447 4.635 4.527 4.537 4.456 4.391 2.779 4.569 4.485
12 6.033 5.671 5.683 5.783 5.842 5.578 5.325 5.519 5.785 5.481 5.670
13 4.401 3.904 4.504 4.552 4.371 4.380 4.290 4.392 4.387 4.261 4.467
14 4.565 5.068 4.916 5.088 5.126 4.730 5.111 4.970 4.990 4.650 5.089
15 4.500 4.450 4.943 4.157 4.594 3.983 4.424 4.075 4.519 4.666 5.083
16 4.459 2.854 3.463 3.380 3.433 3.447 3.411 3.331 3.475 3.359 3.418
17 4.782 4.882 4.666 4.671 4.767 4.747 4.318 4.731 4.775 4.741 4.960
18 6.644 3.787 4.108 3.833 3.592 3.613 3.737 4.063 3.507 3.884 3.181
19 4.008 2.864 2.885 2.794 2.892 2.562 2.792 2.863 2.850 2.901 2.878
20 5.749 4.999 5.122 4.918 4.912 4.954 5.038 5.007 4.881 4.959 4.918
21 2.954 3.569 3.220 4.101 3.904 3.632 4.163 3.435 3.440 3.475 3.469
22 4.724 4.588 4.534 4.785 4.519 4.580 4.791 4.583 4.713 4.489 4.680
23 4.861 4.088 3.974 3.706 3.986 3.857 3.888 3.680 3.881 3.648 3.764
24 9.159 8.376 8.006 8.362 8.513 8.194 8.381 8.433 8.367 8.221 8.033
25 2.824 4.175 4.528 3.954 3.677 4.365 4.002 4.139 4.108 3.786 4.163
26 2.235 2.413 2.669 2.503 2.687 2.520 2.744 2.816 2.832 3.007 2.532
27 3.787 3.513 3.066 3.145 3.555 4.305 3.308 3.444 3.029 3.456 3.584
28 -0.165 0.975 0.539 0.609 1.082 0.755 0.537 0.565 0.644 0.639 0.626
29 4.365 2.788 3.055 2.913 2.921 2.199 2.896 2.241 2.977 2.971 2.464
30 6.982 5.022 5.233 5.514 5.950 5.516 5.257 5.298 5.136 5.583 5.906
31 5.556 4.682 4.662 4.584 4.471 4.420 4.502 4.466 4.608 4.659 4.610
32 4.605 4.930 5.117 4.912 4.938 4.961 5.026 5.054 4.861 4.988 5.024
33 2.381 3.121 3.430 3.192 3.104 3.114 3.027 3.249 3.286 3.071 3.284
34 5.016 3.851 3.008 3.763 3.834 3.670 2.506 3.697 4.140 3.746 3.465
35 0.255 3.621 3.503 3.459 3.778 4.028 3.505 3.625 3.697 3.285 3.636
36 5.937 5.828 5.771 5.839 6.053 5.777 5.812 5.804 5.729 6.051 6.099
37 1.196 3.622 4.081 3.411 4.024 3.566 3.661 3.721 3.276 3.810 3.809
38 2.475 2.382 2.462 2.345 2.433 3.721 2.682 2.496 2.571 2.446 1.950
39 3.525 3.671 4.443 5.257 4.829 4.184 5.041 4.865 4.848 5.289 4.601
40 6.946 7.315 6.544 6.864 7.700 7.213 7.333 7.178 7.101 7.055 7.275
41 6.519 5.980 5.934 5.952 6.026 5.850 6.189 6.055 6.173 6.193 5.285
42 2.001 1.262 0.594 1.126 1.122 1.116 2.006 1.130 1.121 1.133 1.819
43 6.167 5.861 5.820 6.189 5.982 5.915 6.196 5.764 5.866 5.919 5.831
44 4.459 4.134 4.016 3.829 3.833 3.785 3.802 4.220 4.054 3.804 4.357
45 4.673 4.773 4.601 4.844 4.668 4.680 4.810 4.742 4.533 4.834 5.107
46 5.617 5.528 6.014 5.949 5.758 6.461 6.041 5.520 5.408 6.091 6.123
47 1.358 0.613 0.623 0.701 2.949 0.880 1.033 0.459 0.645 1.193 0.784
48 4.228 4.113 4.187 4.393 4.184 4.311 4.191 4.121 4.541 4.135 4.316
49 4.475 4.800 4.685 4.761 4.780 4.489 4.915 4.899 4.766 4.989 4.329
50 2.682 2.821 1.831 1.950 2.095 1.782 1.779 2.251 1.984 1.810 1.710
51 4.297 4.518 4.509 4.591 4.550 4.376 4.633 4.558 4.574 4.724 4.486
52 4.702 4.499 4.452 4.457 4.494 4.461 5.366 4.462 4.551 4.461 4.618
53 4.804 3.296 3.415 3.277 3.473 3.291 3.464 3.284 3.419 3.155 3.517
54 4.741 5.189 5.710 5.467 5.337 5.610 4.871 4.960 5.372 5.508 5.500
55 6.083 4.831 3.637 3.990 4.638 3.793 3.640 3.628 3.567 3.766 3.311
56 4.401 3.778 3.741 3.751 3.821 3.676 3.674 3.719 3.719 3.680 3.514
57 6.101 5.419 5.276 5.198 5.196 5.357 5.002 5.321 5.329 5.230 5.477
58 3.561 5.080 4.647 4.978 5.040 5.087 5.025 4.996 5.063 4.406 5.152
59 4.376 3.796 3.755 3.745 3.795 3.792 3.971 3.662 3.649 3.690 3.728
60 7.960 7.459 7.592 7.535 7.532 7.590 7.493 7.573 7.645 7.689 7.638
61 2.475 2.452 2.983 2.975 2.726 2.657 2.840 2.532 2.891 3.265 2.684
62 4.183 3.205 3.064 2.877 3.080 2.786 2.760 3.094 3.175 2.886 2.924
63 2.857 3.523 3.923 3.158 3.064 2.983 2.649 2.507 3.137 2.599 3.713
64 0.776 1.852 1.298 1.573 1.363 1.551 1.400 1.138 1.307 1.650 1.296
65 6.190 5.927 5.873 5.789 5.761 5.873 5.547 5.768 5.919 5.891 5.530
66 5.520 5.326 4.932 5.186 5.293 5.000 5.281 5.175 5.400 5.456 5.259
67 4.613 4.307 4.191 4.675 4.244 4.053 4.255 4.032 4.305 4.144 4.279
68 0.670 1.544 1.412 1.618 2.031 1.528 1.561 1.607 1.286 1.833 1.530
69 6.056 5.843 5.746 5.891 5.757 4.936 5.901 5.845 5.732 5.925 5.803
70 4.598 5.042 5.038 5.058 5.055 5.063 5.039 5.051 5.040 5.023 5.042
71 5.317 5.893 5.892 6.025 5.870 5.884 5.880 5.909 5.175 6.026 5.700
72 4.635 5.423 5.287 5.055 5.531 5.316 5.335 5.232 5.341 5.382 5.590
73 4.529 3.902 3.662 4.059 3.801 3.825 3.828 3.881 3.925 3.774 4.036
74 5.700 5.965 4.699 4.764 5.277 5.241 5.319 5.368 5.354 5.368 5.384
75 0.325 2.452 3.011 2.756 2.394 2.776 2.426 3.151 3.523 2.815 2.753
76 3.984 3.883 4.196 3.926 3.858 3.796 3.782 3.810 2.925 3.840 2.916
77 2.208 3.509 3.396 3.407 3.141 3.033 3.408 3.325 3.285 3.272 3.509
78 1.653 3.817 3.845 3.924 3.971 3.952 3.839 3.822 3.844 3.798 3.796
79 0.088 1.659 2.102 3.696 1.470 1.622 1.561 1.477 1.563 3.893 1.568
80 4.196 3.082 3.499 3.331 3.387 3.255 3.211 3.445 3.323 3.769 3.468
81 5.336 5.481 5.439 5.273 5.381 5.585 5.296 5.540 5.120 5.367 5.831
82 1.105 2.957 2.968 2.619 2.986 3.053 2.715 2.959 2.522 2.568 2.562
83 5.846 5.157 5.035 5.147 4.828 4.924 4.982 4.998 5.008 5.004 5.061
84 4.113 3.779 4.006 3.599 4.000 3.867 3.894 3.929 3.731 3.770 3.613
85 2.631 4.830 4.326 3.995 4.444 4.579 4.227 4.525 4.626 4.606 4.231
86 6.261 5.648 5.695 5.480 5.641 5.502 5.693 5.687 5.656 5.698 4.986
87 5.048 4.487 4.949 4.498 4.473 4.353 3.848 4.599 4.221 3.976 4.412
88 4.858 5.252 5.240 4.968 4.715 5.279 5.210 5.523 5.350 5.308 5.333
89 4.779 4.668 4.643 4.630 4.593 4.811 4.656 4.760 4.730 4.756 4.551
90 3.835 4.396 4.630 4.210 4.465 4.660 4.569 4.660 4.653 4.478 4.309
91 5.064 4.011 3.973 4.095 4.188 3.683 4.029 4.021 3.943 4.123 3.966
92 4.003 3.960 4.011 4.152 3.644 3.860 3.921 3.761 3.818 3.869 3.920
93 3.404 4.445 4.432 4.469 4.481 4.585 4.309 4.202 4.390 4.297 4.376
94 4.951 3.598 3.717 4.093 3.747 3.624 3.874 3.587 3.929 3.462 3.591
95 5.505 6.067 3.279 3.192 5.985 3.282 3.319 3.273 3.281 3.276 3.235
96 1.857 2.816 2.852 3.151 3.014 3.106 3.010 3.041 3.396 2.954 2.968
97 4.632 5.429 5.372 5.294 5.488 5.352 5.464 5.624 5.858 6.218 5.677
98 5.177 5.167 5.112 5.476 5.107 5.206 4.758 5.108 5.392 5.113 5.061
99 5.978 6.172 6.203 6.310 6.328 6.292 6.351 5.709 6.304 6.359 6.302
100 4.146 3.311 2.731 3.282 3.234 3.232 3.266 2.818 3.169 2.790 2.822
101 4.954 4.771 4.770 4.778 4.759 4.757 4.761 4.768 4.761 4.765 4.760
102 5.806 5.565 5.756 5.663 5.877 5.678 5.793 5.856 5.562 5.912 5.680
103 5.033 5.152 5.141 5.181 5.172 5.106 5.195 5.218 5.199 5.261 5.234
104 4.395 3.408 3.143 3.746 3.507 3.496 2.955 3.688 3.347 3.461 3.450
105 5.093 3.908 3.584 4.229 3.719 3.649 4.144 3.697 3.591 4.187 4.222
106 3.250 4.299 4.025 4.426 4.495 4.004 4.313 4.231 3.972 3.935 4.255
107 2.760 4.185 4.125 4.130 4.333 4.195 4.163 4.181 4.227 4.120 4.131
108 1.182 3.715 3.753 4.399 2.563 2.440 3.829 3.719 3.953 4.613 3.840
109 4.028 6.225 4.815 6.310 6.384 6.270 6.231 6.300 6.282 6.339 6.288
110 5.190 3.903 3.592 3.707 4.421 3.948 4.477 3.860 4.060 4.444 3.919
111 4.988 4.652 4.610 4.921 4.682 4.883 4.896 4.881 4.855 4.813 4.956
112 6.799 6.116 5.812 5.862 6.075 6.104 6.108 6.090 6.082 6.137 6.109
113 5.414 2.452 2.822 2.742 3.753 3.716 3.045 2.972 2.490 2.985 2.993
114 4.414 4.050 4.519 4.313 4.068 3.625 4.312 4.085 3.694 4.027 4.100
115 5.635 4.588 4.660 4.748 4.644 4.632 4.392 4.728 4.246 4.576 4.716
116 4.883 2.042 2.677 2.006 2.149 1.993 2.013 2.145 2.042 3.315 2.133
117 4.712 4.818 4.701 4.339 4.471 3.774 4.683 4.697 4.723 4.694 4.726
118 4.758 4.747 4.834 4.956 4.736 4.880 4.730 4.803 4.756 4.817 4.554
119 3.147 4.076 3.563 3.994 4.168 3.866 4.100 3.901 3.938 3.618 4.071
120 5.580 5.480 5.605 5.732 5.543 5.800 5.619 5.639 5.683 5.604 5.645
