data_index Htime.observed Htime.predicted.repeat1 Htime.predicted.repeat2 Htime.predicted.repeat3 Htime.predicted.repeat4 Htime.predicted.repeat5 Htime.predicted.repeat6 Htime.predicted.repeat7 Htime.predicted.repeat8 Htime.predicted.repeat9 Htime.predicted.repeat10
1 4.857 4.661 4.830 4.867 4.769 4.846 4.719 4.771 4.842 4.676 4.773
2 2.679 2.943 3.430 3.307 3.447 2.933 3.528 3.349 3.267 3.290 3.523
3 4.721 4.105 3.938 3.590 3.458 3.623 3.722 3.989 3.644 4.130 3.694
4 4.999 6.187 6.073 6.079 6.155 5.883 5.751 6.424 6.012 6.096 6.355
5 2.954 5.094 5.219 5.171 5.295 4.976 5.029 5.075 5.301 5.223 5.102
6 4.732 5.012 4.915 4.942 4.890 4.944 4.836 4.971 5.119 4.845 4.862
7 2.542 3.868 3.426 3.319 3.336 3.166 3.452 3.233 3.611 3.845 3.516
8 4.437 5.006 5.037 4.569 4.911 4.652 4.668 5.060 4.863 4.764 4.781
9 4.511 5.350 5.239 5.150 5.415 5.131 5.126 5.235 5.310 5.399 5.169
10 4.561 4.887 4.784 4.802 4.832 4.844 4.816 4.790 4.846 4.745 4.783
11 4.515 2.312 1.751 3.429 2.952 2.747 2.265 1.249 2.014 1.575 1.716
12 6.033 5.041 4.992 4.837 4.987 5.074 5.065 4.984 4.898 5.135 4.909
13 4.401 4.939 5.087 4.934 5.055 5.080 5.051 4.979 5.325 5.149 5.248
14 4.565 4.912 4.935 4.859 4.844 4.952 4.871 4.872 4.942 4.931 4.866
15 4.500 3.026 3.112 3.219 3.239 3.024 3.138 3.043 3.579 2.981 2.998
16 4.459 5.012 4.885 4.933 5.120 4.917 5.040 5.035 5.296 5.126 5.165
17 4.782 5.364 5.357 5.271 5.420 5.283 5.379 5.351 5.345 5.257 5.366
18 6.644 4.609 4.225 4.280 4.573 4.566 4.463 4.092 4.625 4.058 4.199
19 4.008 3.878 3.896 3.903 3.793 4.181 4.446 3.978 3.741 3.765 4.011
20 5.749 4.801 4.840 4.984 4.855 4.798 4.900 5.113 4.992 4.785 4.853
21 2.954 4.005 3.756 3.824 4.013 3.824 3.910 3.826 3.706 3.976 4.113
22 4.724 4.778 4.807 4.803 4.841 4.781 4.774 4.791 4.838 4.847 4.763
23 4.861 3.372 3.306 3.497 3.334 3.267 3.390 3.592 3.288 3.562 3.232
24 9.159 6.457 6.383 5.163 6.532 5.056 5.176 6.541 6.317 6.110 6.330
25 2.824 3.234 3.261 2.899 2.895 3.567 3.516 2.576 3.002 3.451 3.208
26 2.235 3.501 3.334 3.432 3.186 3.154 3.758 3.510 3.281 3.378 3.474
27 3.787 3.826 3.919 3.864 3.991 3.713 3.923 4.027 3.794 3.786 4.239
28 -0.165 1.885 1.257 1.730 1.540 1.644 2.040 1.195 1.587 1.620 1.623
29 4.365 3.942 3.780 3.874 3.766 3.603 4.360 3.814 3.901 3.912 3.748
30 6.982 5.623 5.490 5.479 5.226 5.505 5.639 5.471 5.072 5.675 5.446
31 5.556 4.900 4.894 5.045 5.058 5.047 5.081 5.151 5.215 5.216 5.217
32 4.605 4.795 4.716 4.805 4.823 4.871 4.870 4.835 4.672 4.815 4.748
33 2.381 4.269 3.118 3.365 3.729 3.453 3.674 3.533 3.765 3.960 4.002
34 5.016 4.354 4.565 4.485 4.608 4.417 4.218 4.495 4.462 4.344 4.566
35 0.255 4.410 4.312 4.775 4.713 4.071 4.630 4.697 4.478 4.497 4.680
36 5.937 5.764 5.938 5.537 5.832 5.485 5.591 5.932 5.677 5.887 5.661
37 1.196 2.896 2.420 2.961 2.796 2.753 2.951 3.537 2.635 2.896 2.530
38 2.475 1.208 1.136 1.890 1.584 1.443 1.243 1.283 1.560 1.824 1.085
39 3.525 3.899 3.795 3.861 3.717 3.733 4.039 4.478 3.807 3.643 3.847
40 6.946 5.469 5.381 5.407 5.398 5.379 5.751 5.702 5.577 5.268 5.172
41 6.519 5.284 5.473 5.460 5.060 5.299 5.155 5.165 4.969 5.332 5.353
42 2.001 3.170 2.527 2.758 3.344 2.946 2.960 3.097 3.486 2.896 2.887
43 6.167 5.620 5.894 5.944 5.897 6.014 5.851 6.033 5.368 5.868 5.890
44 4.459 4.176 3.568 3.875 4.062 3.694 3.631 3.914 3.585 3.770 3.728
45 4.673 4.607 4.664 4.645 4.899 4.783 4.859 4.750 4.813 4.743 4.661
46 5.617 5.112 5.101 5.357 5.682 5.399 5.303 5.116 5.297 5.109 5.488
47 1.358 2.174 2.424 2.300 2.273 2.816 2.394 3.369 2.526 2.168 2.960
48 4.228 4.735 4.834 4.723 4.768 4.370 4.431 4.685 4.691 4.657 3.838
49 4.475 5.163 5.022 5.056 4.968 5.357 5.135 5.058 4.991 4.934 5.158
50 2.682 2.789 2.289 2.759 2.292 2.243 2.298 2.229 2.100 2.457 2.143
51 4.297 4.314 4.251 4.250 4.296 4.182 4.220 4.236 4.180 4.281 4.154
52 4.702 4.826 4.768 4.809 4.797 4.735 4.784 4.745 4.646 4.811 4.739
53 4.804 3.887 3.997 4.086 3.964 4.020 3.883 3.797 3.840 3.885 3.785
54 4.741 4.651 4.578 4.744 4.772 4.787 4.678 4.756 4.851 4.737 4.645
55 6.083 4.026 3.186 3.831 4.377 3.847 3.764 3.848 3.927 3.124 3.751
56 4.401 3.531 3.540 3.544 3.733 3.846 3.413 3.229 3.195 3.310 3.087
57 6.101 5.330 5.410 5.306 5.366 5.555 5.367 5.442 5.341 5.458 5.326
58 3.561 3.891 3.838 3.738 3.883 4.278 3.747 3.963 3.988 3.495 3.833
59 4.376 4.178 4.287 4.195 4.159 4.296 4.207 4.151 4.168 4.314 4.194
60 7.960 6.261 7.008 5.230 7.177 5.044 5.205 6.490 6.739 6.887 7.007
61 2.475 3.819 4.071 4.020 3.982 4.300 4.061 4.247 3.995 4.140 3.988
62 4.183 2.824 2.583 2.532 2.755 2.382 2.762 2.579 2.651 2.948 2.681
63 2.857 4.059 3.922 4.134 3.979 4.278 3.990 4.032 4.254 3.481 4.061
64 0.776 1.296 1.186 1.405 1.301 1.071 1.151 0.865 0.729 1.087 1.324
65 6.190 5.308 5.145 5.145 4.984 5.446 5.048 4.946 4.880 5.081 5.172
66 5.520 4.917 5.071 4.957 4.957 4.961 5.109 4.995 4.870 4.931 4.875
67 4.613 4.753 4.809 4.619 4.745 4.761 4.727 4.710 4.714 4.816 4.838
68 0.670 2.112 1.728 1.879 1.574 1.577 2.403 1.814 1.814 1.652 1.405
69 6.056 5.057 4.646 4.813 5.015 4.929 4.979 5.070 4.872 5.002 5.031
70 4.598 4.870 4.954 4.910 5.067 5.015 4.737 4.886 4.988 4.742 5.078
71 5.317 5.100 4.834 5.305 4.999 5.165 5.154 5.071 5.110 5.370 4.951
72 4.635 5.723 5.620 5.734 5.009 5.471 5.423 5.365 5.138 5.433 5.285
73 4.529 4.129 4.391 4.057 4.192 4.079 4.219 4.320 4.277 3.936 4.202
74 5.700 5.769 6.236 6.102 5.927 6.089 5.819 6.024 5.901 6.004 5.878
75 0.325 3.362 3.145 3.042 3.392 3.305 3.153 3.022 3.001 3.274 3.252
76 3.984 3.271 3.236 3.480 3.353 3.616 3.460 3.719 3.698 3.591 3.473
77 2.208 3.325 3.340 3.348 2.915 3.399 3.758 3.406 3.663 2.948 3.320
78 1.653 4.105 4.236 4.132 4.187 4.153 4.285 4.155 4.252 4.231 4.233
79 0.088 3.381 3.609 3.490 3.563 3.245 3.315 3.314 3.246 3.687 3.497
80 4.196 2.836 2.376 2.405 2.653 2.913 2.109 3.076 2.727 2.312 2.972
81 5.336 5.214 5.192 5.075 5.120 5.098 5.095 5.301 4.910 4.828 5.106
82 1.105 2.999 2.608 2.681 2.879 2.665 2.579 3.024 3.193 2.680 3.274
83 5.846 4.756 4.646 4.565 4.777 4.602 4.343 4.964 4.657 4.690 4.861
84 4.113 4.406 4.299 4.224 4.159 4.349 4.214 4.320 4.245 4.209 4.211
85 2.631 4.384 4.424 4.499 4.361 4.426 4.360 4.215 4.385 4.378 3.956
86 6.261 5.804 5.351 5.528 5.376 5.790 5.300 5.241 4.960 5.579 5.057
87 5.048 4.998 5.181 4.650 5.020 5.315 5.119 5.094 5.004 4.781 5.052
88 4.858 4.894 4.902 4.844 4.878 5.027 5.147 4.921 4.922 4.665 4.894
89 4.779 4.827 4.763 4.901 4.934 4.842 4.873 4.856 4.994 4.956 5.108
90 3.835 3.899 2.717 3.975 3.312 4.043 3.913 3.758 3.197 2.941 3.176
91 5.064 3.464 3.547 3.405 3.706 3.578 3.542 3.620 3.507 3.588 3.956
92 4.003 4.042 4.012 4.415 4.284 4.239 4.055 4.089 4.083 4.066 4.293
93 3.404 4.156 4.109 4.416 4.354 4.085 4.078 4.154 4.414 4.217 4.137
94 4.951 4.829 4.741 4.817 4.647 4.673 4.832 4.744 4.767 4.682 4.917
95 5.505 4.652 4.563 4.874 4.696 4.665 4.622 5.179 4.948 4.646 5.151
96 1.857 3.250 3.898 3.706 3.509 3.351 3.642 3.859 3.346 3.757 3.407
97 4.632 5.357 5.383 5.433 5.429 5.709 5.499 5.215 5.186 5.093 5.415
98 5.177 5.436 5.238 5.337 5.204 5.253 5.063 5.286 5.104 5.235 4.880
99 5.978 5.983 5.435 5.795 5.628 5.811 5.857 5.695 5.951 5.810 5.327
100 4.146 3.303 2.789 3.305 3.115 3.366 3.009 3.516 2.977 2.910 3.244
101 4.954 4.976 5.255 5.197 5.265 5.068 5.157 5.217 5.204 5.303 5.335
102 5.806 5.584 5.483 5.533 5.607 5.304 5.369 5.568 5.722 5.320 5.452
103 5.033 4.961 5.025 4.894 4.871 4.952 5.024 5.046 4.872 4.977 4.915
104 4.395 4.394 4.276 3.914 4.906 4.073 4.515 4.180 3.844 4.305 4.085
105 5.093 3.424 3.256 3.260 3.427 3.459 3.264 3.233 3.259 3.481 3.210
106 3.250 3.790 3.922 3.761 3.588 4.045 3.805 3.504 3.666 3.921 3.626
107 2.760 4.166 4.259 4.058 4.201 4.299 4.258 4.107 4.219 4.111 4.286
108 1.182 3.091 3.674 3.548 2.900 3.062 3.600 3.601 3.693 3.192 3.392
109 4.028 3.947 4.021 3.496 3.741 4.415 3.934 3.984 4.006 4.552 4.088
110 5.190 3.711 4.128 4.234 4.356 4.563 4.495 3.440 4.264 3.834 3.920
111 4.988 4.954 4.907 4.847 4.744 4.786 4.739 4.764 4.927 4.873 4.756
112 6.799 5.739 5.888 5.795 5.915 5.647 5.768 5.811 5.867 5.708 5.682
113 5.414 3.434 2.860 3.500 3.267 4.173 3.937 3.363 3.834 3.342 3.459
114 4.414 4.179 4.166 4.236 4.165 4.368 4.163 4.112 4.181 4.181 4.057
115 5.635 4.722 5.147 4.509 4.953 4.630 4.899 5.202 4.741 5.047 5.071
116 4.883 5.036 4.769 4.977 5.056 4.858 4.926 5.048 4.867 5.020 5.029
117 4.712 3.891 3.780 3.865 3.752 3.728 3.766 3.875 3.793 3.923 3.929
118 4.758 3.400 3.573 3.646 3.755 3.925 4.311 4.271 3.806 3.946 4.126
119 3.147 3.339 3.151 2.716 3.077 3.340 2.279 3.342 3.576 3.772 3.422
120 5.580 5.063 5.002 5.076 5.064 4.981 4.681 5.165 4.672 5.149 4.815
