data_index lambda.observed lambda.predicted.repeat1 lambda.predicted.repeat2 lambda.predicted.repeat3 lambda.predicted.repeat4 lambda.predicted.repeat5 lambda.predicted.repeat6 lambda.predicted.repeat7 lambda.predicted.repeat8 lambda.predicted.repeat9 lambda.predicted.repeat10
1 336.000 364.458 364.298 364.647 364.185 364.890 364.957 364.365 365.055 364.127 364.214
2 320.000 330.265 331.265 329.345 329.002 329.647 330.065 328.404 329.752 332.323 326.745
3 419.000 428.336 433.430 432.999 439.036 428.714 436.417 433.623 430.682 430.562 435.268
4 370.000 372.082 374.074 370.958 371.502 372.174 376.622 374.088 370.713 374.451 371.264
5 424.000 425.576 423.562 424.503 424.808 424.783 423.501 423.642 423.097 422.033 425.729
6 429.000 418.508 412.912 420.198 408.230 419.423 418.825 414.060 413.101 418.028 405.476
7 450.000 422.198 419.095 416.620 416.057 422.955 431.422 412.606 475.280 421.595 420.140
8 342.000 336.565 337.083 339.157 337.447 336.619 336.971 338.182 335.842 337.254 336.392
9 407.000 411.433 411.681 412.803 412.596 413.915 411.674 411.038 414.082 417.659 413.609
10 371.000 375.469 380.709 378.881 376.413 382.101 377.059 377.068 377.571 381.200 377.851
11 425.000 418.291 424.124 425.494 420.130 430.019 427.033 425.452 423.493 425.611 424.024
12 350.000 327.362 332.844 333.993 329.614 332.580 329.851 333.704 334.772 324.393 332.898
13 444.000 438.066 426.735 420.355 435.968 431.000 434.737 431.704 439.665 437.487 436.572
14 364.000 368.970 364.711 367.660 367.891 367.037 367.119 365.892 370.451 369.625 374.357
15 360.000 351.437 354.718 353.299 355.047 354.154 352.175 353.579 353.269 355.367 356.942
16 527.000 506.594 503.814 499.280 516.366 506.519 504.606 498.521 479.392 505.119 500.167
17 408.000 404.067 404.212 405.963 404.209 404.143 403.220 405.256 404.272 404.380 404.229
18 478.000 552.723 550.885 561.373 541.958 554.337 553.839 561.451 549.441 552.448 557.734
19 430.000 455.470 455.552 454.593 453.751 456.377 455.002 455.623 456.387 459.489 456.057
20 457.000 457.303 457.924 457.784 456.757 457.711 459.729 457.803 459.716 456.308 458.191
21 456.000 441.857 452.538 437.384 448.805 442.210 446.658 452.007 445.006 436.899 448.564
22 413.000 433.061 430.993 428.802 431.450 430.085 432.015 432.606 430.806 436.115 433.432
23 332.000 315.435 313.953 326.092 320.694 315.742 313.650 316.001 323.019 314.624 320.397
24 425.000 420.661 438.369 436.476 438.259 437.915 434.640 432.610 436.302 435.862 433.914
25 359.000 377.376 367.176 366.349 371.216 365.925 382.843 367.567 367.378 365.779 371.545
26 418.000 416.476 415.180 416.580 416.934 416.467 417.184 417.535 417.032 417.815 417.700
27 325.000 319.661 320.408 321.690 322.265 320.192 321.394 321.630 319.840 319.237 319.589
28 447.000 453.428 447.255 452.708 453.806 455.768 453.666 453.003 454.486 452.028 445.437
29 464.000 453.161 451.802 455.694 457.126 456.461 453.230 455.669 455.119 449.905 440.683
30 431.000 431.814 433.172 431.608 431.757 432.837 433.139 431.942 429.579 430.964 430.175
31 332.000 342.875 343.524 343.011 342.521 343.111 343.959 343.169 336.275 345.003 345.163
32 315.000 329.637 327.930 327.486 326.878 327.578 326.671 327.136 329.750 327.522 326.797
33 390.000 389.314 388.440 388.964 389.461 389.511 388.212 389.213 389.612 388.231 389.247
34 423.000 438.331 440.882 442.056 436.896 436.946 437.860 436.316 433.237 437.445 433.659
35 430.000 451.238 448.358 448.913 447.454 452.736 452.030 446.597 451.156 454.598 450.367
36 429.000 429.759 427.223 426.918 425.311 427.511 428.186 428.441 425.367 427.841 428.295
37 602.000 562.697 567.535 562.285 563.006 563.016 564.307 560.891 561.580 566.574 572.365
38 342.000 341.754 344.518 344.570 345.026 344.590 344.096 343.809 345.059 344.886 344.905
39 415.000 413.405 412.542 412.448 412.823 410.563 413.088 413.055 412.763 412.141 415.351
40 365.000 370.256 369.194 369.346 369.935 370.093 363.724 369.050 368.429 380.063 369.164
41 429.000 421.102 418.910 420.631 421.326 421.250 428.494 421.896 419.066 421.522 419.547
42 336.000 341.359 339.677 341.587 341.070 338.752 340.690 340.024 340.578 340.333 341.202
43 302.000 313.020 308.600 316.484 308.365 313.803 320.314 316.934 314.446 315.467 315.082
44 426.000 431.134 432.874 430.267 432.222 433.733 433.174 432.835 424.170 429.866 434.116
45 364.000 375.459 378.325 376.863 382.300 376.844 375.303 377.873 377.195 378.898 376.282
46 451.000 440.909 437.610 424.800 440.122 441.190 441.402 437.107 439.067 440.023 440.252
47 447.000 445.819 446.899 435.226 445.999 446.900 432.043 446.760 446.484 446.899 446.899
48 586.000 573.426 577.711 573.905 577.240 575.779 575.365 571.127 575.873 576.258 579.398
49 459.000 452.394 455.257 454.464 456.598 455.041 455.096 453.315 455.200 455.885 455.272
50 434.000 431.957 432.561 434.602 433.127 430.841 426.343 429.576 439.078 433.329 432.250
51 403.000 401.375 400.557 400.584 400.608 401.644 399.132 402.013 400.857 402.550 401.284
52 450.000 439.640 442.701 443.579 442.946 438.077 438.219 439.526 438.948 439.429 439.340
53 372.000 365.405 363.934 363.320 363.711 364.574 366.458 364.075 367.834 364.366 361.217
54 545.000 561.105 560.047 564.527 557.530 559.360 561.251 558.457 562.231 558.390 566.776
55 502.000 520.148 519.215 523.797 509.953 527.310 521.673 522.128 525.496 527.846 520.470
56 407.000 400.165 403.667 400.108 399.301 400.942 403.638 402.162 397.824 399.049 401.229
57 444.000 436.944 437.293 437.990 441.277 437.167 444.208 437.472 435.308 434.273 440.741
58 321.000 323.788 317.577 322.495 319.796 323.943 316.535 320.838 319.329 319.105 320.073
59 584.000 583.921 588.993 584.951 589.815 589.333 591.998 583.270 585.658 588.852 591.579
60 480.000 487.471 474.970 489.680 550.467 481.472 481.504 482.574 487.679 478.675 479.088
61 510.000 486.287 477.909 491.442 486.447 489.724 483.624 494.073 482.294 481.392 488.637
62 438.000 438.119 460.239 469.117 488.451 463.332 465.832 486.452 464.397 442.903 466.346
63 417.000 416.906 417.206 416.829 417.139 416.442 416.969 416.502 417.041 417.983 416.534
64 429.000 412.851 415.405 415.046 414.497 414.819 417.217 417.129 415.974 413.689 410.609
65 434.000 435.652 440.063 437.010 436.607 438.099 434.273 436.708 438.986 436.125 440.599
66 442.000 435.614 434.483 433.714 435.152 437.127 438.615 432.258 433.060 434.524 437.608
67 410.000 414.170 415.719 414.584 414.781 416.714 417.148 416.456 415.304 416.323 417.081
68 515.000 512.150 512.621 525.242 520.389 516.739 517.315 524.417 527.593 510.020 516.003
69 400.000 400.586 400.717 397.566 398.659 401.562 400.378 399.227 397.770 400.143 399.046
70 429.000 439.202 440.366 440.046 445.060 438.890 440.860 437.197 439.864 439.430 440.120
71 432.000 464.594 459.694 458.258 457.459 456.976 455.825 457.735 461.501 454.654 459.469
72 335.000 331.039 331.204 332.652 331.718 331.371 333.094 330.925 331.875 331.306 331.426
73 341.000 331.068 329.891 331.793 329.910 329.163 329.778 330.752 331.003 331.308 332.344
74 425.000 425.830 425.075 427.269 424.161 427.994 425.990 427.709 428.755 426.795 424.458
75 351.000 362.208 359.057 364.139 360.426 357.943 357.762 362.569 360.609 358.791 363.640
76 315.000 319.839 319.556 318.974 317.650 320.468 319.605 317.260 318.994 319.867 318.920
77 320.000 330.811 329.988 329.878 329.270 331.336 338.121 327.593 331.098 329.291 332.027
78 588.000 578.404 563.237 566.206 557.085 568.120 565.931 567.282 570.384 561.302 573.056
79 469.000 481.113 479.331 485.843 479.187 482.394 479.374 490.645 472.864 478.159 478.759
80 310.000 391.393 387.225 387.027 415.121 393.858 383.441 401.291 414.503 395.679 397.440
81 307.000 347.421 345.784 348.241 341.032 354.113 351.032 353.639 359.147 351.126 357.475
82 490.000 490.258 489.820 490.451 489.465 489.825 492.238 491.745 489.784 491.847 492.742
83 354.000 357.448 359.303 358.304 357.028 355.825 357.121 361.197 359.972 359.825 359.454
84 409.000 408.506 407.916 408.869 408.802 410.201 409.663 411.980 409.031 409.080 410.552
85 562.000 476.361 475.589 472.250 479.100 478.599 498.178 479.152 476.169 477.886 479.469
86 332.000 344.466 343.744 343.929 343.675 345.000 342.673 345.530 351.674 344.652 349.892
87 472.000 436.024 434.606 436.766 433.070 436.732 442.465 436.420 440.740 438.784 436.592
88 405.000 408.726 409.767 409.578 408.314 405.380 409.802 409.523 409.164 408.997 409.119
89 394.000 398.888 400.896 402.673 400.743 399.541 400.153 402.923 401.240 400.655 402.087
90 314.000 310.725 305.690 310.715 309.794 308.585 327.142 308.986 311.963 309.189 308.488
91 420.000 442.569 441.889 443.507 444.905 443.386 442.032 444.406 442.569 441.709 442.153
92 350.000 353.281 354.325 353.912 354.284 351.835 354.020 353.853 352.626 351.579 353.413
93 381.000 382.503 377.986 383.192 378.317 382.742 376.453 382.597 379.724 377.286 378.665
94 340.000 338.012 342.672 335.892 338.647 333.325 343.496 337.498 337.964 339.136 338.474
95 462.000 452.759 454.815 458.589 456.240 457.686 456.771 458.543 455.654 454.913 459.422
96 495.000 522.374 512.699 515.092 527.436 517.160 525.728 520.363 514.626 515.226 532.892
97 415.000 394.366 397.601 401.428 397.466 389.117 395.690 406.386 384.831 404.606 399.490
98 580.000 582.319 580.877 579.086 580.799 580.995 563.068 579.592 531.668 582.736 566.386
99 412.000 410.931 409.916 411.701 410.801 411.514 411.178 412.253 411.034 410.366 411.549
100 446.000 462.695 462.030 462.723 462.346 464.105 464.625 461.348 463.262 463.779 463.191
101 330.000 317.997 320.151 319.716 320.119 319.772 320.711 327.106 321.239 315.541 320.789
102 316.000 312.752 311.758 312.605 313.894 310.088 309.975 317.474 315.365 310.820 310.806
103 408.000 407.729 409.841 407.503 409.737 408.017 409.547 408.571 407.853 407.526 409.353
104 396.000 430.976 432.300 431.046 430.678 431.414 487.068 480.534 432.929 427.111 426.033
105 385.000 357.907 356.001 363.737 356.225 358.166 356.553 360.202 358.244 355.698 359.945
106 335.000 339.707 339.163 339.976 338.364 339.590 337.504 339.884 340.575 339.593 340.047
107 339.000 341.233 337.043 335.306 334.858 338.213 338.241 332.944 337.606 338.033 338.874
108 419.000 420.540 421.075 420.343 427.942 421.153 420.243 421.688 422.354 419.654 425.317
109 321.000 318.773 318.424 318.492 317.246 317.123 317.413 318.794 317.417 318.507 317.502
110 419.000 416.793 418.476 417.712 418.108 418.316 419.800 418.438 417.300 418.861 418.202
111 423.000 421.512 422.801 422.717 422.291 421.813 423.284 421.882 422.732 421.101 421.587
112 416.000 418.856 416.819 418.247 416.761 417.996 417.345 419.048 418.724 416.867 416.978
113 329.000 328.141 336.328 327.984 330.750 331.782 329.410 329.428 334.484 330.484 325.498
114 450.000 423.402 419.385 419.761 419.915 420.623 421.488 420.288 417.984 419.312 420.794
115 333.000 331.888 329.663 330.373 334.651 331.899 328.713 332.183 333.546 337.826 327.609
116 420.000 415.889 407.240 409.999 409.361 408.833 407.034 408.249 409.837 410.987 406.058
117 349.000 343.654 342.899 343.330 341.721 343.926 348.059 343.353 341.922 344.070 342.319
118 407.000 394.225 395.655 395.516 395.649 393.535 394.122 394.160 394.591 393.934 399.188
119 424.000 423.132 424.640 422.970 422.032 422.983 423.453 423.257 424.916 424.915 423.822
120 425.000 425.676 424.135 423.113 422.986 423.229 423.603 423.319 423.721 426.376 425.220
121 588.000 592.452 590.721 594.285 577.428 597.155 594.723 581.630 591.923 594.860 589.117
122 379.000 359.097 361.690 361.114 354.233 361.133 430.425 436.424 364.794 370.259 364.226
123 586.000 592.324 590.807 593.061 591.849 592.410 596.183 592.933 603.997 592.525 594.276
124 528.000 560.087 558.779 563.159 569.289 557.081 556.300 557.176 563.733 557.881 561.832
125 395.000 402.812 403.805 404.327 404.502 402.583 404.602 404.158 404.813 403.899 398.174
126 402.000 398.968 403.228 402.936 403.744 400.797 401.845 403.071 403.509 401.811 401.006
127 537.000 524.630 522.055 524.224 521.612 518.290 513.822 521.646 524.832 526.114 520.651
128 426.000 427.558 425.879 425.511 422.279 426.294 426.613 427.405 428.527 426.752 428.458
129 414.000 432.254 433.845 433.744 434.102 428.533 435.281 433.474 433.813 437.437 434.163
130 460.000 489.589 491.978 488.888 549.527 489.746 494.772 488.450 487.379 487.794 489.596
131 418.000 415.093 417.912 415.994 415.627 414.552 417.060 416.945 414.469 412.640 415.375
132 422.000 426.761 426.057 428.189 428.488 424.352 427.041 426.266 427.743 422.155 426.451
133 450.000 438.083 438.681 439.221 454.037 437.666 439.722 439.820 441.655 442.876 436.343
134 362.000 363.015 362.972 361.777 352.240 363.566 362.941 364.607 366.162 351.069 363.711
135 500.000 493.370 494.103 499.317 503.722 455.111 494.702 485.714 499.539 492.194 494.137
136 439.000 464.485 455.979 454.341 452.076 449.248 454.032 446.666 453.930 451.089 449.702
137 446.000 448.736 450.218 449.954 449.414 441.717 451.434 449.811 440.554 451.802 450.949
138 420.000 429.913 424.838 430.605 428.102 429.865 430.146 430.751 429.746 429.769 431.077
139 420.000 419.781 420.473 419.682 419.662 419.243 419.690 419.349 420.049 419.305 420.279
140 395.000 393.344 392.598 397.822 392.225 392.563 392.550 392.274 392.823 393.967 393.615
141 399.000 401.703 400.495 399.089 401.788 400.749 401.280 401.016 399.971 400.319 401.738
142 356.000 353.653 355.740 356.024 355.991 354.235 354.706 355.941 354.945 354.752 357.505
143 440.000 445.490 446.414 446.916 445.052 445.946 444.552 448.125 445.423 445.012 445.507
144 342.000 365.190 358.187 358.381 358.238 352.109 350.680 354.896 352.728 355.270 408.023
145 525.000 529.325 520.593 527.691 507.273 530.476 525.224 523.391 521.789 528.840 528.147
146 318.000 327.420 331.943 332.939 333.863 330.754 331.594 328.282 328.717 335.357 329.535
147 518.000 548.283 547.324 554.475 550.333 552.355 550.706 548.455 556.239 551.266 547.962
148 366.000 380.515 378.101 384.902 382.939 383.483 380.598 383.666 382.268 380.751 379.038
149 349.000 354.751 352.914 358.373 354.825 354.661 352.674 353.223 354.347 355.415 352.665
150 396.000 395.359 395.548 394.850 396.352 395.107 393.386 395.743 394.563 395.380 395.820
151 380.000 381.962 379.335 381.165 380.418 381.610 377.743 379.796 382.374 382.661 381.561
152 375.000 377.943 371.926 376.552 373.413 378.303 376.959 375.327 377.950 378.041 371.054
153 334.000 337.164 335.665 335.675 336.581 337.134 335.569 335.356 337.627 336.659 335.499
154 337.000 325.453 323.403 323.786 324.901 321.917 324.672 321.237 321.227 323.936 321.962
155 418.000 414.337 416.164 413.382 413.921 414.090 413.710 413.691 415.916 414.970 414.466
156 310.000 379.028 392.254 354.131 392.106 391.899 395.220 394.962 400.432 396.767 379.371
157 450.000 419.011 427.520 427.985 430.167 424.841 427.469 447.873 429.068 425.467 430.095
158 368.000 375.777 377.569 381.853 377.597 376.776 376.419 377.778 376.709 378.085 376.931
159 305.000 302.736 309.309 306.150 322.741 307.089 304.797 303.080 306.066 299.808 309.621
160 303.000 330.392 333.101 335.617 330.733 333.203 330.688 333.318 334.817 339.041 334.017
161 360.000 349.424 348.257 349.167 348.662 349.912 348.580 349.629 348.682 349.468 351.534
162 466.000 460.090 456.601 457.226 459.340 460.681 458.601 457.614 453.824 458.447 461.838
163 422.000 429.201 430.757 432.576 429.645 428.740 429.109 430.012 431.129 426.025 430.191
164 418.000 412.524 413.205 413.702 411.957 409.556 409.456 411.835 412.571 413.337 414.725
165 409.000 416.890 416.373 415.639 414.685 416.903 415.337 415.489 415.563 416.004 413.093
166 369.000 366.707 368.251 368.121 368.023 367.133 367.986 367.043 368.431 365.513 367.143
167 407.000 411.852 407.764 405.564 406.903 405.903 407.716 410.952 410.709 413.625 405.081
168 414.000 405.565 407.125 408.560 409.005 407.781 410.474 407.551 408.536 408.291 408.175
169 501.000 474.487 478.718 475.958 480.121 478.045 479.805 473.396 473.953 475.668 485.017
170 421.000 419.125 418.498 419.297 418.561 418.126 417.294 418.031 417.436 419.301 418.140
171 316.000 314.395 314.320 323.971 314.307 319.487 313.287 314.297 316.221 316.929 314.564
172 445.000 526.865 519.669 527.103 497.515 517.375 465.904 517.240 514.118 517.351 499.985
173 484.000 465.988 470.054 467.344 461.677 462.343 466.000 448.695 464.625 466.235 465.704
174 418.000 419.448 418.954 419.968 418.978 415.824 420.077 418.907 418.533 418.650 418.285
175 371.000 367.664 369.651 368.688 371.893 370.269 369.776 368.553 368.689 370.141 372.581
176 586.000 558.773 543.566 561.094 552.035 540.850 550.189 562.735 542.952 547.799 547.539
177 434.000 454.087 450.512 454.258 453.190 455.708 451.381 447.822 461.883 451.685 451.791
178 393.000 384.166 364.385 366.322 371.560 362.740 368.566 368.055 375.125 373.782 366.249
179 386.000 386.922 388.190 389.611 389.544 379.828 384.159 385.573 392.745 388.812 378.770
180 344.000 353.686 355.834 353.649 354.735 353.101 351.668 356.676 373.947 354.531 364.046
181 460.000 429.715 427.849 429.440 427.227 427.403 428.049 427.279 427.326 428.489 425.750
182 321.000 324.441 324.534 325.184 322.706 320.247 323.022 323.844 326.802 322.610 323.479
183 431.000 430.372 429.153 431.227 433.981 439.965 432.213 432.412 439.066 431.678 431.327
184 357.000 357.486 357.968 355.808 356.466 357.642 354.019 355.835 358.253 358.725 357.291
185 452.000 445.333 436.726 427.953 446.829 445.428 441.058 434.007 436.566 438.789 438.620
186 315.000 308.163 309.018 307.646 308.077 308.301 307.878 310.210 309.173 309.689 307.374
187 435.000 441.414 444.942 437.727 443.094 444.124 442.611 444.477 444.733 444.213 442.133
188 448.000 448.058 453.963 454.144 467.465 447.061 445.205 451.837 445.990 443.726 448.983
189 416.000 426.550 426.930 424.059 425.269 430.332 427.485 426.178 426.539 428.179 426.789
190 328.000 332.547 334.876 336.214 334.117 334.574 330.448 333.207 332.929 336.576 335.024
191 390.000 394.871 390.432 393.247 392.944 393.970 388.939 391.976 393.408 392.560 391.780
192 310.000 313.041 314.315 313.677 316.979 310.072 312.865 312.888 313.555 313.124 313.280
193 372.000 373.490 375.779 376.321 377.560 372.351 378.046 374.177 372.801 376.307 377.632
194 428.000 452.944 445.530 443.748 447.487 447.980 447.502 448.645 443.253 449.207 444.428
195 330.000 332.556 331.182 332.215 331.115 331.784 332.083 329.332 331.643 331.632 331.603
196 598.000 583.530 587.700 592.738 586.960 590.792 579.707 592.375 589.959 594.343 576.717
197 392.000 313.229 327.288 339.305 313.200 312.330 319.570 310.662 317.275 310.210 315.801
198 430.000 450.846 451.594 448.982 453.562 455.848 443.669 449.253 472.199 463.225 451.742
199 312.000 312.051 315.385 311.588 313.700 315.076 321.192 313.606 315.549 313.744 311.688
200 417.000 418.371 418.339 418.954 417.587 417.691 418.868 416.807 418.382 420.331 417.934
201 318.000 319.133 319.849 319.555 316.520 317.840 319.682 319.587 317.979 318.215 319.496
202 329.000 327.403 325.908 326.416 327.678 325.785 325.351 326.132 323.823 334.205 327.384
203 339.000 341.266 338.522 343.720 339.007 343.042 344.053 342.660 344.593 341.391 343.226
204 334.000 329.394 328.839 330.856 327.310 328.391 330.132 329.420 329.296 328.802 325.714
205 420.000 424.155 423.850 423.387 422.738 422.807 422.858 423.718 422.971 423.704 422.602
206 371.000 387.663 388.005 383.964 393.192 387.130 386.552 387.119 386.690 388.369 388.623
207 560.000 576.815 572.420 581.514 568.617 570.285 566.218 575.229 568.744 562.704 572.210
208 410.000 405.113 405.679 404.846 403.674 403.799 403.776 404.089 405.772 404.482 404.486
209 427.000 427.516 434.157 429.298 431.679 432.940 429.400 431.627 427.696 428.966 429.658
210 326.000 358.220 363.347 355.950 360.597 354.679 354.192 344.221 356.905 362.352 361.339
211 405.000 381.076 384.525 382.310 386.380 383.969 385.023 383.109 383.118 384.090 383.809
212 330.000 331.273 331.289 330.197 331.515 331.387 328.915 332.841 328.818 330.338 331.667
213 328.000 332.848 333.901 334.058 332.816 333.168 333.651 333.451 335.388 336.621 359.913
214 436.000 432.547 435.609 434.053 432.935 433.527 434.534 440.140 434.233 432.479 432.012
215 410.000 411.524 410.445 411.272 411.276 411.318 411.630 412.422 408.052 410.827 410.645
216 471.000 470.992 476.760 471.985 481.913 473.022 473.222 477.866 472.017 475.878 473.898
217 427.000 427.098 426.899 427.099 427.099 427.098 426.898 427.098 426.898 427.098 426.898
218 464.000 460.575 460.888 463.179 460.672 461.905 460.456 460.927 460.586 457.133 461.173
219 446.000 434.417 437.452 446.317 434.324 437.794 433.880 441.573 433.587 435.210 434.516
220 583.000 573.159 580.000 583.661 579.222 576.335 565.809 575.138 582.785 577.024 569.526
221 313.000 317.510 317.040 319.664 313.096 317.008 317.147 318.063 316.211 316.061 316.898
222 382.000 439.173 425.126 424.565 424.276 413.120 427.306 425.660 423.342 420.613 466.402
223 398.000 382.297 399.499 386.442 387.843 397.533 391.153 396.661 386.329 386.939 395.368
224 371.000 381.278 381.541 376.912 378.852 381.991 379.341 379.797 381.023 382.881 385.406
225 414.000 413.544 414.396 410.545 413.419 414.162 414.032 413.802 415.352 414.779 415.130
226 599.000 586.311 589.114 584.729 585.346 580.948 553.986 582.486 582.482 582.490 583.074
227 353.000 353.618 353.534 354.095 352.894 353.860 352.524 352.619 353.709 351.441 353.037
228 404.000 478.472 480.298 479.503 487.211 478.782 474.647 478.405 482.240 480.886 483.180
229 406.000 411.499 410.553 410.045 405.883 405.368 407.865 409.754 411.491 409.530 410.068
230 337.000 342.123 340.875 341.261 342.280 340.977 342.319 341.684 342.439 342.454 343.020
231 395.000 409.495 408.163 401.466 408.175 408.699 409.418 406.413 408.240 409.368 408.558
232 407.000 413.519 414.430 407.676 411.116 408.126 409.541 410.335 408.388 416.538 410.052
233 417.000 428.928 431.092 433.442 433.542 435.291 433.712 432.132 434.431 433.483 430.736
234 395.000 402.708 400.642 399.400 399.581 400.516 398.101 400.621 398.902 399.465 399.864
235 448.000 447.309 446.410 448.271 450.913 447.626 447.773 448.030 447.418 453.777 449.100
236 363.000 351.457 345.220 345.584 347.378 348.045 350.698 349.812 344.555 351.055 351.543
237 386.000 386.876 383.117 385.409 384.825 383.462 384.144 385.166 383.592 385.331 384.458
238 330.000 332.912 332.543 333.340 333.243 333.435 333.704 333.849 333.963 331.682 333.423
239 488.000 369.203 371.482 369.024 367.107 369.821 364.070 372.433 361.593 372.648 379.600
240 479.000 474.014 475.676 465.313 466.958 469.067 469.027 475.278 466.630 475.501 469.226
241 338.000 348.897 355.033 327.962 349.990 348.566 407.809 348.709 355.869 333.964 383.631
242 321.000 316.225 315.224 313.286 316.209 315.899 315.787 317.949 318.129 317.046 318.125
243 335.000 338.074 332.097 334.742 333.611 335.356 335.478 336.130 336.395 333.244 347.811
244 421.000 411.591 453.242 403.447 412.820 424.749 412.903 410.302 414.432 440.124 414.027
245 364.000 367.311 367.779 369.161 367.916 367.909 365.309 366.971 367.564 367.177 367.833
246 322.000 333.482 335.065 330.708 334.353 332.872 336.531 330.066 334.843 335.564 333.686
247 446.000 435.473 437.745 437.324 434.781 435.609 434.114 435.444 433.920 439.760 439.235
248 340.000 327.795 325.701 326.764 326.124 327.760 326.959 327.799 324.479 326.304 325.706
249 340.000 342.495 344.440 341.162 336.108 340.861 340.064 343.904 365.070 344.760 343.220
250 367.000 362.880 364.801 360.499 358.916 364.602 384.286 359.964 364.409 359.993 364.897
251 425.000 428.154 425.260 427.899 431.309 425.930 425.752 425.396 425.778 425.545 429.419
252 420.000 421.539 419.768 420.971 421.227 419.236 420.816 420.945 420.296 420.726 420.265
253 526.000 537.481 541.830 538.350 542.365 546.203 544.590 541.065 529.912 538.093 541.821
254 495.000 483.369 494.048 487.127 500.247 498.909 494.832 499.581 493.775 502.954 497.297
255 564.000 548.320 539.964 567.134 546.724 541.057 541.647 555.030 555.994 544.096 510.261
256 420.000 508.065 505.520 491.357 505.987 492.091 497.042 502.154 498.522 501.864 495.494
257 414.000 414.686 419.449 416.247 414.970 417.006 415.627 415.919 415.077 413.296 420.154
258 328.000 323.005 327.594 312.576 326.176 321.158 326.716 319.566 316.469 326.654 324.783
259 546.000 461.172 453.957 454.773 458.529 458.541 462.881 459.458 462.591 459.772 437.541
260 323.000 316.893 315.620 318.117 318.819 318.155 316.913 317.278 318.207 315.575 318.960
261 413.000 410.012 411.094 410.009 409.348 409.191 408.977 409.143 409.752 409.467 409.454
262 360.000 385.379 395.244 393.268 387.772 400.692 389.516 378.391 387.507 390.216 393.321
263 411.000 409.317 407.611 409.999 408.119 409.135 410.397 410.874 409.885 411.302 413.305
264 346.000 338.805 336.625 340.661 337.351 337.695 337.730 331.500 335.774 337.824 336.106
265 449.000 442.372 446.615 442.055 444.880 441.245 445.987 441.846 441.782 453.675 439.167
266 389.000 344.752 341.130 345.407 338.504 344.677 342.181 342.946 353.933 343.532 343.263
267 343.000 337.684 338.560 339.872 338.133 335.929 338.129 337.685 337.609 335.772 333.041
268 359.000 364.988 366.794 365.067 364.626 367.680 365.286 368.616 367.876 363.193 350.804
269 410.000 410.180 412.824 408.832 410.523 410.515 411.225 410.493 410.737 411.381 410.690
270 340.000 337.039 336.819 338.214 338.045 339.015 335.318 339.197 337.722 337.508 340.058
271 504.000 475.674 463.646 475.904 470.135 477.311 480.212 477.898 473.598 482.888 467.735
272 546.000 555.528 562.573 557.871 555.233 554.234 556.597 571.391 558.832 556.129 554.967
273 413.000 413.073 410.975 412.248 414.936 415.614 413.749 415.540 411.364 415.234 417.082
274 297.000 296.517 295.222 284.157 297.352 290.427 292.518 299.110 287.961 295.674 293.566
275 397.000 390.726 391.462 392.471 391.347 392.077 391.353 391.869 391.958 387.108 392.840
276 604.000 608.936 601.800 611.565 609.907 607.561 610.112 608.855 612.303 607.994 605.710
277 442.000 444.739 448.430 449.192 443.651 448.827 449.521 450.339 447.145 448.668 447.354
278 462.000 463.616 463.786 467.245 463.618 456.925 464.223 454.226 465.294 446.862 449.913
279 491.000 506.229 496.327 498.679 496.084 493.483 498.704 513.880 492.399 500.118 511.531
280 495.000 497.093 499.314 498.312 492.478 498.162 503.074 499.259 496.162 497.476 500.028
281 394.000 369.135 366.907 367.583 370.329 365.925 369.449 368.288 366.081 368.184 374.278
282 320.000 335.272 334.734 336.346 333.627 335.011 334.896 334.901 334.146 342.656 335.777
283 445.000 439.113 439.054 438.138 439.001 436.198 438.867 441.917 434.354 439.145 439.561
284 350.000 344.331 344.152 343.602 341.540 344.699 344.537 345.717 339.114 344.324 335.391
285 341.000 363.626 357.042 360.485 363.576 343.240 360.547 359.480 362.561 345.503 351.371
286 398.000 387.443 394.647 389.233 387.528 393.077 386.159 385.716 384.759 385.974 387.581
287 357.000 354.634 354.809 354.224 354.023 354.277 355.269 353.771 353.946 353.405 354.254
288 316.000 318.778 312.423 310.210 310.463 312.726 309.356 311.005 311.553 317.095 305.811
289 454.000 436.536 432.891 434.125 433.081 440.749 430.495 432.854 434.374 431.040 432.670
290 492.000 495.929 495.757 499.212 515.531 496.690 497.670 495.056 496.173 496.659 513.266
291 405.000 413.519 414.430 411.782 412.919 410.409 410.527 411.152 410.387 416.538 411.480
292 357.000 373.010 367.591 371.599 384.697 368.159 367.363 368.074 374.542 366.835 367.319
293 424.000 428.888 428.956 428.498 427.850 427.469 429.021 428.410 429.541 429.460 427.953
294 438.000 439.477 438.436 439.190 443.683 439.633 438.933 441.571 443.182 444.738 436.787
295 525.000 403.058 404.253 410.175 428.971 408.364 412.372 393.733 414.924 410.077 409.570
296 431.000 413.767 412.634 410.789 411.286 411.861 410.472 411.419 412.770 410.459 411.491
297 591.000 588.358 587.313 587.985 589.961 586.525 583.317 588.651 604.359 588.400 587.482
298 414.000 416.885 416.014 414.366 415.136 416.281 416.204 419.404 416.489 415.608 415.098
299 388.000 392.499 390.848 398.044 393.760 392.946 392.493 389.902 392.546 394.716 390.703
300 585.000 587.370 602.721 590.186 596.597 602.341 597.408 596.459 603.623 593.203 598.820
301 398.000 397.752 397.103 397.909 396.363 397.886 397.650 397.751 398.793 397.360 396.727
302 309.000 308.435 306.307 305.366 307.056 308.600 309.716 310.747 307.936 309.315 306.754
303 416.000 411.648 413.373 414.698 413.307 413.380 413.112 414.387 413.413 413.071 413.709
304 412.000 419.699 419.912 418.215 420.174 419.287 419.469 419.732 419.095 419.043 418.094
305 325.000 334.325 335.221 334.228 334.852 334.855 339.791 331.286 333.913 343.709 333.381
306 397.000 394.294 393.962 393.776 395.806 393.757 393.681 396.031 394.607 394.234 394.614
307 407.000 411.719 410.372 409.573 411.616 411.256 410.913 411.718 412.633 410.726 412.015
308 328.000 316.034 316.852 308.159 315.427 310.455 316.557 312.615 303.653 318.674 319.628
309 430.000 432.462 419.029 432.386 432.930 434.358 436.223 418.883 418.664 434.396 412.424
310 364.000 371.483 365.289 368.618 369.526 365.285 366.912 370.487 363.733 369.040 367.698
311 461.000 462.792 464.935 463.540 460.099 463.580 460.957 463.334 461.719 460.693 462.477
312 446.000 448.713 447.225 447.542 449.453 449.264 445.978 450.724 445.440 446.671 450.640
313 334.000 330.944 331.125 331.432 332.625 331.011 331.213 330.903 335.147 330.890 333.847
314 536.000 554.345 543.496 533.207 541.710 555.622 554.624 549.888 537.893 549.946 539.402
315 399.000 411.935 410.163 411.485 411.169 413.226 441.237 407.423 410.383 412.867 413.663
316 584.000 579.389 576.132 573.623 574.058 572.905 576.899 574.708 573.278 573.679 577.566
317 592.000 593.044 593.758 592.585 591.499 598.750 603.899 591.097 591.759 590.541 592.236
318 450.000 441.535 443.588 447.993 442.837 449.140 442.899 443.169 448.971 441.171 446.860
319 359.000 352.417 351.930 352.160 351.231 350.895 353.117 352.289 352.307 353.208 352.341
320 325.000 333.531 328.058 326.945 343.545 330.908 325.951 328.054 327.789 326.585 325.705
321 315.000 325.847 333.257 335.202 333.030 308.884 331.852 334.776 332.399 307.337 327.717
322 548.000 546.552 549.635 555.511 542.768 540.659 543.347 541.299 548.261 543.523 546.226
323 450.000 444.786 443.155 445.217 448.390 442.642 446.028 446.277 445.398 443.426 445.827
324 310.000 345.031 340.646 343.569 347.162 340.009 339.702 341.680 341.854 342.028 340.695
325 362.000 350.406 348.341 347.500 350.440 350.925 351.132 351.390 346.797 352.163 351.510
326 322.000 326.683 327.131 325.694 324.296 328.604 334.475 324.442 325.398 326.119 328.320
327 408.000 407.100 408.454 411.810 408.318 408.447 411.744 408.563 410.050 410.901 409.412
328 460.000 407.214 406.550 405.760 407.670 405.614 406.988 407.715 407.196 406.025 407.074
329 448.000 448.253 448.006 444.874 446.816 445.075 448.017 449.461 450.623 446.489 447.281
330 444.000 419.474 418.513 429.012 411.406 413.706 416.426 423.312 415.190 415.768 410.813
331 502.000 458.534 490.097 456.916 460.299 461.412 463.138 459.326 476.051 474.971 464.121
332 409.000 438.438 442.939 447.964 449.051 465.820 452.105 449.485 445.268 447.882 444.566
333 405.000 404.564 404.706 403.805 402.856 403.565 405.734 404.030 404.256 404.716 404.586
334 427.000 426.898 426.972 426.899 426.899 427.098 426.899 426.899 427.099 426.898 427.099
335 452.000 444.822 444.997 445.626 443.378 441.962 443.306 444.816 442.969 442.154 442.819
336 491.000 564.374 555.834 555.741 550.880 551.378 548.931 552.128 553.624 560.171 546.649
337 440.000 444.412 442.834 442.215 444.511 445.359 437.605 429.251 446.766 427.614 440.118
338 363.000 357.837 359.396 376.266 357.624 357.167 352.980 359.950 358.686 357.952 359.829
339 514.000 488.705 488.643 490.183 509.714 486.945 487.277 488.401 510.249 489.652 488.128
340 536.000 561.096 562.811 560.111 555.682 586.856 562.293 558.382 565.193 559.900 548.788
341 462.000 461.899 461.900 461.899 461.900 461.900 461.899 459.372 461.900 461.899 461.900
342 510.000 523.766 516.003 518.956 516.459 512.219 511.250 516.146 524.678 516.196 514.793
343 418.000 421.723 421.233 418.681 420.781 420.780 420.587 420.817 423.652 419.995 421.092
344 400.000 397.687 395.406 396.528 396.556 396.119 397.624 396.184 396.355 396.517 398.347
345 400.000 373.418 378.443 383.070 382.652 379.744 380.139 373.259 373.952 373.847 380.471
346 452.000 476.528 481.913 467.238 474.503 480.261 476.657 478.001 464.099 470.631 478.230
347 586.000 563.567 562.545 564.043 571.950 555.092 563.254 562.221 557.298 555.709 564.253
348 461.000 445.542 449.405 448.211 444.315 445.423 445.963 444.822 444.741 449.880 446.919
349 606.000 591.463 588.264 590.855 584.500 582.384 557.351 583.716 584.188 584.703 586.056
350 338.000 350.865 351.598 363.138 360.056 362.538 388.189 364.689 359.957 355.040 362.825
351 368.000 375.599 364.917 370.096 370.264 366.209 366.802 367.591 368.324 367.965 367.462
352 328.000 324.612 323.030 322.164 324.226 324.492 323.315 323.091 324.323 323.884 319.436
353 477.000 496.571 474.170 488.158 484.034 489.787 481.867 501.800 495.142 480.190 485.524
354 350.000 327.323 336.718 326.960 331.655 324.717 328.644 328.117 327.311 327.833 327.422
355 421.000 420.387 420.715 417.213 420.803 419.042 421.754 419.174 421.424 419.550 418.700
356 422.000 432.684 431.379 427.291 434.964 434.592 435.456 434.532 434.578 436.095 433.596
357 473.000 466.202 466.337 448.737 457.729 472.309 470.940 474.422 452.900 462.352 462.826
358 567.000 557.924 552.487 557.650 554.437 554.503 550.943 556.027 553.051 556.101 554.175
359 425.000 463.728 468.428 486.666 513.409 483.866 488.607 506.332 486.149 475.084 464.828
360 416.000 415.099 415.099 415.099 415.017 415.099 415.099 415.546 415.099 415.099 418.493
361 354.000 352.068 353.833 351.270 351.501 351.684 351.081 355.307 350.491 349.132 351.298
362 524.000 518.022 520.648 521.624 514.792 512.380 521.250 513.440 516.647 523.734 513.623
363 462.000 461.899 461.900 461.899 461.900 461.900 461.899 459.372 461.900 461.899 461.900
364 477.000 457.554 458.213 457.177 450.014 456.495 458.243 452.865 458.895 458.706 459.484
365 528.000 512.001 511.033 512.562 525.015 514.417 509.823 524.602 513.665 523.843 513.623
366 335.000 337.017 333.126 337.920 336.860 334.298 334.216 333.484 332.515 335.028 335.687
367 323.000 345.345 346.406 344.074 346.880 343.975 339.745 343.440 342.287 348.738 346.322
368 406.000 406.604 406.972 407.389 407.493 407.832 406.969 407.549 407.767 405.896 407.141
369 502.000 500.781 502.055 502.055 505.191 504.544 501.682 506.439 499.332 509.572 500.120
370 415.000 411.009 411.021 411.947 409.674 410.875 412.617 412.498 412.324 411.528 412.693
371 336.000 334.905 334.426 334.984 334.089 333.989 332.790 333.567 335.377 334.198 336.236
372 312.000 324.622 322.171 324.000 326.904 325.450 319.241 325.740 320.370 322.835 323.206
373 330.000 330.202 327.664 329.313 329.232 331.419 330.427 330.144 329.983 329.543 328.516
374 508.000 418.791 424.620 430.524 427.602 427.800 425.703 432.358 420.127 427.323 423.614
375 588.000 577.362 584.633 571.122 580.625 577.854 577.388 569.424 586.569 581.110 582.185
376 362.000 368.721 369.931 370.310 369.303 370.281 365.015 368.187 369.485 367.220 357.134
377 404.000 404.570 405.680 406.274 405.698 406.154 404.265 404.240 406.705 406.726 406.343
378 370.000 359.454 364.369 359.245 362.993 362.524 365.479 362.239 365.336 363.228 362.949
379 482.000 375.424 374.765 377.433 375.625 370.706 375.992 377.269 376.835 373.303 371.189
380 466.000 448.131 457.353 467.196 450.394 455.073 456.487 466.946 452.788 452.645 447.159
381 405.000 402.650 402.296 403.261 404.428 403.284 403.428 403.524 404.349 404.450 402.981
382 576.000 568.551 564.653 557.203 561.504 576.484 571.770 562.454 560.517 572.409 563.523
383 457.000 476.534 474.186 481.237 483.243 479.675 485.407 478.668 472.372 483.327 478.777
384 478.000 462.112 461.352 461.913 460.206 462.999 456.017 462.807 461.693 467.952 465.260
385 431.000 434.046 433.091 436.170 431.974 434.147 432.747 427.280 433.033 436.046 429.968
386 411.000 358.540 363.909 367.985 350.926 363.379 367.954 368.055 358.673 360.197 362.453
387 409.000 407.918 407.317 407.525 407.937 405.518 404.832 406.108 406.522 406.546 408.040
388 375.000 365.692 382.290 362.627 370.477 382.731 356.173 365.054 367.551 368.742 362.028
389 485.000 509.748 512.684 508.628 507.104 512.722 506.254 507.038 510.160 510.031 512.735
390 407.000 409.485 409.861 410.957 408.837 410.196 409.150 409.317 411.010 410.181 409.192
391 405.000 396.903 399.466 399.400 397.780 399.963 399.178 397.876 397.469 391.871 398.265
392 406.000 407.756 406.001 406.488 404.103 406.389 406.690 406.858 407.300 406.850 406.462
393 342.000 339.211 338.930 339.925 338.406 338.808 339.956 339.126 339.520 338.526 339.632
394 361.000 359.406 359.684 360.248 361.028 358.749 359.121 362.538 357.535 363.340 361.894
395 387.000 387.029 387.018 387.197 386.815 385.539 386.677 387.266 387.651 389.013 385.922
396 323.000 316.879 317.285 317.416 317.409 319.171 316.783 318.160 316.996 322.939 317.227
397 440.000 450.172 465.676 461.279 463.200 473.128 465.030 459.574 456.165 461.097 462.384
398 488.000 521.725 506.603 458.042 456.524 517.495 496.145 509.642 492.935 507.218 494.299
399 332.000 329.077 328.311 331.781 330.102 324.606 333.118 366.000 325.723 328.732 330.084
400 316.000 320.716 323.530 323.650 321.014 323.304 308.830 321.870 321.755 325.759 322.648
401 459.000 419.377 425.025 429.651 428.327 423.559 422.732 426.261 435.845 424.153 427.306
402 335.000 328.815 327.203 318.445 328.535 326.652 329.785 323.513 326.111 327.882 331.200
403 332.000 337.533 337.117 333.778 334.713 336.859 335.097 336.810 335.882 334.701 337.102
404 459.000 466.612 464.601 467.749 465.056 467.927 466.138 468.980 467.456 462.809 466.602
405 396.000 400.086 399.641 399.676 396.577 399.899 396.067 399.850 399.320 395.615 399.129
406 489.000 480.086 479.885 479.044 477.797 480.048 480.165 482.672 480.120 480.236 480.023
407 417.000 423.707 423.549 429.116 416.580 422.384 425.426 415.088 417.042 426.621 420.295
408 400.000 397.009 399.498 399.139 402.707 400.237 444.769 399.039 397.298 398.903 400.798
409 357.000 352.545 351.168 351.386 352.047 352.313 352.083 351.009 353.187 350.109 345.938
410 437.000 491.338 488.650 499.759 492.254 506.499 492.605 493.825 500.850 499.017 492.087
411 419.000 419.133 420.453 418.521 418.491 420.110 417.847 419.394 418.394 417.816 419.482
412 350.000 346.864 346.273 348.854 344.192 351.296 351.410 349.162 344.178 351.084 349.650
413 424.000 443.887 450.866 448.855 446.746 445.495 438.575 448.491 451.210 448.962 449.309
414 443.000 437.838 442.995 425.890 442.339 436.190 441.807 435.841 439.975 445.834 437.292
415 439.000 432.212 433.658 435.856 433.042 434.547 435.084 434.440 436.122 434.105 434.005
416 324.000 322.670 320.312 323.304 324.837 321.365 322.034 322.049 320.857 321.586 322.197
417 311.000 325.906 320.557 319.885 316.174 318.641 317.955 323.976 326.090 322.280 321.563
418 331.000 326.770 328.225 326.959 327.790 326.544 327.754 328.954 327.648 328.615 327.888
419 428.000 422.417 420.141 421.087 424.328 420.016 423.795 424.779 421.568 423.722 422.362
420 309.000 300.429 294.855 299.051 294.179 304.968 297.985 307.870 298.115 299.317 309.627
421 375.000 375.819 373.685 373.920 395.293 375.007 374.527 375.574 385.968 374.009 375.354
422 450.000 446.866 440.680 441.232 444.108 444.254 436.527 441.298 442.330 441.570 451.830
423 448.000 441.835 439.243 439.235 438.747 439.239 438.881 442.783 435.610 434.239 437.778
424 372.000 374.277 374.882 376.739 377.905 376.370 376.900 374.922 376.950 376.383 383.331
425 460.000 462.689 461.547 461.411 464.049 462.958 465.224 456.690 463.173 463.848 462.924
426 504.000 527.329 526.985 529.998 523.509 522.339 526.642 525.331 524.866 515.088 528.987
427 433.000 445.277 445.825 444.966 446.259 444.517 443.817 447.828 446.352 444.687 445.176
428 564.000 568.175 575.190 587.047 576.410 576.155 569.562 578.601 577.834 573.318 576.800
429 440.000 454.907 442.832 437.627 438.530 440.361 439.108 441.210 444.473 441.618 435.165
430 484.000 480.278 483.747 482.086 493.807 486.954 486.925 494.392 497.800 495.366 495.565
431 435.000 420.758 419.997 420.530 422.126 422.794 421.400 422.980 420.999 421.244 417.876
432 397.000 391.155 390.413 390.719 392.559 390.189 379.492 393.285 393.392 392.530 395.687
433 408.000 423.798 424.933 424.080 432.296 399.967 417.563 422.202 396.636 422.609 410.235
434 437.000 439.226 435.549 439.190 439.802 433.318 438.533 441.370 439.544 441.559 439.368
435 406.000 402.880 403.360 407.218 406.460 401.868 403.055 402.515 394.956 399.858 401.046
436 393.000 393.767 393.324 396.077 390.888 396.131 398.144 394.013 394.634 395.878 395.915
437 466.000 435.972 436.334 460.874 440.834 445.366 439.098 444.546 461.230 444.732 441.131
438 410.000 449.656 442.188 446.832 450.885 450.891 446.086 447.940 448.007 452.064 450.940
439 447.000 446.899 445.648 441.852 444.226 443.488 432.043 445.983 445.627 445.911 443.667
440 487.000 464.591 463.863 463.227 457.622 455.985 457.636 453.675 454.486 454.199 459.013
441 309.000 317.523 307.684 308.839 322.507 312.940 311.277 310.523 312.717 311.951 305.996
442 437.000 443.777 436.096 439.998 441.074 447.052 441.278 438.523 444.941 441.372 441.441
443 481.000 485.002 486.149 485.469 485.670 485.649 485.104 486.021 485.043 485.846 486.441
444 349.000 348.586 349.657 349.936 348.441 348.133 349.252 349.321 347.404 347.521 348.837
445 336.000 337.884 337.758 336.384 337.520 337.523 337.432 337.452 335.963 336.963 337.654
446 315.000 318.173 318.382 318.732 317.945 318.633 317.414 317.327 316.316 320.557 317.307
447 420.000 420.166 419.256 421.701 422.223 421.980 425.047 421.526 426.457 420.791 421.680
448 466.000 452.897 464.524 454.706 460.310 458.717 457.283 459.041 457.023 462.724 463.628
449 345.000 366.114 366.057 374.895 366.583 367.273 367.252 369.343 366.895 367.297 366.761
450 451.000 441.591 441.292 443.983 446.335 442.375 444.219 446.050 445.230 444.363 443.831
451 439.000 396.066 390.593 395.677 398.133 393.545 397.115 402.004 395.817 413.428 402.749
452 330.000 328.669 325.426 327.769 330.409 326.402 325.895 327.419 327.263 329.999 327.058
453 538.000 544.288 551.549 546.115 548.101 544.590 554.971 547.424 543.830 545.699 546.164
454 326.000 352.469 349.308 352.430 345.935 349.305 349.122 373.733 347.630 353.695 354.587
455 392.000 421.240 435.158 425.826 419.937 427.115 432.602 430.203 417.323 424.225 424.996
456 366.000 400.925 384.876 384.449 382.372 387.441 395.602 387.000 381.550 383.199 386.047
457 318.000 318.562 320.080 316.765 318.585 316.178 315.502 317.390 327.881 316.124 324.838
458 561.000 480.380 476.367 484.206 489.677 481.509 481.723 480.724 483.960 479.869 492.428
459 348.000 346.999 346.352 345.877 345.793 348.540 347.996 346.960 347.502 345.902 348.531
460 384.000 388.562 391.699 391.666 396.399 390.540 389.527 390.938 391.247 393.227 393.560
461 481.000 470.049 470.166 471.532 469.174 470.152 470.673 469.697 470.850 470.426 470.259
462 310.000 336.224 323.211 316.385 319.728 321.641 338.264 334.934 320.320 334.771 319.347
463 402.000 404.912 405.348 404.799 404.970 403.165 406.507 404.434 406.719 404.882 405.900
464 530.000 420.276 421.285 411.084 407.938 419.187 425.433 422.075 413.733 421.633 421.425
465 583.000 564.727 549.900 552.110 549.596 627.025 549.417 549.615 560.284 571.985 551.611
466 421.000 418.203 417.434 418.264 416.678 417.708 414.764 417.457 418.673 417.491 422.818
467 415.000 415.899 416.099 416.686 415.017 416.100 416.099 416.099 416.523 416.099 418.493
468 387.000 399.415 389.227 389.921 391.347 381.467 389.890 391.768 394.053 390.624 390.520
469 584.000 562.705 562.779 564.543 558.719 562.787 561.034 571.492 562.911 561.135 557.749
470 307.000 323.076 323.420 319.939 323.629 322.015 322.150 322.739 324.119 322.959 319.566
471 424.000 422.760 423.194 423.137 421.574 422.116 422.616 421.350 422.171 423.048 424.239
472 449.000 444.284 435.585 438.823 437.983 439.593 438.143 439.390 436.271 435.949 443.208
473 610.000 527.058 526.015 521.906 524.713 523.811 522.782 524.402 526.507 524.459 524.922
474 377.000 377.646 374.831 382.504 378.755 381.202 380.063 378.194 378.704 393.910 375.379
475 502.000 459.406 455.232 455.240 457.481 445.931 459.309 457.190 456.442 455.169 465.660
476 319.000 321.347 319.403 330.637 321.991 321.240 320.762 320.466 319.697 316.707 346.050
477 290.000 307.931 318.009 309.855 314.244 312.698 315.698 314.954 314.276 318.158 310.286
478 407.000 409.231 408.344 411.810 408.100 408.099 411.744 409.323 408.099 410.901 409.703
479 444.000 438.229 445.569 436.452 434.153 437.229 440.024 437.729 438.032 447.831 452.936
480 322.000 312.146 310.181 311.778 312.846 318.090 316.966 314.043 320.825 312.859 319.286
481 402.000 425.765 420.284 418.767 414.619 420.317 422.046 421.814 422.569 420.036 403.052
482 386.000 378.208 387.728 380.147 390.715 385.822 387.227 387.984 387.364 387.447 388.721
483 364.000 438.922 439.908 441.821 440.024 435.868 439.688 439.662 439.211 438.158 439.555
484 328.000 316.134 315.877 318.755 316.780 316.564 309.747 317.548 319.666 317.406 317.578
485 312.000 314.314 312.055 312.965 315.539 315.029 311.988 309.737 313.832 312.566 312.533
486 378.000 378.155 375.779 376.631 379.279 381.515 376.971 379.932 379.018 379.755 390.823
487 330.000 318.298 322.017 320.495 316.914 318.253 323.300 321.751 319.782 309.981 319.127
488 451.000 436.970 439.218 439.793 437.401 439.487 444.139 439.487 438.188 440.486 438.202
489 313.000 383.342 383.698 382.875 364.867 382.102 380.955 381.058 373.464 382.272 387.537
490 408.000 408.060 407.949 408.385 409.293 410.109 410.372 412.658 408.994 407.792 406.846
491 440.000 426.760 429.555 429.535 421.216 430.165 430.329 428.929 424.742 444.938 425.015
492 375.000 370.026 372.514 368.140 369.117 370.173 369.327 372.452 370.778 368.349 370.248
493 462.000 456.841 459.152 457.358 455.517 456.512 457.577 455.355 457.256 456.122 455.829
494 450.000 430.720 429.960 434.250 426.940 430.061 429.334 431.009 430.654 455.220 431.161
495 417.000 418.447 418.333 417.491 418.228 417.345 418.826 415.699 418.021 418.687 418.281
496 452.000 444.205 439.662 441.933 445.281 448.100 443.547 443.167 439.639 442.751 448.867
497 526.000 526.084 525.724 527.521 525.586 534.522 528.424 538.191 522.564 521.426 525.447
498 460.000 465.078 465.802 465.520 442.922 460.590 463.413 466.357 462.911 463.713 463.353
499 428.000 433.209 435.975 432.647 437.118 428.458 433.891 432.806 431.639 431.931 434.446
500 310.000 344.359 315.111 345.147 346.935 361.003 340.945 342.094 353.926 345.536 345.242
501 412.000 402.536 406.004 404.472 404.403 405.674 405.036 403.903 400.562 403.315 405.047
502 468.000 484.354 480.753 470.212 477.460 473.991 472.741 474.759 475.905 468.330 475.812
503 316.000 338.595 329.421 331.433 330.895 330.995 328.196 330.458 333.279 329.645 329.039
504 602.000 590.938 589.828 597.290 593.555 598.698 593.750 593.098 600.113 595.285 595.806
505 579.000 522.781 527.430 518.304 523.112 522.640 567.090 513.398 522.765 530.683 523.767
506 354.000 348.441 348.671 349.011 348.692 346.949 345.585 346.815 348.863 351.636 349.884
