data_index logt12.observed logt12.predicted.repeat1 logt12.predicted.repeat2 logt12.predicted.repeat3 logt12.predicted.repeat4 logt12.predicted.repeat5 logt12.predicted.repeat6 logt12.predicted.repeat7 logt12.predicted.repeat8 logt12.predicted.repeat9 logt12.predicted.repeat10
1 4.702 4.631 4.656 4.663 4.710 5.155 5.160 4.704 4.713 4.601 4.694
2 4.724 4.489 4.774 4.571 4.568 4.487 4.599 4.506 4.609 4.462 4.719
3 3.525 4.166 3.715 3.856 3.956 3.906 4.137 3.972 3.889 3.807 3.911
4 5.414 4.050 2.609 2.579 2.463 2.566 2.704 2.383 2.517 4.246 4.061
5 4.632 5.638 5.314 5.298 5.503 5.606 5.744 5.567 5.248 5.576 5.761
6 4.475 4.325 4.416 4.428 4.187 4.232 4.238 3.956 4.287 4.377 4.362
7 0.088 2.907 3.044 2.762 3.104 2.554 2.735 2.849 2.821 2.811 2.698
8 2.475 2.842 2.812 2.930 2.518 2.977 2.640 2.490 2.590 2.563 2.523
9 4.763 4.891 4.021 4.832 4.633 4.883 4.848 4.856 4.228 4.094 4.867
10 4.721 5.010 5.020 5.026 3.592 4.234 4.304 4.937 4.288 5.093 5.038
11 5.635 4.913 4.779 5.083 4.952 4.876 4.950 4.750 4.669 4.871 4.958
12 0.776 2.371 2.452 2.099 2.295 2.370 2.111 2.423 2.460 2.284 2.379
13 3.984 3.536 3.368 3.625 3.072 3.476 3.815 3.857 3.563 3.793 3.685
14 0.255 3.992 3.585 3.424 3.990 3.562 3.417 3.564 3.604 3.535 3.582
15 5.016 4.002 3.496 3.904 3.970 4.006 3.983 3.963 3.973 3.589 4.002
16 5.083 5.643 5.581 5.578 5.640 5.669 5.621 5.655 5.643 5.569 5.614
17 4.758 4.448 4.524 4.544 4.425 4.636 4.531 4.483 4.750 4.509 4.692
18 4.565 4.622 4.814 4.904 4.934 4.816 4.816 4.905 4.810 4.870 4.709
19 5.846 5.075 5.304 4.892 5.106 5.102 5.349 5.332 5.088 4.903 4.864
20 5.048 4.921 4.571 4.882 5.149 4.821 4.807 4.777 4.978 4.671 5.363
21 5.336 5.396 5.494 5.688 5.520 5.887 5.587 5.445 5.420 5.403 5.559
22 4.782 3.857 3.752 4.101 4.334 4.326 3.957 3.980 4.477 3.769 3.860
23 6.101 5.665 5.659 5.673 4.748 5.662 5.693 5.642 4.720 5.649 5.693
24 4.999 6.379 6.030 6.133 5.817 6.150 5.899 6.385 5.925 6.369 6.388
25 0.325 3.177 2.888 2.814 3.210 2.687 3.142 3.126 2.775 3.604 2.892
26 5.580 4.864 4.444 5.143 5.400 4.965 4.949 4.987 5.088 4.998 4.979
27 4.196 2.364 2.404 3.231 3.255 2.656 2.422 2.806 3.213 2.545 3.322
28 3.147 4.149 3.852 4.040 4.123 3.932 4.263 4.132 4.068 4.199 4.187
29 4.459 3.138 3.185 4.322 3.408 4.303 4.726 4.351 4.147 4.339 4.304
30 4.712 3.409 3.413 4.549 3.629 4.568 4.954 4.463 4.505 4.538 4.531
31 4.228 3.903 4.527 4.455 4.157 4.282 3.909 4.418 4.255 3.961 4.264
32 4.459 3.953 4.244 3.694 4.213 3.899 2.769 3.916 3.872 3.909 4.004
33 5.033 5.316 5.240 5.456 5.328 5.323 5.324 5.209 5.360 5.617 5.336
34 5.520 5.116 5.133 5.162 5.125 5.235 4.992 5.234 5.168 4.883 4.931
35 5.093 3.635 3.418 3.663 3.448 3.594 3.637 4.018 4.126 3.494 3.333
36 1.105 2.888 2.603 2.465 1.912 2.351 2.779 2.524 2.618 2.902 2.591
37 2.824 4.632 4.324 4.252 4.344 3.939 4.397 4.571 4.463 4.533 4.392
38 4.673 4.695 4.888 4.556 4.665 4.704 4.698 4.700 4.686 4.605 4.443
39 1.358 1.102 1.491 3.023 1.220 1.426 1.072 1.109 1.302 3.369 1.277
40 4.635 2.420 2.405 2.333 2.512 2.151 2.363 2.464 2.212 2.236 2.467
41 1.857 2.825 3.008 2.406 2.857 2.578 2.661 2.897 2.850 3.441 2.739
42 4.779 4.712 4.675 4.774 4.622 4.683 4.564 4.655 4.679 4.617 4.547
43 4.605 4.571 4.528 4.589 4.409 4.712 4.435 4.505 4.425 4.479 4.488
44 3.598 5.521 5.709 5.534 5.567 5.568 5.583 5.511 5.419 5.654 5.438
45 6.092 5.684 5.727 5.742 4.761 5.648 5.665 5.713 4.961 5.757 5.878
46 5.806 5.216 5.134 5.225 5.171 5.039 5.280 5.099 5.154 5.162 5.160
47 6.190 6.142 5.965 5.988 5.577 5.800 6.101 5.952 6.010 6.059 6.106
48 4.878 4.454 4.318 4.375 4.435 4.462 3.804 4.368 4.421 4.375 4.438
49 9.159 8.450 8.363 8.664 8.541 8.425 8.546 8.442 8.387 8.253 7.472
50 2.542 2.769 3.035 2.898 2.606 2.844 2.496 2.394 2.777 2.661 2.805
51 4.146 3.332 3.419 3.385 3.381 3.470 3.269 2.806 3.365 2.827 3.075
52 2.857 3.714 3.150 3.320 3.230 3.666 3.167 3.171 3.217 3.026 3.069
53 4.598 5.047 5.102 5.064 5.057 5.053 5.019 5.044 5.060 5.064 5.059
54 4.732 4.800 4.772 4.830 4.961 4.762 4.246 4.809 4.887 5.400 4.778
55 3.835 3.197 4.273 3.187 4.451 2.668 4.380 4.025 3.895 4.240 4.236
56 6.946 7.336 7.180 7.169 7.020 7.220 7.229 7.524 7.313 7.274 7.143
57 2.208 3.537 3.307 3.360 3.387 3.443 3.324 3.280 3.170 3.225 3.036
58 4.741 5.365 5.234 5.244 5.354 5.215 4.826 4.877 5.178 5.235 5.340
59 4.951 2.866 4.251 4.126 3.852 3.990 4.105 4.151 4.160 4.061 4.121
60 2.235 3.383 2.755 2.910 3.045 3.149 3.028 2.788 2.963 2.964 3.457
61 4.858 4.947 4.970 5.097 5.086 5.064 5.130 4.948 4.883 4.116 5.318
62 4.857 3.031 4.192 4.245 3.916 4.282 4.244 4.316 4.489 4.462 4.335
63 6.982 5.996 6.197 5.813 6.087 5.776 6.401 5.623 6.067 5.681 6.409
64 6.083 3.973 5.034 4.096 4.738 3.783 4.905 4.696 4.636 4.663 4.671
65 4.561 5.066 4.984 5.027 5.056 5.212 5.175 5.028 4.880 5.003 4.899
66 3.561 4.959 4.924 3.721 4.876 4.740 5.023 4.837 4.920 4.892 4.676
67 4.635 5.315 5.292 5.137 5.463 5.529 5.040 5.267 5.435 5.141 5.005
68 2.954 5.271 5.388 4.461 5.293 5.469 5.364 4.773 4.477 5.348 5.361
69 5.617 6.473 6.455 6.512 6.303 6.479 6.114 6.483 6.486 6.369 6.493
70 5.505 4.116 3.648 3.659 3.676 3.671 3.613 3.637 3.563 3.707 3.633
71 7.960 7.818 7.453 7.717 7.742 7.302 7.813 7.553 7.659 7.604 6.900
72 4.028 6.051 6.209 6.180 6.177 6.159 6.113 5.509 6.071 6.101 6.224
73 4.511 4.095 5.027 5.105 4.122 4.367 4.559 4.457 4.395 4.394 4.439
74 6.519 5.917 5.787 6.213 6.053 6.079 6.042 6.248 5.062 6.309 6.052
75 6.261 5.527 5.495 5.559 5.566 5.495 5.512 5.258 4.699 5.282 5.472
76 4.365 2.733 3.106 2.875 2.925 2.570 2.656 3.012 2.967 2.832 2.912
77 2.760 4.279 4.199 4.138 4.085 4.105 4.081 4.213 4.260 4.245 4.200
78 4.104 3.718 3.864 3.755 3.750 3.874 4.099 3.280 3.769 3.824 3.213
79 4.359 3.865 3.847 3.857 3.869 3.896 3.893 3.586 3.854 3.856 3.537
80 2.679 3.915 3.089 2.877 3.073 2.836 2.859 2.830 2.695 2.966 2.839
81 2.631 5.019 4.601 4.465 4.226 4.262 4.388 4.103 3.877 4.359 4.670
82 1.182 3.039 4.054 4.089 4.049 4.149 4.507 4.024 4.145 3.196 3.190
83 5.177 5.096 4.967 5.040 4.429 4.817 5.695 4.853 5.013 5.017 5.487
84 4.515 2.553 2.651 2.596 2.701 2.706 2.635 2.659 2.624 2.598 2.655
85 1.196 3.800 3.857 4.651 3.549 3.509 3.917 3.838 3.561 4.632 3.868
86 5.064 3.907 3.829 3.841 2.075 4.635 3.864 3.936 3.882 3.805 3.803
87 4.861 4.336 3.801 4.203 2.084 3.778 3.269 3.140 3.668 3.253 3.462
88 5.190 4.030 4.207 3.765 4.100 3.474 3.809 3.883 4.079 4.093 4.055
89 3.787 3.539 3.734 3.648 3.569 3.693 3.689 3.529 3.597 3.851 3.723
90 0.255 1.727 1.872 1.845 1.647 1.797 1.918 3.002 1.985 1.818 1.932
91 2.954 3.046 3.163 3.868 3.308 3.297 3.195 3.011 3.123 3.226 3.213
92 2.682 2.414 2.318 2.160 1.539 1.902 1.850 1.976 2.074 1.800 2.085
93 1.033 2.076 2.488 2.444 2.378 2.428 2.493 2.534 2.413 2.967 2.358
94 6.167 6.112 5.829 5.845 6.041 6.228 6.105 6.275 5.879 5.911 6.190
95 3.250 4.304 4.106 4.269 4.076 4.057 4.330 4.120 4.243 4.104 4.119
96 4.804 4.066 4.133 4.124 4.200 4.277 4.115 4.261 4.308 4.165 4.285
97 4.183 2.559 2.163 2.742 2.412 2.702 2.638 2.626 2.847 2.996 2.197
98 2.001 1.081 1.011 1.259 0.927 0.657 0.897 1.120 1.710 0.803 1.587
99 4.529 3.464 4.049 3.693 3.637 3.491 3.393 3.720 3.469 3.459 3.864
100 6.056 5.722 5.701 5.575 5.696 5.644 5.892 5.646 5.343 5.649 5.620
101 5.700 5.277 5.116 5.282 5.387 5.367 5.628 5.279 5.319 5.393 5.397
102 5.937 5.755 5.841 5.662 5.642 5.579 5.742 5.781 5.774 5.637 5.571
103 4.954 4.814 4.808 4.771 4.785 4.785 4.788 4.784 4.811 4.737 4.801
104 4.008 2.990 2.978 2.684 2.671 2.995 2.998 2.980 2.991 2.992 2.998
105 6.799 6.234 6.325 6.058 6.230 6.345 5.761 6.028 6.207 6.290 6.326
106 5.317 5.912 5.946 6.122 5.932 5.663 5.992 5.977 5.961 5.955 6.000
107 5.556 5.229 5.265 5.207 5.235 5.739 5.200 5.177 5.131 5.212 5.189
108 7.898 6.138 5.806 6.473 5.938 6.173 5.948 5.467 6.274 5.953 5.838
109 5.749 5.023 5.073 5.058 5.260 5.241 5.071 5.075 5.104 4.991 5.050
110 5.978 6.128 6.282 5.635 6.103 6.166 5.386 5.654 6.267 6.013 6.172
111 4.883 2.746 2.207 3.030 2.250 2.434 2.349 2.342 3.180 2.276 2.345
112 3.404 4.236 4.379 4.375 4.323 4.751 4.287 4.201 4.427 4.251 4.377
113 4.405 4.821 4.801 3.981 3.979 4.921 4.773 4.793 4.798 4.833 4.814
114 4.401 4.192 4.195 4.102 4.013 3.991 4.849 4.079 4.750 4.052 4.294
115 4.414 3.471 3.794 3.907 3.784 3.519 3.420 3.824 3.809 3.642 3.756
116 4.297 4.249 4.401 4.465 4.203 4.632 4.409 4.305 4.339 4.396 4.433
117 4.113 3.829 3.736 3.642 3.669 3.627 3.561 3.581 3.667 3.656 3.363
118 4.376 3.846 3.570 3.801 3.645 3.861 3.561 3.900 3.697 3.462 3.877
119 1.653 3.347 3.395 3.347 3.280 3.428 3.386 3.682 3.573 3.583 3.417
