data_index Htime.observed Htime.predicted.repeat1 Htime.predicted.repeat2 Htime.predicted.repeat3 Htime.predicted.repeat4 Htime.predicted.repeat5 Htime.predicted.repeat6 Htime.predicted.repeat7 Htime.predicted.repeat8 Htime.predicted.repeat9 Htime.predicted.repeat10
1 4.857 5.050 4.850 4.850 4.851 4.861 4.851 4.862 4.851 4.851 4.851
2 2.679 3.318 2.928 3.030 3.177 2.642 3.085 3.499 2.887 2.875 2.804
3 4.721 4.198 5.094 4.465 3.625 3.672 4.562 3.787 3.873 3.824 4.667
4 4.999 6.614 6.994 7.061 6.925 6.846 6.894 6.991 6.884 6.852 6.926
5 2.954 5.405 5.405 5.405 5.405 5.404 5.496 5.159 5.439 5.405 5.405
6 4.732 4.933 4.501 4.560 4.359 4.501 4.501 4.501 4.501 4.502 4.501
7 2.542 3.318 2.797 2.985 3.589 3.022 2.923 3.499 3.194 3.038 2.926
8 4.437 5.091 4.972 5.202 5.381 5.980 5.199 5.306 5.275 4.865 5.306
9 4.511 5.416 5.416 5.417 5.416 5.417 5.416 5.417 5.417 5.484 5.331
10 4.561 4.060 4.520 4.521 4.324 4.520 4.520 4.543 4.520 4.520 4.520
11 4.515 2.729 2.501 2.561 2.684 2.636 3.379 3.066 2.853 2.534 2.651
12 6.033 5.551 5.692 5.463 5.481 5.584 5.806 5.405 5.551 5.474 5.277
13 4.401 4.933 4.632 4.632 4.832 4.632 4.632 4.633 4.632 4.632 4.632
14 4.565 4.869 4.240 4.730 4.832 5.071 5.068 4.769 4.802 4.856 4.796
15 4.500 2.779 2.791 2.790 2.780 2.814 2.701 2.642 3.194 2.875 2.926
16 4.459 4.933 4.632 4.632 4.832 4.632 4.632 4.633 4.632 4.632 4.501
17 4.782 3.855 4.171 3.866 4.508 4.610 4.153 4.315 4.200 4.293 3.999
18 6.644 5.625 5.204 5.278 5.896 5.453 5.384 5.877 5.683 5.445 5.155
19 4.008 4.301 3.025 3.144 2.908 2.749 3.328 3.234 4.301 2.929 3.212
20 5.749 5.416 4.994 5.065 5.217 5.133 5.216 5.417 5.216 5.217 5.331
21 2.954 4.419 4.193 4.293 4.271 4.316 4.576 4.431 4.293 4.237 4.381
22 4.724 4.564 4.564 4.984 4.890 4.564 4.596 4.563 4.572 4.564 4.564
23 4.861 3.170 3.118 2.980 2.924 3.183 2.924 3.274 3.002 3.270 3.252
24 9.159 7.172 7.066 6.955 6.833 7.196 6.895 6.974 7.133 6.775 6.947
25 2.824 3.336 3.388 3.878 3.257 3.418 3.416 3.274 3.687 3.535 3.616
26 2.235 3.662 3.661 3.660 3.461 3.871 3.887 4.072 3.914 3.625 3.795
27 3.787 2.611 2.903 2.674 3.261 2.914 2.549 2.697 2.794 3.047 3.041
28 -0.165 0.676 0.677 0.677 0.876 0.676 0.676 2.147 0.877 0.676 0.677
29 4.365 2.757 2.957 2.957 2.757 2.757 2.757 2.957 2.335 2.957 2.362
30 6.982 6.080 5.901 6.083 5.604 5.657 6.026 6.184 6.117 6.159 6.063
31 5.556 5.491 5.334 5.631 5.429 4.912 5.450 5.008 5.396 5.472 5.247
32 4.605 4.965 4.824 4.966 5.102 4.965 4.824 4.965 4.965 4.965 4.966
33 2.381 3.579 3.517 3.217 3.779 3.592 3.447 3.783 3.804 3.372 3.386
34 5.016 4.701 5.196 5.228 4.289 4.907 4.328 4.616 4.503 4.635 4.851
35 0.255 1.218 1.104 0.771 1.033 0.770 1.206 2.375 1.329 1.176 1.037
36 5.937 5.958 5.843 5.662 5.879 5.182 5.140 5.258 5.915 5.993 5.886
37 1.196 1.516 1.458 2.405 3.207 1.618 1.458 1.458 1.458 1.458 1.585
38 2.475 0.355 0.920 0.771 0.570 0.570 0.570 0.570 0.355 0.570 0.570
39 3.525 4.621 5.094 4.821 4.797 4.802 4.696 4.621 4.820 4.620 4.821
40 6.946 6.551 6.579 6.441 5.908 6.580 6.481 6.458 5.913 6.270 6.439
41 6.519 5.194 5.308 5.361 4.990 5.323 5.175 5.276 4.958 5.275 5.258
42 2.001 2.779 2.779 3.056 2.955 3.094 3.031 2.858 2.973 2.875 3.273
43 6.167 7.201 7.090 7.124 6.962 7.037 7.150 7.022 7.102 6.743 7.104
44 4.459 3.716 4.811 3.603 4.630 3.803 3.723 3.696 3.845 4.047 3.891
45 4.673 4.695 4.758 4.734 4.728 4.726 4.731 4.699 4.728 4.752 4.713
46 5.617 5.761 5.533 5.533 5.937 5.817 5.825 5.905 5.783 5.981 5.860
47 1.358 1.373 1.296 2.405 3.207 1.296 1.662 1.908 1.830 1.647 1.297
48 4.228 5.088 4.959 5.054 5.086 4.959 5.055 4.959 5.088 4.958 4.959
49 4.475 4.313 4.318 5.119 4.786 5.024 4.849 5.130 4.531 4.470 5.013
50 2.682 1.758 1.741 2.474 1.205 1.550 1.522 2.673 1.816 1.729 1.446
51 4.297 4.311 4.913 4.810 4.472 4.576 4.279 4.487 4.722 4.988 4.787
52 4.702 3.997 4.460 4.181 4.276 4.342 4.460 4.378 4.342 4.342 4.342
53 4.804 3.756 3.697 3.356 3.685 3.469 3.637 3.356 3.757 3.638 4.095
54 4.741 5.050 4.957 4.958 4.957 4.869 4.957 4.862 4.957 4.851 4.957
55 6.083 3.735 3.223 3.735 3.181 3.735 3.735 3.735 3.735 3.735 3.735
56 4.401 4.047 3.940 3.940 3.997 3.754 4.225 3.749 3.820 4.028 4.118
57 6.101 5.248 5.522 4.773 5.190 5.094 5.492 5.000 5.021 5.198 4.968
58 3.561 4.011 3.512 3.715 3.714 3.475 3.670 3.434 3.379 3.660 4.042
59 4.376 4.360 4.735 4.693 4.306 4.313 4.416 4.466 4.445 4.817 4.243
60 7.960 6.252 6.432 6.458 6.337 6.416 5.884 6.141 6.563 5.941 6.336
61 2.475 3.682 4.085 4.016 3.885 3.761 3.885 3.884 3.884 4.085 3.610
62 4.183 3.494 3.513 3.446 3.691 3.382 3.506 3.459 3.246 3.683 3.145
63 2.857 3.436 3.479 3.562 3.062 3.566 3.655 3.726 2.335 3.458 2.362
64 0.776 0.126 0.023 0.207 0.025 0.271 0.195 2.147 0.163 0.052 0.330
65 6.190 5.278 5.118 5.436 5.199 5.436 5.236 5.077 5.278 5.236 5.285
66 5.520 4.887 4.888 4.758 4.958 5.055 4.888 4.959 4.888 4.956 4.959
67 4.613 4.085 3.925 4.432 4.276 4.380 4.205 4.349 4.276 4.206 4.227
68 0.670 0.355 0.920 1.136 1.382 1.095 1.139 1.058 0.355 1.201 1.337
69 6.056 4.538 5.010 5.103 4.969 4.950 4.755 4.737 4.440 4.796 4.633
70 4.598 5.054 5.088 5.054 5.054 5.054 5.088 5.054 5.055 5.054 5.159
71 5.317 5.492 5.375 5.111 5.275 4.953 5.424 5.259 5.417 5.282 5.125
72 4.635 6.867 6.048 6.050 6.162 5.800 6.186 5.946 6.061 5.956 6.159
73 4.529 4.095 4.315 4.172 4.658 5.206 3.909 3.680 3.957 4.205 3.862
74 5.700 6.867 6.269 5.958 6.103 5.539 5.794 5.840 6.015 6.180 6.049
75 0.325 3.247 3.102 3.247 3.248 3.418 3.247 3.424 3.248 3.248 3.357
76 3.984 3.955 3.040 3.181 3.942 3.577 3.811 3.835 3.562 3.802 3.390
77 2.208 3.316 2.957 3.526 4.100 3.406 3.692 2.957 3.551 2.957 2.957
78 1.653 3.789 3.903 3.904 3.696 3.815 3.834 3.683 3.740 3.880 3.855
79 0.088 2.729 3.569 3.288 3.408 3.943 3.706 3.473 3.252 3.537 3.788
80 4.196 3.048 3.102 3.116 3.047 3.040 3.047 3.047 3.047 3.248 2.982
81 5.336 5.714 5.328 5.375 5.277 5.355 5.642 5.077 5.518 5.635 5.285
82 1.105 2.583 2.446 2.474 2.582 2.519 2.582 2.673 2.583 2.582 2.581
83 5.846 6.559 6.375 6.404 6.699 6.708 6.650 6.503 6.439 6.769 6.763
84 4.113 3.574 3.462 3.342 3.783 3.860 3.538 3.718 3.799 3.780 3.552
85 2.631 3.780 3.655 4.061 3.691 3.782 3.628 3.623 3.709 4.049 4.059
86 6.261 7.336 7.348 7.191 7.267 7.222 6.959 7.235 6.978 7.174 7.317
87 5.048 3.901 3.912 3.959 4.201 4.471 4.173 4.361 4.361 4.422 4.469
88 4.858 5.088 5.029 5.087 5.086 5.055 4.983 5.009 5.054 5.088 5.054
89 4.779 4.784 5.178 5.139 4.965 5.030 5.038 4.913 5.212 5.138 5.099
90 3.835 4.465 3.223 4.395 4.393 4.485 4.337 4.458 4.090 4.396 4.367
91 5.064 3.662 3.461 3.661 3.461 3.461 3.660 3.434 3.660 3.582 3.650
92 4.003 3.397 3.462 3.342 3.794 3.675 3.548 3.394 3.616 4.014 3.459
93 3.404 4.353 4.598 4.299 3.974 4.500 4.467 4.278 4.309 4.651 4.006
94 4.951 4.841 4.937 4.861 4.841 4.861 4.841 4.841 4.898 4.841 4.841
95 5.505 4.494 4.340 4.849 4.270 4.050 4.297 4.182 4.845 4.435 4.829
96 1.857 4.912 4.769 4.719 4.876 4.481 4.369 4.672 4.793 4.476 4.245
97 4.632 5.443 5.311 5.105 5.563 5.395 5.385 5.441 5.592 5.313 5.470
98 5.177 5.714 5.610 5.436 5.436 5.686 5.236 5.436 5.368 5.770 5.436
99 5.978 5.656 5.255 5.879 5.372 5.417 5.493 5.466 5.576 5.800 5.285
100 4.146 3.438 3.388 3.108 3.077 3.183 2.924 3.177 3.102 3.051 3.160
101 4.954 4.958 4.959 5.051 4.958 4.959 4.801 5.088 4.888 4.959 4.888
102 5.806 6.388 5.964 6.220 6.112 5.819 6.215 6.353 5.922 6.372 6.090
103 5.033 4.501 4.632 4.501 4.359 4.501 4.501 4.502 4.501 4.501 4.501
104 4.395 4.084 4.329 4.618 4.575 4.230 4.490 4.454 4.263 4.224 4.220
105 5.093 3.551 3.473 3.485 3.382 3.782 3.628 3.623 3.333 3.574 3.716
106 3.250 4.501 4.443 4.439 4.442 4.301 4.417 4.453 4.300 4.500 4.301
107 2.760 5.004 4.052 4.955 4.969 4.909 4.844 4.936 4.948 4.846 4.379
108 1.182 3.322 3.993 3.786 3.787 3.593 3.379 3.602 2.853 3.613 3.788
109 4.028 5.450 5.446 5.374 4.797 5.292 5.272 5.379 5.311 4.821 5.396
110 5.190 3.145 2.799 2.956 3.169 2.993 2.863 2.837 2.995 2.971 2.873
111 4.988 4.855 4.958 4.758 4.958 4.906 5.055 5.054 4.866 4.958 5.159
112 6.799 5.580 5.255 5.748 5.724 5.721 5.355 5.755 5.864 5.174 5.673
113 5.414 3.608 3.650 3.771 3.541 3.068 3.554 3.405 4.020 3.351 3.817
114 4.414 3.520 3.904 3.461 3.492 3.257 3.575 3.394 3.491 3.554 3.884
115 5.635 4.376 4.376 4.403 4.129 4.576 4.376 4.332 4.453 4.576 4.575
116 4.883 3.744 3.615 3.083 3.690 3.755 3.553 3.852 3.783 3.553 3.538
117 4.712 4.991 4.939 4.879 4.896 4.771 4.688 4.757 4.962 4.698 4.921
118 4.758 4.865 4.746 4.709 4.808 4.713 5.053 4.691 4.757 4.653 4.350
119 3.147 3.557 3.137 3.091 3.302 3.418 3.310 3.038 3.550 2.853 2.956
120 5.580 5.932 5.692 5.931 5.817 5.947 5.822 6.147 5.767 5.943 5.963
