data_index lambdaa.observed lambdaa.predicted.repeat1 lambdaa.predicted.repeat2 lambdaa.predicted.repeat3 lambdaa.predicted.repeat4 lambdaa.predicted.repeat5 lambdaa.predicted.repeat6 lambdaa.predicted.repeat7 lambdaa.predicted.repeat8 lambdaa.predicted.repeat9 lambdaa.predicted.repeat10
1 342.000 308.048 314.026 312.451 335.832 313.749 327.556 333.009 332.888 338.890 335.421
2 336.000 317.123 308.746 317.279 304.280 305.540 330.837 310.180 317.093 310.984 309.370
3 434.000 421.367 419.667 428.743 431.022 430.189 437.411 431.519 427.585 421.665 426.760
4 320.000 325.722 330.712 327.388 340.717 331.939 318.356 324.217 333.155 328.165 327.451
5 317.000 331.925 334.198 331.541 331.669 345.147 348.430 334.904 339.739 337.922 336.725
6 432.000 436.720 435.900 435.381 435.813 437.348 436.246 440.359 437.976 438.978 436.064
7 419.000 441.918 438.566 439.976 432.563 428.420 427.433 432.621 430.643 428.205 430.860
8 554.000 524.025 527.552 508.713 505.987 490.785 477.436 496.039 501.443 505.790 519.612
9 438.000 437.710 431.848 444.562 427.671 453.800 432.904 430.838 437.259 448.329 437.693
10 315.000 320.251 322.930 320.269 319.179 319.571 320.356 320.101 319.360 319.687 319.285
11 325.000 331.580 329.546 327.831 323.785 324.384 337.160 326.025 328.272 329.349 328.265
12 492.000 477.257 447.420 459.152 452.292 468.638 465.154 461.757 467.053 475.542 479.338
13 370.000 371.040 372.693 372.232 372.491 371.946 371.706 370.774 372.281 371.226 372.398
14 424.000 420.010 421.874 421.073 412.336 421.032 422.093 420.674 413.967 420.893 422.528
15 400.000 401.372 398.724 396.696 399.138 395.791 395.792 396.097 394.183 397.388 399.981
16 406.000 398.998 400.138 401.152 399.797 401.734 399.635 400.071 402.640 400.686 399.559
17 429.000 426.902 431.183 425.541 412.323 424.256 425.232 428.171 444.957 427.289 423.304
18 450.000 408.968 410.116 418.359 417.368 423.266 413.084 397.139 417.047 397.314 400.725
19 342.000 345.028 348.464 345.747 343.868 345.348 345.163 342.886 346.373 349.683 349.782
20 302.000 319.318 327.404 322.362 318.133 320.588 329.888 314.070 319.721 316.157 319.742
21 437.000 432.260 436.332 433.218 434.001 436.020 439.170 434.789 431.628 429.947 429.590
22 407.000 406.591 406.333 406.121 405.847 407.257 405.697 406.728 408.474 405.136 403.598
23 384.000 381.716 380.522 381.907 380.549 379.735 381.511 382.345 384.210 382.421 382.025
24 371.000 374.464 373.966 376.843 373.158 374.370 375.102 377.524 376.972 386.065 372.469
25 417.000 369.469 366.683 376.501 373.633 371.065 371.395 369.857 373.817 367.250 354.359
26 425.000 426.895 428.283 426.564 428.030 425.496 428.684 426.675 428.362 426.968 429.403
27 350.000 340.137 343.547 342.975 344.726 340.110 348.850 336.662 331.667 335.891 347.316
28 444.000 426.063 428.520 424.385 431.878 430.822 429.358 429.454 429.744 428.870 430.131
29 379.000 378.534 379.047 379.289 386.204 387.181 381.085 380.846 383.371 379.963 383.249
30 400.000 407.099 407.099 407.099 406.898 408.036 407.099 407.100 407.099 407.249 409.476
31 378.000 380.725 387.646 385.749 383.012 384.286 376.118 381.874 378.567 378.300 386.122
32 364.000 378.746 367.217 373.383 365.802 371.946 370.917 377.727 367.911 381.625 363.438
33 360.000 356.139 356.170 357.950 353.712 355.368 356.056 357.767 357.298 356.290 357.150
34 382.000 395.610 400.168 398.905 399.538 399.129 401.171 395.834 402.113 399.961 397.506
35 527.000 517.066 479.923 500.112 453.077 492.720 494.176 482.538 487.288 433.418 495.900
36 408.000 408.715 408.683 408.209 404.777 407.533 408.533 408.784 406.201 408.482 407.242
37 421.000 385.219 385.314 386.907 387.271 387.728 388.179 387.443 377.649 388.764 374.226
38 346.000 331.524 343.218 334.763 331.993 333.207 334.742 338.600 347.873 337.055 333.042
39 478.000 487.463 481.775 477.025 480.577 468.004 480.651 484.957 477.825 481.558 483.446
40 420.000 458.191 451.551 454.220 464.329 466.839 452.763 452.636 463.493 450.673 447.274
41 430.000 439.899 439.933 440.099 439.899 439.899 439.900 440.100 440.100 439.900 440.030
42 623.000 562.102 554.923 555.101 555.102 558.612 555.101 555.103 555.101 563.272 555.102
43 457.000 439.553 442.284 438.544 438.579 436.222 440.187 442.887 439.778 437.638 436.846
44 424.000 446.571 437.572 438.402 437.347 434.464 447.277 445.357 441.888 442.900 444.069
45 456.000 473.203 466.819 448.406 473.820 474.020 471.911 462.776 465.661 468.145 470.905
46 411.000 396.989 405.525 398.793 395.261 396.572 394.850 396.127 395.403 392.596 394.038
47 413.000 437.047 439.989 438.300 437.616 439.008 440.441 440.113 442.029 442.291 443.511
48 332.000 333.557 339.054 336.199 336.097 336.106 336.620 340.333 330.816 346.509 334.474
49 489.000 489.099 489.099 486.139 488.899 488.899 486.916 488.897 488.898 488.897 488.897
50 425.000 435.995 430.128 427.902 438.896 421.727 426.068 425.892 429.274 439.176 418.346
51 359.000 367.278 368.368 366.619 364.750 365.222 366.020 367.223 363.841 363.531 368.279
52 418.000 409.953 412.115 412.370 411.772 406.070 411.349 414.029 411.470 413.982 412.420
53 325.000 321.817 321.440 320.547 322.096 321.317 320.193 320.992 323.150 322.116 320.635
54 447.000 462.260 446.524 462.983 449.059 448.430 450.902 449.134 449.856 447.674 443.528
55 464.000 450.891 457.947 473.907 469.493 450.787 448.782 451.134 454.689 453.481 453.667
56 431.000 429.243 429.746 429.567 429.844 430.168 429.342 429.934 429.646 429.967 429.518
57 332.000 345.755 336.032 339.801 339.549 327.673 339.305 323.641 337.782 338.223 333.413
58 329.000 448.308 448.243 446.576 444.605 442.499 437.104 437.206 440.240 441.641 443.884
59 315.000 308.602 307.151 309.670 308.644 302.770 307.732 308.717 305.793 307.923 310.246
60 396.000 401.509 404.317 404.946 410.336 406.579 406.847 407.011 409.027 403.067 406.581
61 390.000 383.781 388.943 387.382 391.885 386.103 388.642 389.779 384.909 389.572 387.574
62 423.000 434.801 435.794 435.331 435.592 438.425 435.146 436.349 436.057 434.392 440.313
63 430.000 444.038 444.936 445.792 448.178 434.135 437.555 453.348 449.913 443.740 447.099
64 429.000 428.828 428.977 428.548 428.645 429.284 429.690 428.820 428.690 428.785 428.599
65 467.000 463.229 463.978 462.065 458.865 465.150 465.478 463.799 489.162 465.886 466.061
66 602.000 568.306 569.541 542.431 556.595 570.409 567.065 553.373 567.138 565.488 563.590
67 461.000 498.042 504.238 506.560 499.005 503.344 544.793 501.038 502.557 505.954 504.681
68 342.000 351.506 354.452 353.515 352.100 354.065 352.849 352.142 354.574 355.422 354.076
69 545.000 517.280 520.379 517.779 519.560 525.509 522.877 522.083 523.813 520.931 518.685
70 415.000 414.393 415.224 416.884 415.020 415.338 415.265 415.601 415.587 416.200 414.239
71 365.000 359.859 362.887 364.556 362.420 364.352 363.977 358.983 363.961 365.465 363.635
72 429.000 421.455 427.255 416.874 411.397 421.673 413.588 413.118 417.893 426.847 423.898
73 336.000 338.961 338.951 339.150 341.032 340.898 342.282 338.642 337.951 339.775 338.108
74 302.000 321.083 324.528 325.914 323.366 323.678 320.345 330.528 321.137 327.089 335.992
75 426.000 426.023 428.936 430.667 427.620 428.768 427.445 428.382 427.105 427.013 428.398
76 364.000 373.823 366.870 363.652 357.401 368.598 365.744 369.825 374.976 377.597 376.322
77 451.000 434.391 433.203 426.870 433.123 432.362 434.703 432.049 434.192 432.695 434.901
78 573.000 560.288 562.716 568.606 563.135 562.096 563.407 562.398 572.482 559.924 562.875
79 447.000 436.515 439.054 435.444 435.778 431.393 436.450 431.547 439.426 439.543 427.405
80 322.000 359.503 361.333 360.944 359.200 360.989 361.779 360.274 361.420 359.933 355.463
81 586.000 589.837 586.844 592.098 588.303 590.622 584.775 590.751 589.789 596.670 585.833
82 459.000 449.361 416.788 436.228 447.918 447.216 450.196 449.895 437.447 447.598 450.307
83 405.000 405.201 399.423 403.366 401.398 384.336 405.121 403.279 394.221 398.133 404.112
84 434.000 432.592 435.477 435.631 435.318 433.987 434.075 436.433 429.513 434.638 436.065
85 441.000 432.268 437.990 439.596 437.297 435.463 439.835 437.607 433.771 441.416 432.291
86 403.000 399.903 400.289 399.709 399.977 400.663 400.241 399.285 400.404 401.373 399.135
87 450.000 444.829 438.785 439.846 446.557 443.702 444.943 438.171 439.270 433.038 432.657
88 372.000 369.437 373.375 371.041 382.627 374.685 381.117 372.818 367.731 375.695 379.182
89 400.000 395.818 421.671 394.756 385.100 380.129 397.326 387.316 386.595 398.682 413.059
90 545.000 545.961 551.398 546.926 540.713 543.750 543.352 544.592 548.869 540.656 544.127
91 411.000 407.831 412.016 408.577 409.791 414.950 407.314 411.653 421.907 414.269 412.855
92 344.000 336.418 336.144 336.394 334.339 336.628 335.598 333.993 334.741 335.359 342.025
93 502.000 526.512 538.034 520.419 529.499 528.559 526.633 526.301 527.263 518.979 522.030
94 401.000 411.149 414.935 416.650 409.407 415.508 417.589 419.442 414.296 421.555 416.780
95 407.000 400.576 401.287 398.027 396.532 398.566 402.011 396.530 392.404 400.723 397.286
96 444.000 439.383 441.343 440.531 440.591 440.062 440.860 439.600 440.220 441.106 440.604
97 321.000 319.955 319.444 320.871 320.191 320.480 320.293 322.298 319.090 322.885 321.174
98 584.000 585.078 584.137 584.487 586.475 586.687 586.526 587.089 584.773 588.248 582.891
99 480.000 461.901 469.232 466.477 467.710 468.279 464.712 461.616 465.641 466.708 463.537
100 510.000 515.005 493.384 518.606 514.196 510.530 514.501 513.782 513.811 484.645 515.022
101 408.000 415.536 412.024 416.892 414.897 409.421 415.838 415.283 419.331 410.884 416.021
102 323.000 317.854 320.587 321.528 321.867 321.640 323.000 325.425 320.019 319.559 317.114
103 438.000 478.880 483.134 470.109 480.516 460.021 471.474 493.057 489.727 468.195 497.961
104 417.000 415.996 414.946 417.144 413.298 416.104 415.894 416.380 415.965 418.922 416.189
105 429.000 421.958 424.342 424.035 425.902 422.180 425.278 424.719 423.776 423.452 425.196
106 434.000 435.250 433.681 436.381 433.764 437.584 435.484 434.230 433.349 432.482 435.171
107 442.000 432.555 425.800 441.403 435.669 430.569 442.954 433.666 430.245 438.298 433.347
108 410.000 413.884 412.196 412.884 411.388 411.959 413.469 413.676 411.647 412.746 411.619
109 335.000 373.826 380.333 375.991 376.153 382.995 374.070 375.794 372.416 384.446 376.142
110 515.000 505.346 499.514 503.731 494.961 508.036 495.416 500.919 501.873 489.612 502.477
111 400.000 398.742 396.366 398.057 398.391 398.742 398.599 398.477 397.770 397.287 398.898
112 429.000 434.935 439.063 432.101 429.168 437.951 451.366 426.701 436.467 435.332 436.339
113 432.000 464.728 474.906 461.307 462.870 470.176 465.883 467.578 467.668 461.557 472.878
114 335.000 334.221 332.725 334.856 338.416 333.752 334.779 339.204 334.111 331.786 333.627
115 395.000 426.733 422.907 422.331 424.550 430.134 415.940 427.239 423.992 425.416 424.782
116 341.000 313.724 326.337 335.888 318.633 351.088 316.314 320.522 322.376 311.804 306.517
117 425.000 427.035 426.890 426.421 425.038 425.080 428.300 425.637 425.118 426.725 424.829
118 351.000 359.324 362.750 362.587 363.942 358.234 366.317 364.822 360.699 362.176 362.488
119 315.000 319.451 320.924 315.472 319.926 316.944 318.267 317.961 318.742 319.617 318.848
120 320.000 316.880 317.629 318.221 319.383 318.173 317.845 317.096 318.267 317.909 316.005
121 588.000 589.723 566.903 584.117 575.458 589.263 580.730 585.284 587.370 585.917 585.926
122 469.000 468.738 466.554 475.746 466.895 472.930 458.576 478.357 464.336 478.682 470.235
123 321.000 357.182 358.353 354.601 356.976 362.297 354.933 363.303 356.173 353.409 359.276
124 310.000 415.967 402.390 428.416 427.878 424.536 432.673 427.906 433.551 414.260 425.684
125 362.000 392.635 398.664 396.360 379.402 393.706 397.459 379.141 392.151 388.706 392.988
126 332.000 349.742 350.342 349.334 355.669 351.486 349.657 353.174 350.998 355.011 351.087
127 307.000 346.192 348.259 346.022 351.538 338.474 329.131 336.389 347.378 347.016 348.100
128 400.000 397.892 400.210 401.604 400.356 405.776 399.491 394.924 399.141 400.857 398.562
129 490.000 486.852 492.459 483.824 489.064 483.545 485.340 483.776 486.087 483.089 485.250
130 354.000 354.995 361.323 356.198 358.759 356.611 357.629 358.257 355.723 354.955 358.012
131 326.000 328.676 330.113 329.874 331.193 329.401 329.687 332.139 330.090 329.419 329.488
132 326.000 325.368 326.109 323.574 324.172 323.604 325.213 325.041 325.805 324.605 323.593
133 409.000 409.836 408.636 411.537 408.475 408.182 407.408 410.270 411.002 409.805 410.805
134 562.000 460.224 461.481 459.197 458.776 463.854 464.442 461.791 459.923 463.383 460.717
135 332.000 351.139 346.428 346.905 343.837 337.081 343.254 339.211 345.395 340.309 342.759
136 472.000 467.697 449.773 456.280 469.261 464.950 452.970 463.159 446.814 469.350 475.141
137 405.000 404.675 407.478 405.966 405.946 406.159 406.243 405.934 406.456 406.604 406.881
138 394.000 395.323 397.804 395.073 401.003 400.474 396.398 398.019 396.832 406.170 400.066
139 324.000 332.322 332.911 332.270 330.191 332.061 333.538 333.072 331.530 331.640 332.510
140 555.000 561.833 575.495 559.460 560.174 560.936 572.865 559.808 567.968 561.180 560.528
141 324.000 323.705 320.477 323.603 320.242 322.218 321.718 321.056 322.735 322.971 322.476
142 422.000 448.417 450.043 440.428 433.670 450.033 447.436 447.975 446.788 443.701 449.102
143 429.000 426.658 424.772 430.369 425.368 426.427 427.477 426.108 427.157 425.477 423.055
144 314.000 293.678 299.316 299.020 296.181 297.670 295.168 296.281 297.024 295.274 298.322
145 445.000 449.133 448.170 449.141 449.369 449.564 448.133 449.654 469.814 448.376 453.053
146 420.000 437.802 442.805 441.710 441.764 434.242 436.399 441.869 439.244 440.088 450.367
147 350.000 351.883 353.514 352.500 354.741 352.538 353.808 355.727 355.544 354.421 352.908
148 381.000 352.723 339.218 340.012 341.002 345.503 338.298 346.337 338.137 343.078 338.098
149 340.000 399.609 372.968 380.983 392.046 384.423 381.811 383.208 376.479 378.506 386.521
150 462.000 475.165 477.188 476.176 480.886 471.679 472.932 477.251 475.781 478.413 474.865
151 545.000 478.959 496.756 488.336 491.241 497.173 503.093 502.191 477.533 497.261 499.622
152 401.000 392.988 391.081 390.448 396.777 393.530 394.356 396.038 398.689 396.643 393.906
153 450.000 439.177 490.667 500.743 438.252 492.938 516.373 492.895 432.002 501.357 497.333
154 495.000 530.654 550.233 548.740 558.782 549.193 544.203 551.006 548.617 557.179 552.158
155 415.000 428.452 438.076 439.929 439.976 430.291 454.331 435.441 441.226 438.145 432.941
156 580.000 580.678 581.139 578.615 532.266 575.231 572.841 573.998 567.946 512.914 577.514
157 412.000 412.558 410.508 412.490 408.735 413.735 411.888 413.592 410.500 415.285 411.191
158 446.000 473.021 471.357 467.397 470.665 467.519 471.666 475.696 479.419 471.317 469.871
159 330.000 318.370 317.047 315.617 312.593 316.044 315.022 312.427 316.268 307.652 303.018
160 325.000 331.128 333.146 329.126 330.420 334.316 333.764 334.463 332.541 341.415 339.756
161 316.000 337.694 336.291 336.984 336.567 337.246 333.640 337.307 333.144 333.680 334.175
162 408.000 410.274 409.884 409.830 410.561 413.251 412.007 408.622 411.260 413.025 408.862
163 428.000 423.170 425.113 424.883 423.412 423.689 424.529 422.002 425.468 423.564 424.426
164 396.000 462.360 450.111 444.210 455.105 442.400 443.857 449.218 447.922 446.545 487.277
165 385.000 354.789 351.900 350.495 343.367 349.907 351.885 359.029 349.387 368.426 342.207
166 335.000 336.465 338.987 339.045 337.514 338.122 338.397 338.791 340.425 338.191 338.608
167 339.000 331.856 328.954 332.585 328.747 336.741 323.650 330.846 334.242 328.260 333.423
168 419.000 412.808 421.060 412.748 415.130 408.912 411.400 411.340 408.934 414.243 413.295
169 321.000 319.604 320.351 318.284 317.350 321.159 319.911 311.264 319.902 306.490 318.768
170 419.000 420.480 419.267 420.248 421.856 419.509 419.038 419.435 419.858 419.835 419.788
171 423.000 422.636 419.935 414.838 419.776 423.637 422.764 419.342 420.452 421.837 416.985
172 416.000 416.971 416.907 417.125 419.499 416.939 417.317 417.366 417.126 416.205 416.424
173 434.000 384.342 379.763 387.169 395.696 393.780 377.617 382.566 385.811 389.889 384.613
174 329.000 336.618 333.734 335.700 339.768 342.458 343.962 331.887 337.443 340.819 341.579
175 450.000 440.801 440.176 437.174 446.648 436.358 436.601 439.571 437.283 448.365 438.535
176 333.000 326.640 326.100 326.922 327.277 326.100 329.687 326.206 326.101 326.100 326.863
177 420.000 423.438 422.075 425.464 420.890 420.474 421.026 422.663 421.695 419.751 425.767
178 315.000 327.041 328.212 324.945 326.208 336.964 330.394 333.374 328.685 330.574 330.480
179 349.000 342.644 341.508 341.581 342.948 340.828 345.793 343.738 343.781 342.570 330.338
180 431.000 409.224 411.571 421.014 410.644 403.462 423.410 422.399 420.033 401.108 403.924
181 407.000 396.730 395.027 395.315 397.461 395.638 393.774 395.225 395.754 398.821 395.512
182 424.000 424.915 424.741 424.399 425.313 424.742 425.004 423.626 425.099 425.225 425.684
183 425.000 424.487 429.312 427.023 424.590 428.226 426.247 428.167 426.653 427.198 424.181
184 588.000 600.784 596.567 592.504 599.219 594.919 597.683 598.131 592.176 590.260 598.751
185 332.000 333.159 331.296 335.077 331.651 331.571 331.315 337.914 329.515 330.275 332.639
186 379.000 407.963 340.075 348.293 344.081 348.985 348.455 346.637 348.015 346.075 428.286
187 586.000 589.176 588.176 588.302 588.794 592.849 587.837 587.921 590.056 588.130 586.233
188 528.000 539.880 542.010 544.492 560.236 543.102 539.307 538.797 537.717 538.010 541.755
189 425.000 449.856 460.502 446.614 448.102 459.010 450.637 443.841 443.929 449.736 445.896
190 398.000 395.664 395.840 393.274 414.923 393.408 394.820 398.540 392.729 393.366 393.298
191 492.000 509.414 512.874 510.592 513.527 503.877 512.385 517.522 511.336 505.292 519.280
192 395.000 402.837 407.330 407.194 406.038 410.420 405.770 408.794 403.920 403.358 403.915
193 503.000 443.914 450.210 448.601 454.363 452.790 451.599 453.211 446.853 455.593 454.093
194 402.000 402.034 402.845 403.882 401.772 402.445 403.978 400.922 402.459 402.784 404.547
195 316.000 334.343 335.576 333.037 332.456 334.342 336.646 337.372 335.350 332.766 334.461
196 537.000 561.742 552.541 541.286 544.166 543.163 544.711 559.465 540.699 537.195 549.645
197 426.000 427.619 427.992 428.240 429.446 431.121 431.223 425.747 428.966 427.363 427.032
198 414.000 433.012 425.203 426.225 425.861 432.463 426.672 425.490 434.194 424.693 425.540
199 460.000 476.944 475.786 480.165 478.480 481.504 476.597 478.864 478.198 484.205 480.202
200 438.000 442.542 434.730 443.300 441.339 437.673 439.812 440.124 441.920 442.357 442.071
201 418.000 418.613 419.955 417.091 417.582 411.889 416.338 416.426 415.729 414.054 418.175
202 432.000 424.397 418.049 422.276 423.832 417.190 426.349 414.673 424.009 422.015 416.930
203 422.000 421.159 420.771 421.298 421.188 420.295 420.751 420.947 420.553 420.290 420.629
204 450.000 438.067 437.683 437.539 440.330 436.433 438.556 436.920 440.809 441.904 444.223
205 362.000 365.306 365.482 374.614 371.637 368.368 367.421 369.761 373.444 375.162 382.741
206 500.000 485.413 505.629 502.857 489.881 512.561 482.132 491.277 503.858 464.897 504.395
207 361.000 369.052 364.603 366.908 370.648 367.986 362.642 363.312 365.685 367.467 350.230
208 439.000 426.707 414.356 416.573 425.418 419.881 415.230 421.382 424.285 422.136 415.170
209 382.000 451.754 440.852 432.934 435.694 425.281 441.760 432.852 443.954 433.843 438.483
210 446.000 449.578 451.573 446.679 451.071 448.270 447.375 450.384 445.623 446.244 444.984
211 420.000 430.548 431.699 436.060 429.612 430.807 430.452 430.186 430.378 432.478 430.238
212 420.000 420.096 420.177 419.649 421.152 420.084 419.439 421.185 420.985 421.359 421.630
213 488.000 432.086 435.905 434.290 437.414 433.913 438.290 423.379 438.548 433.402 424.372
214 395.000 396.957 396.691 396.129 394.176 395.539 393.925 401.408 398.560 397.440 397.211
215 399.000 402.645 400.801 400.780 401.139 401.388 401.418 401.118 401.335 400.860 401.136
216 356.000 357.192 356.564 357.193 356.381 355.421 357.062 356.455 357.964 354.781 356.420
217 440.000 440.756 440.551 439.589 440.049 440.428 440.521 440.795 439.977 440.362 440.501
218 342.000 320.208 318.913 308.824 313.049 298.166 320.021 318.487 316.406 311.549 325.635
219 535.000 550.957 563.297 542.971 566.278 539.473 557.066 560.967 563.592 559.737 546.395
220 525.000 517.515 504.269 514.266 515.469 514.874 515.474 513.350 513.304 493.017 516.176
221 526.000 516.484 522.596 519.789 514.738 524.048 513.879 512.171 515.609 512.499 513.753
222 318.000 312.170 313.413 314.082 313.247 315.747 314.951 316.180 314.339 313.982 317.002
223 518.000 438.485 441.506 438.894 438.330 441.645 438.397 416.827 423.585 442.090 433.630
224 366.000 347.309 345.600 350.760 353.470 344.529 346.034 348.743 346.380 351.213 345.305
225 349.000 362.982 359.897 366.593 361.105 361.981 364.789 355.042 362.791 361.204 363.767
226 396.000 397.973 399.203 398.701 398.880 399.347 398.467 398.374 400.908 398.229 397.965
227 380.000 374.923 379.064 379.444 378.841 378.418 378.630 380.002 375.737 378.301 378.451
228 375.000 377.487 376.681 377.546 376.772 375.886 380.843 373.586 376.912 369.502 376.795
229 455.000 449.855 446.818 447.505 454.033 450.152 445.184 443.409 448.860 443.652 438.883
230 428.000 416.668 421.000 422.497 419.891 423.571 420.868 425.033 419.367 427.811 427.269
231 334.000 333.430 334.383 333.565 332.989 333.637 332.892 333.555 334.130 332.925 332.937
232 337.000 327.519 322.059 326.499 325.390 323.356 324.036 324.865 322.848 326.434 327.399
233 418.000 417.413 417.215 417.044 418.361 417.616 417.468 418.269 417.378 417.162 417.317
234 310.000 323.631 327.182 326.173 323.117 326.856 326.771 321.213 324.800 325.403 324.900
235 395.000 396.406 398.624 394.124 397.929 398.786 396.792 395.055 397.548 397.333 394.010
236 450.000 416.623 415.673 412.557 413.549 406.502 410.830 416.874 428.923 415.019 412.780
237 368.000 366.395 367.149 366.639 365.815 365.790 365.046 369.986 367.561 368.184 368.403
238 468.000 454.490 454.339 462.123 461.093 462.226 463.233 460.435 458.096 462.879 463.251
239 305.000 309.984 314.385 307.039 310.438 305.887 306.553 313.096 309.080 306.058 307.190
240 303.000 305.883 300.136 309.089 306.140 299.214 308.037 305.816 309.111 307.322 306.444
241 316.000 309.346 316.101 310.841 310.545 310.791 310.784 307.908 314.042 311.064 310.145
242 360.000 354.651 357.528 355.720 353.706 353.157 349.123 345.629 352.141 354.572 353.667
243 466.000 460.397 459.730 460.252 465.901 462.455 463.062 465.901 465.900 462.874 462.529
244 422.000 435.967 430.272 434.751 432.113 441.059 429.174 431.505 429.820 427.927 436.947
245 418.000 427.047 432.342 433.712 424.579 429.931 426.423 427.452 428.528 431.929 440.112
246 409.000 414.131 412.533 413.895 410.622 412.937 415.230 410.598 413.168 412.968 413.277
247 326.000 368.144 359.918 365.521 364.342 366.501 368.632 375.058 368.166 363.390 364.927
248 328.000 331.667 334.165 337.819 330.801 331.612 337.057 372.535 342.009 344.623 329.378
249 369.000 370.822 370.957 370.303 369.746 372.418 370.390 368.553 377.128 374.267 368.283
250 346.000 339.472 340.311 344.199 342.271 345.201 343.164 342.620 343.112 340.417 342.865
251 407.000 402.001 397.723 401.533 399.780 399.182 398.044 398.140 399.257 398.892 397.172
252 414.000 419.863 399.658 405.628 401.641 401.821 401.593 403.881 402.631 404.487 403.626
253 501.000 501.065 484.669 501.477 507.929 492.379 499.804 498.666 506.723 497.524 498.345
254 421.000 417.451 418.285 415.979 417.310 417.104 417.044 417.792 416.781 416.952 417.280
255 316.000 319.557 320.003 320.824 317.144 319.477 322.827 320.559 317.307 318.843 320.901
256 328.000 330.430 330.273 326.627 326.833 332.375 330.235 331.305 334.192 334.016 328.658
257 445.000 455.555 453.428 451.643 453.905 454.053 456.430 450.521 449.066 460.302 463.483
258 371.000 330.229 338.690 367.571 326.551 327.102 329.884 322.469 326.235 324.471 329.157
259 484.000 444.979 451.290 455.755 452.047 436.869 448.905 444.715 446.835 452.550 452.391
260 418.000 416.907 417.098 416.606 416.308 415.646 415.956 416.729 417.533 416.913 415.460
261 371.000 372.532 368.678 369.270 368.645 372.983 367.277 369.643 370.717 368.976 371.014
262 331.000 315.851 314.711 313.431 310.266 314.497 313.439 315.841 312.140 315.216 313.030
263 586.000 542.157 534.273 550.218 538.543 521.579 555.939 529.919 534.698 531.479 534.504
264 434.000 443.675 448.786 442.720 445.668 444.061 445.551 447.244 447.301 447.893 437.382
265 412.000 423.180 418.311 418.593 418.269 418.018 421.353 420.882 418.429 420.170 420.174
266 483.000 443.226 436.035 446.977 434.469 454.868 429.352 432.774 397.546 440.499 436.713
267 393.000 392.209 392.223 387.101 388.376 389.523 390.801 392.176 391.600 392.400 393.977
268 386.000 390.237 395.086 393.365 391.619 393.313 395.440 398.109 396.349 396.688 393.476
269 344.000 355.384 396.629 354.658 358.278 355.465 417.638 355.888 357.995 355.182 361.788
270 392.000 377.200 378.897 382.003 380.114 380.893 378.784 380.479 374.611 375.501 362.810
271 460.000 457.179 421.267 423.082 435.531 430.291 433.028 439.005 420.936 433.009 429.458
272 321.000 337.106 336.100 336.099 338.726 336.099 336.099 336.101 337.568 336.379 341.383
273 311.000 340.076 357.978 351.258 359.399 351.844 353.996 332.849 359.770 345.022 355.326
274 391.000 356.710 352.411 355.627 355.212 358.172 352.130 345.507 354.103 353.371 355.599
275 431.000 420.515 416.849 423.142 424.560 421.234 424.304 417.584 428.026 432.098 428.992
276 357.000 358.961 359.703 362.343 358.588 362.493 362.115 361.909 363.209 358.075 356.455
277 414.000 398.777 401.867 408.246 405.540 407.949 409.294 401.260 405.101 400.325 399.808
278 452.000 420.108 420.802 422.782 419.969 417.053 423.673 423.462 420.593 424.392 419.198
279 437.000 425.026 417.085 431.759 426.523 396.579 433.186 420.015 430.021 444.482 394.572
280 315.000 315.080 316.254 314.946 316.543 316.895 316.217 315.407 317.091 315.276 316.375
281 435.000 457.076 455.383 455.887 453.837 453.681 450.789 455.825 448.371 451.602 453.557
282 448.000 458.373 451.894 441.094 440.602 437.965 468.417 421.353 454.049 453.325 459.225
283 416.000 420.538 424.184 421.406 425.911 426.069 422.427 422.355 423.192 425.582 421.436
284 328.000 335.183 333.424 333.442 334.205 334.889 336.284 335.548 335.349 334.259 315.285
285 390.000 398.596 398.060 400.696 397.491 397.577 399.736 397.256 398.897 399.157 397.270
286 310.000 308.156 317.462 312.193 316.953 317.533 316.607 320.327 313.967 323.013 311.670
287 365.000 362.505 364.044 364.689 364.083 362.408 365.135 363.170 363.395 359.593 362.399
288 402.000 412.616 409.243 400.441 407.465 414.293 412.935 417.007 410.879 404.214 413.030
289 372.000 401.833 402.395 401.859 398.494 396.048 401.747 396.757 396.787 408.434 400.528
290 428.000 438.991 446.840 445.798 440.488 443.044 440.545 437.113 441.590 441.233 439.233
291 267.000 489.595 475.853 479.644 482.353 481.769 482.465 490.656 478.897 481.788 473.064
292 330.000 337.628 332.142 329.065 332.228 330.499 331.561 330.310 328.942 328.626 325.753
293 598.000 608.550 608.910 612.846 597.333 610.381 601.293 605.859 601.359 592.154 612.375
294 392.000 367.702 382.926 372.899 379.246 378.724 376.308 378.463 393.533 377.547 371.382
295 430.000 468.173 479.892 465.673 478.110 467.368 464.712 459.714 464.596 475.272 462.577
296 340.000 361.201 361.770 365.463 362.004 362.135 367.544 362.876 360.309 364.047 364.108
297 312.000 316.613 314.111 320.268 315.582 317.261 321.479 316.363 316.700 321.290 324.828
298 327.000 346.871 357.951 343.048 341.568 357.436 350.923 342.052 348.443 340.371 349.808
299 342.000 350.316 350.660 350.986 358.465 352.381 349.819 351.756 339.581 348.901 352.013
300 417.000 420.084 419.630 420.126 420.275 420.188 420.008 421.432 420.866 419.567 420.004
301 318.000 316.799 316.641 315.320 314.858 318.095 316.009 316.800 318.450 315.768 316.176
302 329.000 326.624 325.608 325.224 321.469 322.384 323.814 319.910 326.238 321.752 323.319
303 339.000 331.797 332.452 331.645 335.770 332.462 335.564 328.956 333.200 338.190 329.733
304 334.000 327.524 327.328 327.688 330.460 330.114 338.470 329.907 333.411 328.443 330.976
305 346.000 350.295 346.734 347.110 347.432 346.821 350.581 357.823 355.309 347.558 354.687
306 420.000 423.110 424.813 423.905 423.444 424.506 424.315 425.484 425.177 425.082 425.098
307 371.000 382.350 380.797 386.151 387.353 385.698 381.267 395.749 392.539 390.591 393.228
308 560.000 578.544 566.881 569.252 565.048 570.806 571.219 573.636 569.905 575.029 571.145
309 512.000 485.255 500.030 484.088 488.031 486.862 491.793 483.268 487.318 485.850 483.338
310 410.000 407.623 409.462 406.905 408.008 409.300 410.568 410.770 407.894 408.238 413.549
311 473.000 463.320 470.571 463.347 463.674 464.671 465.831 461.690 465.093 459.370 465.933
312 427.000 436.598 440.569 437.007 435.006 436.908 436.697 435.930 437.309 439.436 437.088
313 326.000 348.322 348.093 347.226 369.372 352.225 358.206 366.838 350.975 358.495 342.633
314 405.000 406.364 403.104 408.549 407.580 408.893 408.441 410.776 408.459 408.613 408.330
315 442.000 445.038 429.486 448.936 428.101 450.340 494.851 468.523 468.905 463.460 446.348
316 330.000 330.318 332.826 329.691 330.817 333.450 329.342 328.860 333.677 336.391 330.579
317 328.000 336.934 337.332 337.466 338.257 332.434 337.116 339.766 336.085 336.433 339.910
318 436.000 439.162 433.287 435.975 439.784 436.595 437.858 438.237 432.893 438.191 436.436
319 410.000 409.742 410.297 411.655 411.558 410.002 412.204 412.217 410.408 409.479 411.472
320 462.000 466.436 462.666 473.496 466.296 467.847 467.520 467.998 464.132 472.192 469.885
321 471.000 468.891 467.222 469.906 466.900 468.119 468.093 470.650 466.656 468.710 468.522
322 427.000 426.902 426.828 421.673 426.902 425.185 424.448 423.974 422.036 421.603 425.050
323 464.000 463.684 459.503 463.255 462.795 462.966 458.513 459.331 461.302 457.383 460.411
324 446.000 447.452 460.166 448.688 448.328 449.989 453.461 456.773 453.438 457.612 455.712
325 583.000 577.036 577.619 578.092 576.395 579.469 572.581 578.426 574.036 570.032 576.487
326 562.000 471.153 469.255 474.322 472.055 465.246 472.404 468.973 469.720 470.363 466.353
327 313.000 318.295 323.056 314.204 314.327 314.261 322.373 314.509 311.451 315.776 318.063
328 422.000 438.099 449.523 451.865 443.416 443.200 445.480 443.523 445.738 435.611 429.490
329 382.000 427.736 438.420 431.473 433.776 432.703 431.564 436.058 436.157 433.496 429.104
330 398.000 417.014 399.197 404.209 411.399 424.667 409.606 409.465 395.141 411.055 406.375
331 371.000 373.915 374.649 372.834 363.900 375.926 373.265 376.460 369.384 374.702 378.133
332 414.000 412.952 411.966 412.680 414.547 414.081 413.682 411.206 412.372 414.646 412.936
333 440.000 434.105 436.960 437.595 430.447 434.520 436.573 435.765 439.142 435.912 433.165
334 599.000 601.010 602.325 597.667 599.519 599.272 602.696 602.048 598.538 599.302 598.565
335 353.000 350.216 352.135 350.584 352.567 350.099 348.968 351.279 351.903 351.373 348.973
336 404.000 506.236 488.552 476.737 498.461 492.273 494.714 483.095 490.011 488.184 505.191
337 406.000 409.710 407.325 407.913 409.441 409.143 407.192 409.060 410.342 409.860 408.568
338 324.000 329.464 327.780 328.107 326.787 327.732 324.706 326.550 327.946 327.773 327.586
339 337.000 340.214 339.634 340.860 342.654 339.869 339.953 343.707 339.857 339.673 341.197
340 395.000 406.746 403.877 405.421 405.917 404.018 402.662 405.852 404.619 406.303 406.265
341 407.000 412.580 414.584 413.995 413.684 414.572 417.656 417.282 416.912 415.443 415.927
342 330.000 341.024 346.121 345.298 342.069 336.012 343.404 343.261 342.407 340.377 344.635
343 417.000 423.761 423.041 423.678 425.081 425.886 421.132 422.479 423.415 425.068 420.088
344 395.000 396.435 397.267 395.367 397.809 395.169 396.800 394.394 396.077 395.697 395.611
345 503.000 388.954 389.334 391.273 392.502 392.472 389.737 391.101 386.871 388.548 393.321
346 448.000 463.223 457.786 461.010 470.657 458.233 457.253 454.797 459.005 461.494 465.064
347 363.000 383.890 380.325 385.221 383.971 374.343 372.836 388.475 390.159 387.245 381.060
348 386.000 383.276 383.683 381.970 381.574 383.013 382.520 382.382 378.912 384.075 382.159
349 330.000 328.087 331.320 328.994 329.030 331.778 328.601 327.312 329.114 328.255 329.720
350 488.000 345.647 353.059 355.462 349.801 346.282 352.012 350.154 345.658 349.013 341.282
351 479.000 480.641 475.537 471.154 477.879 464.028 463.795 478.701 469.017 473.136 474.678
352 338.000 356.989 355.144 369.433 394.568 396.219 404.554 354.300 346.410 362.324 352.027
353 456.000 433.409 439.209 437.617 432.900 435.878 436.584 454.064 430.126 459.045 433.510
354 418.000 436.538 434.446 438.080 434.951 434.894 435.163 432.482 431.787 442.700 444.960
355 322.000 321.662 320.944 324.059 322.541 325.559 325.495 322.824 321.944 323.298 321.925
356 321.000 312.480 306.660 311.057 310.595 312.259 310.500 311.359 312.177 309.602 311.567
357 335.000 334.684 382.539 337.164 343.695 342.468 400.829 345.332 333.313 342.247 338.427
358 394.000 402.025 399.724 402.660 407.573 405.676 401.805 400.049 394.168 411.265 396.273
359 398.000 404.903 405.872 407.540 410.956 409.629 411.537 421.896 402.610 404.689 441.748
360 421.000 426.080 414.588 416.661 424.279 411.225 429.386 418.376 421.328 408.431 418.402
361 364.000 376.935 378.119 373.662 378.981 372.752 380.491 382.392 382.268 379.067 373.923
362 322.000 313.782 310.286 312.221 311.855 311.285 310.849 313.508 310.400 308.511 304.709
363 446.000 466.846 468.569 469.278 466.703 465.091 465.967 466.903 467.474 470.055 471.294
364 340.000 330.281 327.001 331.660 330.756 328.927 332.208 328.620 328.534 329.535 327.280
365 340.000 347.630 353.620 352.315 358.950 350.936 360.518 353.989 350.101 345.242 338.325
366 452.000 436.071 422.175 414.690 419.848 435.001 421.151 418.149 421.472 423.736 415.910
367 367.000 356.312 358.640 357.546 361.781 360.995 360.064 359.008 363.621 359.826 357.252
368 425.000 414.446 415.847 416.383 413.814 412.541 414.568 417.802 411.646 414.900 415.131
369 399.000 365.278 360.092 366.538 366.023 364.748 363.065 365.376 354.914 360.853 365.721
370 420.000 421.024 419.942 420.820 419.132 418.754 421.939 419.746 419.825 421.935 419.101
371 526.000 529.408 508.552 521.140 538.002 515.685 528.900 519.505 519.478 526.526 530.857
372 343.000 341.936 342.805 342.514 343.277 346.478 340.831 344.372 337.595 341.854 341.670
373 420.000 415.489 415.892 422.557 418.741 405.104 419.076 418.613 417.406 414.412 410.085
374 403.000 374.500 370.963 376.795 368.965 369.730 373.970 366.225 374.729 361.804 372.952
375 495.000 475.744 475.184 477.654 475.217 474.555 475.451 478.486 477.468 475.012 476.801
376 564.000 458.196 454.656 464.175 450.235 459.447 461.073 467.379 460.452 463.282 464.706
377 420.000 528.642 538.763 531.900 528.517 532.936 527.763 526.873 519.766 521.781 526.459
378 414.000 433.202 434.478 430.678 430.694 429.137 435.664 433.966 430.450 432.289 435.493
379 328.000 310.897 326.079 326.247 335.516 329.662 324.557 326.106 329.163 326.016 327.015
380 546.000 444.298 446.247 449.960 440.961 452.507 454.625 442.821 428.607 460.597 449.912
381 323.000 317.588 320.545 320.898 320.569 321.308 320.036 320.490 320.004 320.474 320.014
382 413.000 407.877 407.781 409.610 409.103 407.977 407.168 406.708 408.280 408.371 407.715
383 360.000 331.190 348.709 333.390 366.998 341.457 305.560 343.973 340.553 350.902 354.766
384 411.000 412.961 411.359 407.794 413.774 411.084 413.489 413.001 413.596 412.780 411.754
385 346.000 348.827 347.481 348.115 360.119 347.269 336.332 347.566 344.743 348.069 350.490
386 449.000 457.368 448.090 449.854 448.436 458.040 445.632 447.091 459.683 449.018 448.479
387 389.000 399.015 386.713 396.701 383.533 384.228 390.208 373.166 383.514 384.923 389.327
388 340.000 346.863 352.114 341.069 345.608 343.113 346.887 382.633 345.270 350.585 344.828
389 343.000 336.409 336.670 336.339 336.289 335.645 334.478 335.265 334.357 337.464 335.854
390 404.000 413.315 409.139 407.185 412.256 407.260 404.546 401.363 406.251 408.995 413.670
391 451.000 440.309 446.624 449.227 445.087 446.082 444.369 444.251 444.479 446.539 449.036
392 359.000 353.605 352.331 352.280 353.193 353.487 352.454 355.576 343.041 352.169 355.079
393 410.000 406.531 406.203 406.498 407.275 404.625 407.432 407.804 406.692 406.971 406.458
394 340.000 337.529 336.567 337.500 340.740 338.521 333.606 342.449 335.316 337.551 338.488
395 504.000 522.317 511.569 519.044 516.335 537.265 525.707 527.372 529.837 544.912 504.820
396 546.000 534.897 494.001 541.870 510.086 560.504 519.118 492.542 520.041 525.538 513.350
397 392.000 391.305 392.824 396.228 394.088 400.101 393.059 394.816 396.148 401.375 398.622
398 413.000 409.682 405.542 404.766 407.110 409.934 405.888 402.222 407.809 403.610 402.240
399 325.000 338.961 334.257 338.220 335.090 336.651 333.804 331.968 329.898 346.485 329.203
400 297.000 302.533 302.588 296.813 306.240 303.810 304.961 302.723 311.339 302.295 303.834
401 397.000 393.820 395.694 397.310 398.070 399.373 394.887 395.672 396.459 396.508 394.200
402 428.000 417.876 425.800 424.901 427.762 424.898 428.725 424.833 424.498 423.093 423.687
403 440.000 467.023 468.861 480.001 473.319 473.038 467.837 450.892 475.491 475.159 473.929
404 604.000 612.363 614.635 613.648 612.931 612.754 603.976 611.961 613.647 613.095 614.322
405 442.000 450.242 449.929 448.623 451.498 450.007 449.431 450.113 450.388 450.059 454.178
406 462.000 442.740 443.274 439.470 441.818 441.126 439.054 441.962 454.526 440.768 438.609
407 491.000 480.575 482.666 484.702 482.285 470.790 472.930 481.390 477.092 485.710 482.886
408 495.000 517.509 490.787 521.100 516.376 514.146 521.232 521.373 524.042 515.974 522.039
409 394.000 425.682 392.014 394.710 387.860 400.677 400.019 387.908 396.687 389.258 393.161
410 320.000 317.871 323.029 320.870 327.081 326.952 321.818 314.858 323.434 322.656 331.000
411 445.000 445.497 446.925 451.257 447.292 447.547 451.064 444.739 448.511 449.645 445.012
412 350.000 338.165 354.779 352.334 354.568 353.668 339.552 353.718 337.877 351.060 353.447
413 332.000 333.664 335.033 331.659 333.459 333.758 333.793 333.244 333.302 334.283 334.582
414 411.000 414.614 414.504 414.978 409.292 415.907 416.144 419.078 418.249 417.751 424.512
415 341.000 361.044 360.465 366.915 370.118 356.864 376.665 368.413 361.432 368.806 363.458
416 452.000 455.639 457.651 459.055 456.934 456.441 459.160 456.737 457.793 454.170 456.218
417 398.000 405.073 400.509 400.436 417.206 404.855 407.807 401.672 407.822 404.201 399.565
418 357.000 352.829 352.951 353.143 353.277 353.155 355.353 354.425 354.973 354.776 353.644
419 410.000 458.197 453.157 463.487 456.903 462.996 457.939 461.870 457.230 461.250 462.072
420 411.000 415.199 406.075 405.804 390.236 421.592 406.275 412.190 402.152 420.340 402.887
421 316.000 319.412 318.184 318.679 318.464 325.138 319.820 318.487 317.819 326.603 319.409
422 454.000 433.290 433.018 433.679 434.918 433.467 433.794 433.629 434.426 441.078 433.149
423 492.000 531.286 529.057 538.663 528.874 536.045 529.072 528.605 522.262 532.331 541.202
424 405.000 417.439 411.794 412.820 412.043 413.897 417.656 417.282 411.633 410.197 414.915
425 357.000 357.007 360.520 359.432 361.400 358.964 356.300 359.558 357.382 358.374 356.575
426 424.000 425.794 428.156 424.520 414.980 419.132 424.898 426.413 422.245 414.806 426.028
427 335.000 341.972 343.882 344.228 345.223 345.504 347.020 346.412 346.085 352.002 345.997
428 438.000 444.226 448.062 444.721 454.757 442.393 448.072 446.720 445.731 448.452 450.252
429 525.000 450.848 447.819 442.587 445.650 413.127 439.715 451.240 451.760 449.273 450.528
430 331.000 401.641 397.481 405.254 417.722 409.846 406.219 410.250 400.230 415.993 400.017
431 431.000 414.393 415.339 413.717 409.690 410.830 415.906 420.936 413.292 410.998 414.659
432 591.000 593.756 591.617 595.231 593.268 592.455 591.999 594.605 593.355 595.996 595.689
433 414.000 414.487 416.220 418.078 415.680 419.439 420.262 423.122 417.997 416.415 415.889
434 388.000 395.781 391.268 394.205 392.386 391.802 394.529 393.117 394.304 393.374 393.096
435 585.000 574.622 601.473 598.093 601.357 610.371 599.497 571.393 590.775 601.374 606.905
436 398.000 398.658 399.592 400.698 398.935 399.264 399.571 400.263 399.812 400.813 400.059
437 441.000 442.042 431.816 438.456 441.034 433.790 442.678 441.691 435.043 432.607 429.651
438 309.000 324.100 324.101 323.900 324.648 324.099 323.899 324.100 324.100 324.580 324.100
439 518.000 528.554 526.622 525.805 530.145 528.599 529.193 528.589 529.393 530.319 524.461
440 416.000 415.452 416.421 415.376 415.429 414.958 416.125 416.129 415.947 414.715 417.688
441 412.000 417.023 414.872 416.265 414.699 420.396 418.821 416.095 415.916 415.307 416.373
442 385.000 395.684 404.401 400.930 398.769 387.792 392.037 407.027 394.341 384.181 387.286
443 325.000 319.259 317.417 318.982 321.108 319.066 319.204 319.517 317.829 317.869 320.551
444 325.000 321.187 327.638 330.141 341.858 321.206 326.050 331.357 327.313 334.360 335.686
445 328.000 340.579 331.410 334.442 335.520 331.039 329.054 332.420 338.951 338.360 333.740
446 397.000 393.232 394.653 396.795 396.735 394.191 397.863 396.764 396.205 398.908 395.590
447 407.000 409.392 410.440 409.716 411.764 411.324 411.222 411.369 411.701 411.573 410.711
448 491.000 484.661 485.497 498.942 493.424 482.567 520.984 476.679 508.708 495.520 492.716
449 328.000 298.919 314.427 314.574 308.027 301.523 306.253 306.301 310.058 316.214 311.735
450 430.000 433.633 436.772 413.218 433.473 436.522 439.021 430.284 439.657 437.504 435.457
451 413.000 410.896 401.816 407.561 404.921 410.495 413.572 408.629 418.944 410.530 412.136
452 364.000 361.625 364.748 363.413 360.243 363.261 363.313 361.346 361.616 364.726 361.245
453 404.000 399.483 400.928 398.545 397.947 402.645 396.803 397.518 399.508 400.141 401.487
454 431.000 437.937 439.495 439.649 438.918 442.452 439.506 437.124 435.730 433.059 438.280
455 461.000 441.738 440.481 440.295 448.668 441.351 442.019 440.157 438.583 436.827 443.243
456 346.000 354.345 350.303 347.094 345.801 352.191 350.752 357.529 346.527 342.150 343.693
457 461.000 458.195 458.072 459.069 459.900 457.890 459.223 460.178 458.222 458.441 458.740
458 446.000 448.491 449.300 449.665 451.126 449.397 450.819 451.222 449.703 448.274 450.430
459 334.000 331.626 336.718 333.403 335.460 336.751 336.081 331.078 334.122 335.696 334.796
460 368.000 366.463 362.743 361.784 366.370 365.899 367.558 370.792 360.132 370.798 365.555
461 421.000 399.486 400.896 384.762 403.107 394.859 394.190 401.834 393.438 394.086 399.364
462 536.000 560.469 549.137 550.103 550.151 560.376 550.063 518.909 546.245 547.296 558.032
463 399.000 401.891 417.146 402.382 405.858 405.710 402.854 403.390 402.428 401.952 403.748
464 584.000 576.806 584.483 583.097 582.071 582.181 583.937 578.092 584.486 583.762 578.147
465 592.000 586.694 585.833 588.704 585.814 588.472 587.213 587.132 586.309 594.340 588.894
466 450.000 450.146 449.719 454.371 450.051 450.961 449.220 453.615 451.807 450.572 453.043
467 359.000 353.890 347.947 354.748 355.569 354.223 356.340 354.188 350.856 353.908 353.397
468 325.000 316.815 313.546 315.054 315.878 314.042 313.084 313.772 312.968 313.922 317.579
469 315.000 360.577 362.875 356.156 351.931 336.932 354.433 361.596 357.608 358.020 357.577
470 411.000 376.259 383.423 406.446 381.866 380.071 393.678 378.799 348.294 381.559 380.709
471 548.000 537.298 527.238 533.854 531.783 528.707 515.470 532.542 531.135 533.893 532.129
472 450.000 442.722 442.220 439.509 442.174 442.582 442.108 438.085 439.718 442.905 443.161
473 310.000 362.390 347.006 351.223 349.624 354.147 350.196 349.377 345.984 351.399 355.284
474 362.000 399.834 396.438 392.035 389.407 391.005 392.186 392.627 393.842 389.639 373.087
475 322.000 322.545 325.756 320.423 320.995 321.116 324.624 321.295 317.636 319.347 322.285
476 396.000 394.109 390.142 395.185 392.360 395.383 391.803 395.034 392.282 398.130 395.625
477 408.000 410.413 410.503 409.265 409.028 411.324 410.528 410.002 410.682 409.025 409.867
478 540.000 473.779 482.797 474.542 486.743 460.166 451.381 479.662 467.975 480.070 482.456
479 399.000 379.508 388.695 387.329 387.945 384.177 381.453 383.943 376.660 385.961 382.893
480 448.000 445.027 448.647 446.795 443.856 445.125 446.177 444.603 444.597 445.297 446.058
481 460.000 398.388 400.008 397.688 400.420 399.438 401.589 400.061 397.673 398.192 397.773
482 331.000 324.194 325.599 326.667 327.123 327.284 326.052 329.806 326.601 327.651 327.825
483 448.000 441.554 442.012 448.842 441.449 450.727 443.261 450.922 449.258 441.041 441.097
484 444.000 449.140 451.338 456.625 457.033 457.567 467.629 446.147 459.905 457.323 462.577
485 336.000 324.505 328.473 328.223 327.381 326.966 325.793 329.295 327.227 324.958 328.959
486 502.000 460.422 458.553 468.386 465.720 464.316 468.882 462.905 475.634 441.279 475.811
487 409.000 445.145 451.732 452.541 448.551 450.863 456.015 454.558 443.895 456.840 450.217
488 405.000 373.988 394.992 394.164 398.487 395.010 399.113 398.950 404.385 396.078 397.879
489 555.000 567.633 570.804 582.554 568.785 569.082 579.405 584.537 568.799 563.272 574.878
490 427.000 421.948 424.488 425.303 426.902 425.549 426.223 426.641 426.901 426.903 420.410
491 452.000 443.022 443.713 444.294 443.571 443.784 444.388 444.034 442.822 444.670 443.751
492 329.000 341.018 337.656 340.137 338.887 338.800 342.057 335.719 336.168 335.427 336.675
493 491.000 524.745 525.038 532.003 521.978 541.779 526.092 525.834 537.514 545.209 538.541
494 440.000 449.061 438.190 444.754 438.956 441.998 448.296 431.035 423.466 437.170 448.467
495 363.000 354.261 368.933 373.590 353.571 371.291 365.772 356.867 355.804 366.300 365.454
496 432.000 423.806 412.587 419.606 427.013 421.667 427.163 423.856 424.202 417.586 426.278
497 514.000 477.899 477.899 477.899 477.900 468.004 477.898 477.899 477.899 477.899 477.898
498 536.000 545.520 546.501 546.736 549.859 545.108 546.255 546.176 549.287 544.419 548.189
499 462.000 456.989 457.202 459.919 454.519 451.608 461.901 461.902 458.514 455.030 446.681
500 510.000 524.470 529.635 528.450 527.627 517.766 534.847 529.023 523.189 531.743 532.354
501 357.000 357.165 364.862 356.661 356.730 352.847 359.578 355.102 358.974 365.311 369.169
502 418.000 424.025 422.312 421.804 419.674 417.915 424.242 421.940 422.544 424.008 421.470
503 406.000 443.559 434.602 438.900 426.930 429.345 422.543 436.996 435.650 435.504 434.046
504 464.000 458.372 458.141 461.630 455.821 450.783 460.872 456.827 458.109 454.479 457.618
505 400.000 398.405 397.200 397.894 400.303 399.713 398.981 396.684 399.879 397.975 396.455
506 400.000 415.160 411.480 405.624 411.571 408.313 414.188 407.516 411.494 407.710 411.079
507 333.000 331.818 326.876 331.897 333.316 330.958 332.370 331.022 328.414 331.620 332.683
508 452.000 483.855 478.576 481.011 481.541 481.111 485.363 481.818 480.502 477.367 483.964
509 586.000 556.291 550.217 568.734 563.156 549.075 563.463 557.586 562.917 567.698 560.254
510 461.000 447.536 448.189 448.339 448.451 446.711 446.754 446.346 449.166 447.937 450.308
511 606.000 602.854 604.874 603.847 603.903 605.240 601.277 601.659 603.821 601.940 603.714
512 338.000 359.041 355.258 353.271 400.893 397.362 409.336 353.285 360.169 355.854 355.433
513 368.000 363.286 360.844 365.427 359.231 361.857 362.079 364.871 366.399 363.583 360.969
514 442.000 434.775 431.355 436.357 429.862 431.721 431.597 434.884 432.016 433.714 432.937
515 417.000 407.374 404.250 404.075 410.752 410.992 412.395 411.214 418.251 407.140 406.348
516 328.000 322.000 321.280 321.066 319.348 320.920 321.887 309.794 321.102 305.501 322.210
517 477.000 461.421 469.488 468.621 456.256 479.101 471.308 468.471 465.324 461.057 480.030
518 350.000 323.034 319.203 323.413 319.147 330.184 331.690 331.326 322.961 323.776 323.135
519 421.000 419.485 419.083 423.385 420.460 422.061 422.752 420.903 422.968 421.214 419.462
520 592.000 538.781 536.298 541.272 534.658 527.366 532.023 533.183 541.900 541.900 541.901
521 422.000 423.926 424.119 424.001 423.902 423.801 428.162 423.970 424.670 425.595 425.679
522 473.000 536.500 533.195 531.643 530.965 538.869 530.905 534.933 527.983 527.211 531.620
523 567.000 565.345 556.991 562.641 552.801 565.233 562.648 555.896 564.624 562.579 558.068
524 425.000 433.555 429.125 443.640 436.040 429.438 439.060 442.723 432.020 445.098 440.841
525 429.000 448.447 452.050 456.165 446.277 451.879 455.421 450.287 447.539 446.379 451.734
526 351.000 340.468 344.015 344.565 342.220 345.143 340.492 344.398 344.435 348.960 344.497
527 416.000 425.619 427.240 426.508 425.563 429.006 422.844 422.314 424.418 425.093 424.815
528 354.000 351.411 344.205 347.004 348.613 347.232 346.837 349.095 348.317 348.312 342.033
529 524.000 515.486 506.918 514.239 517.151 513.362 507.337 517.464 517.232 515.189 516.489
530 334.000 356.078 346.464 346.729 348.498 349.560 349.278 357.658 349.302 344.353 346.899
531 462.000 460.122 459.414 456.699 459.651 451.608 457.990 461.188 459.121 461.868 446.681
532 477.000 445.284 443.555 447.781 445.989 446.143 443.885 446.034 434.357 445.382 445.321
533 528.000 550.204 535.743 532.470 525.074 536.645 547.617 535.480 533.627 534.788 536.854
534 335.000 335.700 342.495 342.955 339.119 344.312 339.144 339.006 338.066 337.191 340.732
535 323.000 344.811 339.531 339.860 337.026 336.392 339.512 334.020 335.032 334.012 339.885
536 412.000 476.884 475.949 476.112 471.840 472.430 472.262 476.133 475.574 485.390 477.136
537 551.000 540.154 547.991 549.743 546.379 534.561 547.244 537.725 549.858 555.935 546.930
538 406.000 374.335 393.157 399.163 400.420 397.226 403.007 392.370 395.147 402.843 404.965
539 502.000 508.545 519.987 508.260 511.409 510.414 496.636 508.678 510.351 514.573 507.270
540 415.000 413.901 412.034 415.524 412.678 407.675 414.546 415.357 413.785 414.362 413.404
541 336.000 333.669 328.681 328.493 326.557 332.856 331.995 325.123 330.608 327.388 333.000
542 312.000 322.232 324.740 324.924 322.898 321.885 327.092 323.294 319.440 321.138 324.932
543 330.000 331.361 330.460 328.966 329.043 329.303 329.887 327.566 329.375 329.217 330.297
544 508.000 456.175 457.942 449.746 454.103 459.873 445.679 447.571 450.666 466.096 445.091
545 588.000 574.558 572.760 572.471 572.093 575.166 572.739 575.736 574.394 567.989 565.370
546 410.000 433.161 432.943 432.094 424.437 419.842 436.765 436.723 435.555 433.391 451.743
547 540.000 494.398 472.284 474.633 497.538 484.142 452.707 464.118 485.356 486.472 480.158
548 362.000 332.076 330.675 336.618 344.055 342.321 340.827 331.846 330.887 334.079 334.990
549 404.000 404.022 403.785 402.466 404.951 403.746 406.143 404.157 403.973 403.600 404.152
550 370.000 371.153 370.239 370.055 371.195 370.803 369.295 371.117 369.063 371.444 370.187
551 482.000 450.197 416.325 434.991 407.288 415.582 453.856 458.553 435.766 438.816 455.856
552 398.000 397.088 402.120 398.188 399.827 397.332 396.651 397.929 397.525 396.488 395.728
553 466.000 452.170 460.848 446.341 455.904 462.235 456.093 456.250 453.348 458.311 456.572
554 405.000 401.536 403.150 402.703 401.956 402.862 402.054 402.502 402.098 401.213 401.294
555 576.000 557.898 549.412 557.784 554.807 565.512 551.485 561.210 555.886 555.104 561.276
556 457.000 408.839 409.384 408.363 408.101 408.205 408.799 408.241 408.554 409.025 408.101
557 478.000 463.307 462.197 465.068 465.154 468.664 464.999 462.727 466.661 459.370 465.690
558 431.000 465.611 452.483 460.497 455.715 464.032 454.004 455.052 450.934 445.473 460.019
559 411.000 331.856 339.486 326.030 333.373 332.690 337.551 332.259 334.667 325.471 325.183
560 409.000 406.987 402.749 403.496 396.501 404.403 407.644 405.814 397.642 404.726 405.631
561 375.000 357.177 371.888 357.351 360.547 358.281 353.229 364.370 350.133 346.735 368.505
562 400.000 417.735 427.034 411.664 426.904 425.997 406.766 416.566 406.893 406.233 413.313
563 331.000 317.854 319.421 322.438 322.900 320.544 319.777 322.309 322.900 321.612 317.114
564 412.000 385.023 380.846 375.283 401.194 382.646 393.960 381.551 377.360 374.148 401.596
565 485.000 495.944 498.070 496.870 499.004 508.152 501.813 493.833 498.146 495.702 501.278
566 407.000 411.556 412.360 412.143 413.277 413.323 411.393 410.879 412.594 411.904 412.948
567 405.000 411.831 413.564 415.049 408.142 410.441 412.604 410.668 412.224 408.330 405.582
568 406.000 406.421 405.346 406.781 405.870 399.978 407.485 407.547 406.028 407.461 405.824
569 342.000 342.003 338.969 339.030 338.487 341.986 339.827 341.031 341.436 341.535 341.160
570 321.000 325.716 324.754 322.376 324.529 324.503 326.389 325.856 325.529 325.937 324.752
571 361.000 366.180 366.478 365.802 365.556 364.194 365.783 367.588 365.759 365.683 363.151
572 387.000 384.571 386.888 385.818 387.678 384.167 388.137 388.413 389.210 381.859 386.135
573 323.000 323.415 322.249 321.749 321.091 324.488 322.969 325.281 322.605 321.645 320.020
574 390.000 399.462 399.622 398.969 392.592 400.155 400.362 399.130 401.500 400.248 400.545
575 440.000 455.676 434.235 453.347 440.421 427.006 442.462 445.802 448.971 440.868 439.884
576 332.000 357.544 356.328 361.170 356.898 350.794 352.914 361.288 358.373 352.489 351.369
577 456.000 454.955 448.066 458.563 441.227 449.968 454.379 457.893 449.478 449.637 446.033
578 488.000 463.568 479.151 473.515 467.880 463.813 472.833 479.412 471.310 465.037 471.007
579 332.000 310.972 313.580 317.236 308.359 305.934 311.730 303.835 320.292 312.103 316.052
580 316.000 325.668 325.583 331.120 327.807 325.878 327.744 325.142 330.394 326.213 328.741
581 459.000 417.318 424.322 418.375 429.178 422.597 428.414 417.027 425.961 418.565 414.214
582 335.000 326.371 324.320 322.493 323.692 326.189 323.224 312.508 319.828 324.335 322.203
583 332.000 321.127 321.433 323.296 321.817 320.887 325.313 321.542 322.123 320.286 324.674
584 459.000 456.889 455.379 441.242 451.884 441.889 445.795 457.965 451.128 454.935 442.064
585 396.000 393.816 393.396 397.876 400.294 396.570 395.233 399.203 395.742 396.936 396.872
586 489.000 489.003 489.097 488.898 488.897 488.898 490.208 488.899 489.098 489.099 488.898
587 417.000 422.489 426.050 424.662 428.859 423.683 428.934 423.750 420.825 425.715 419.848
588 404.000 405.990 407.854 404.577 407.414 405.776 405.554 403.147 406.567 406.291 405.312
589 400.000 405.179 418.942 403.569 403.859 401.116 405.416 402.457 407.357 405.326 401.478
590 357.000 339.966 350.992 351.181 352.859 351.165 341.580 349.290 352.033 349.445 353.424
591 437.000 445.245 454.864 456.108 439.704 450.311 446.248 454.862 455.038 453.868 454.915
592 542.000 547.816 536.298 551.579 534.658 527.366 532.023 533.183 541.452 545.523 548.141
593 419.000 414.801 417.801 417.318 418.106 418.106 418.879 416.604 418.069 416.117 417.234
594 350.000 350.609 351.210 353.898 354.607 352.432 347.688 352.470 352.188 348.464 359.830
595 424.000 432.123 427.825 426.620 433.900 435.273 441.956 429.361 425.069 431.117 445.262
596 443.000 475.043 477.159 476.248 477.744 475.503 484.345 476.531 473.846 477.095 473.787
597 439.000 439.103 437.958 439.058 442.166 437.483 440.085 439.286 439.347 439.436 439.641
598 324.000 324.409 323.710 322.381 323.150 319.807 322.877 325.189 321.871 309.100 323.273
599 311.000 325.397 323.569 314.355 322.088 327.589 330.084 328.255 324.227 325.415 318.289
600 331.000 332.912 332.470 331.331 333.883 329.855 331.351 332.288 329.913 331.380 333.878
601 428.000 428.941 424.206 424.883 427.881 424.607 427.848 430.274 428.608 428.229 427.694
602 400.000 412.506 414.660 409.863 409.101 408.834 414.632 405.418 410.146 409.171 415.579
603 309.000 309.517 305.896 311.253 308.504 309.295 306.509 308.331 302.494 308.124 306.710
604 375.000 374.996 390.409 375.831 375.447 376.831 375.911 387.311 374.156 374.623 377.661
605 450.000 414.753 418.057 417.924 415.277 408.111 416.639 411.898 416.001 410.385 415.211
606 388.000 370.818 370.991 368.860 370.423 371.835 372.923 368.972 372.396 368.350 371.094
607 323.000 367.244 368.840 351.387 372.319 356.335 374.321 372.060 369.562 376.205 361.208
608 448.000 436.922 436.873 438.801 437.926 438.333 435.576 437.345 438.833 434.752 439.253
609 372.000 388.131 387.780 388.556 384.772 389.449 383.165 394.747 382.993 382.635 387.963
610 328.000 313.064 317.271 315.886 314.621 316.852 320.525 314.700 321.148 317.758 314.559
611 460.000 454.467 444.968 452.866 448.967 457.946 458.096 453.030 458.041 452.924 455.452
612 504.000 480.144 484.246 481.201 481.823 469.783 484.705 474.491 483.915 490.293 482.382
613 433.000 437.628 430.063 434.621 438.500 432.003 434.670 434.983 435.405 436.274 434.454
614 564.000 573.216 558.096 558.607 568.477 566.733 550.100 565.873 566.206 567.322 552.271
615 439.000 408.807 405.640 402.451 397.234 400.982 393.085 409.049 400.743 382.571 401.939
616 440.000 428.510 432.346 431.450 428.909 435.699 425.836 430.491 428.446 427.432 427.526
617 484.000 491.012 493.420 497.749 491.246 496.969 493.399 488.513 492.074 490.592 499.306
618 396.000 390.789 389.810 386.011 392.453 380.627 390.715 385.417 374.868 382.918 391.597
619 435.000 429.053 426.983 427.742 426.352 427.388 425.865 427.904 425.624 427.437 427.300
620 397.000 383.212 383.253 374.086 388.152 382.959 381.490 387.635 380.294 385.094 377.345
621 420.000 430.610 427.902 435.514 432.870 431.089 431.032 429.755 430.703 432.083 433.718
622 408.000 390.262 394.435 392.426 395.777 399.575 387.694 382.937 398.999 392.153 389.017
623 437.000 433.201 430.732 433.092 431.632 431.469 435.182 430.931 431.475 433.126 432.073
624 406.000 411.562 407.258 422.484 412.433 415.914 401.386 418.372 406.581 410.073 409.461
625 393.000 412.760 401.423 407.679 401.931 405.144 406.179 407.296 404.393 405.269 404.599
626 452.000 447.750 461.695 453.739 448.929 447.188 445.877 451.899 444.648 455.113 459.626
627 466.000 450.480 430.037 450.464 455.206 445.002 452.566 451.513 441.141 461.552 451.334
628 410.000 417.568 413.842 415.092 417.521 426.725 418.471 403.836 426.008 413.738 420.941
629 447.000 438.294 435.729 441.062 438.046 437.097 437.594 431.547 441.523 435.052 439.295
630 487.000 459.711 449.212 458.738 456.223 461.186 460.475 453.045 455.913 458.521 458.271
631 420.000 423.614 423.029 421.633 417.204 425.741 424.218 421.029 420.662 424.089 419.676
632 565.000 566.852 574.588 575.783 576.842 575.033 575.171 572.440 579.013 575.996 575.241
633 309.000 319.067 316.901 317.554 316.480 319.714 315.792 315.696 317.518 315.631 316.094
634 437.000 449.065 450.314 449.450 448.899 449.793 448.509 460.826 449.522 448.178 449.966
635 481.000 485.994 488.927 488.048 489.648 487.221 487.065 484.878 489.747 490.608 483.901
636 390.000 391.760 390.100 390.275 387.916 390.767 391.858 388.398 393.392 392.330 387.490
637 329.000 330.827 328.912 327.727 330.066 331.838 328.192 331.024 326.772 331.230 330.492
638 349.000 340.292 346.695 345.985 348.218 343.429 342.677 343.598 342.804 347.631 345.837
639 336.000 335.482 337.172 336.379 336.148 338.417 337.338 336.556 336.255 336.379 341.383
640 550.000 544.372 551.444 545.598 552.772 553.734 553.043 551.227 552.102 547.692 550.248
641 315.000 310.798 312.470 307.837 305.854 313.480 314.147 305.311 312.272 305.168 308.101
642 420.000 435.664 437.503 438.028 421.453 430.686 438.513 434.772 437.680 435.657 439.672
643 466.000 465.669 465.704 457.378 465.901 462.455 458.983 460.203 463.419 466.100 465.536
644 315.000 276.000 281.663 276.310 308.007 279.213 298.992 298.170 296.034 302.991 303.174
645 345.000 338.530 339.148 338.042 331.075 341.158 339.082 344.149 337.193 341.047 344.395
646 451.000 445.828 448.191 446.165 446.964 446.032 448.909 461.964 445.232 447.628 438.021
647 337.000 346.581 349.160 348.118 360.611 345.669 351.313 355.076 339.932 343.504 339.478
648 439.000 401.517 400.735 399.992 403.194 393.895 396.286 402.027 399.937 400.052 401.588
649 330.000 322.083 323.033 324.865 317.166 317.344 322.301 323.964 323.669 316.196 322.627
650 538.000 531.876 531.919 530.523 533.018 527.342 535.349 524.816 537.607 525.263 530.491
651 326.000 367.364 375.892 379.272 376.498 380.030 370.434 367.781 367.980 372.215 368.548
652 392.000 417.335 411.534 418.149 408.879 418.310 412.938 426.167 396.298 420.200 416.042
653 366.000 360.936 356.778 359.520 363.523 362.480 353.279 354.879 349.440 371.972 367.378
654 318.000 326.879 318.541 318.153 307.740 301.256 299.670 310.417 305.023 308.533 306.153
655 561.000 515.530 507.671 511.098 521.948 519.961 518.508 504.700 518.307 506.816 510.263
656 436.000 443.101 444.911 445.920 451.094 447.425 439.788 456.344 444.033 451.020 443.676
657 463.000 441.070 443.033 446.679 448.656 443.435 447.909 444.865 447.315 441.191 447.745
658 348.000 344.787 346.432 346.313 345.437 345.804 345.199 343.901 343.188 344.740 345.757
659 313.000 335.692 332.342 335.274 336.464 346.206 333.418 338.862 336.467 338.811 334.479
660 451.000 433.731 438.543 448.983 443.647 436.481 445.834 439.506 443.318 440.489 430.457
661 384.000 404.497 397.620 393.883 396.738 396.030 395.277 395.135 392.063 402.467 402.474
662 459.000 462.024 464.403 464.065 463.944 466.286 462.276 464.790 484.435 465.373 463.636
663 421.000 355.814 339.564 357.179 355.818 362.218 362.357 357.192 363.253 365.468 353.826
664 481.000 470.182 466.079 469.428 467.489 470.457 467.471 468.690 462.539 470.984 468.199
665 320.000 315.889 314.360 315.948 316.193 315.900 321.040 318.908 317.289 315.910 315.561
666 310.000 362.870 360.450 360.170 367.510 361.606 369.948 341.183 360.923 365.276 370.592
667 402.000 403.825 404.550 405.336 404.953 404.137 404.880 403.259 403.974 404.228 404.657
668 530.000 440.419 443.136 438.806 431.780 428.711 439.742 432.138 439.173 436.717 439.535
669 583.000 572.491 576.390 549.360 556.511 573.240 575.014 575.840 577.681 574.558 575.790
670 421.000 417.509 418.707 419.493 419.246 420.150 420.474 419.547 414.209 419.052 420.173
671 415.000 425.619 425.748 426.457 427.696 423.983 424.471 424.732 427.157 429.888 426.966
672 387.000 394.302 393.217 387.367 388.396 387.711 389.020 388.388 388.188 386.380 390.244
673 584.000 566.990 562.300 550.109 566.421 568.196 565.281 571.981 568.170 568.814 557.990
674 307.000 322.727 319.440 322.175 325.935 322.914 325.951 323.111 324.808 322.838 321.825
675 424.000 419.494 422.363 419.777 418.740 422.174 420.183 421.196 421.367 421.716 422.353
676 449.000 459.112 452.147 454.378 453.531 455.157 451.669 455.203 454.925 452.936 457.998
677 610.000 533.761 533.547 529.420 532.698 539.022 532.362 508.660 529.212 529.559 531.168
678 505.000 507.394 520.326 499.058 498.986 504.586 512.164 502.900 502.528 502.601 508.729
679 408.000 401.988 405.186 406.984 403.374 405.322 404.072 403.040 402.984 404.945 404.376
680 377.000 386.462 386.755 378.932 382.464 385.136 382.798 387.271 383.031 384.501 385.227
681 502.000 465.601 468.517 463.919 469.471 455.483 462.532 458.695 456.061 425.416 459.183
682 319.000 312.823 309.135 310.733 309.123 308.597 309.049 305.522 309.663 308.643 307.944
683 394.000 400.527 410.511 411.435 408.261 407.484 410.754 408.222 407.836 408.886 405.693
684 290.000 313.126 313.422 300.334 310.683 307.488 315.255 305.646 308.165 308.978 315.510
685 407.000 410.621 411.642 409.079 410.645 411.488 411.959 409.711 410.019 409.681 410.534
686 444.000 436.389 429.863 433.650 430.836 430.183 430.440 433.557 436.978 428.625 440.192
687 322.000 329.912 325.989 330.731 320.963 332.068 324.692 331.844 327.576 327.847 330.941
688 331.000 317.988 317.814 321.925 311.224 321.881 316.713 319.038 314.076 315.158 319.061
689 402.000 416.192 411.829 409.472 409.092 410.390 408.445 410.065 408.548 415.450 409.975
690 320.000 323.180 327.066 325.870 325.611 324.281 324.465 325.223 323.941 324.729 325.110
691 386.000 390.732 403.518 388.509 390.615 391.360 388.636 401.181 390.902 390.323 389.387
692 364.000 433.674 433.738 434.049 451.290 433.072 434.437 434.840 437.112 430.000 435.724
693 328.000 315.159 316.556 310.507 311.367 316.321 319.712 313.303 313.066 316.076 317.501
694 312.000 326.451 321.545 314.319 315.220 314.905 321.234 317.130 317.124 317.506 315.391
695 378.000 390.244 390.020 393.811 385.501 383.618 384.807 387.901 392.274 392.009 395.591
696 331.000 326.559 325.177 329.489 324.469 326.405 331.631 329.966 327.311 333.058 328.364
697 330.000 324.297 329.347 323.444 326.910 320.311 316.440 318.805 328.098 316.555 332.345
698 451.000 441.759 444.182 443.560 443.076 440.244 440.152 443.315 445.625 448.937 447.364
699 313.000 349.334 354.965 342.936 353.708 357.749 358.079 347.409 366.185 332.333 350.243
700 408.000 418.106 420.179 421.901 421.392 417.455 421.253 422.946 419.672 419.003 419.650
701 440.000 430.100 430.100 434.196 430.100 431.424 429.899 430.101 430.100 431.640 432.108
702 375.000 368.212 367.170 367.104 361.877 366.575 372.407 364.597 371.513 366.243 372.304
703 462.000 454.046 446.517 454.064 450.715 460.215 455.780 455.251 452.003 456.350 451.762
704 450.000 425.258 431.808 444.813 435.221 425.270 437.356 431.747 436.140 434.027 435.129
705 417.000 420.905 426.056 424.748 422.143 423.847 427.854 423.813 426.439 425.400 426.476
706 452.000 445.255 435.925 441.346 440.743 440.027 438.762 441.782 444.738 442.721 442.942
707 526.000 542.352 523.727 542.706 545.522 531.469 532.207 521.645 528.685 522.811 540.241
708 460.000 459.333 424.338 459.809 447.694 464.285 460.216 460.454 459.924 460.561 462.861
709 428.000 432.303 430.890 430.409 431.105 433.345 433.734 433.473 433.022 431.264 431.436
710 310.000 338.007 348.250 348.597 346.658 356.540 347.520 349.948 348.804 355.855 351.470
711 412.000 401.608 404.424 401.256 402.084 407.172 406.063 404.208 405.492 405.662 396.133
712 320.000 384.044 383.819 387.737 384.246 375.907 394.231 381.907 377.028 383.524 391.307
713 468.000 417.850 429.407 420.412 417.596 421.611 417.650 421.686 421.953 418.013 419.745
714 316.000 326.462 328.627 329.923 323.963 331.938 331.523 326.350 342.858 340.361 338.149
715 602.000 590.359 591.264 591.199 591.808 591.513 591.891 591.361 592.677 590.537 591.907
716 328.000 336.612 332.499 331.548 330.935 329.028 331.937 339.743 338.949 335.349 333.185
717 579.000 568.572 570.212 534.308 565.676 564.049 562.451 559.801 565.965 564.736 570.076
718 354.000 332.133 333.660 336.861 336.336 333.059 339.601 334.360 335.682 336.662 335.512
