data_index Htime.observed Htime.predicted.repeat1 Htime.predicted.repeat2 Htime.predicted.repeat3 Htime.predicted.repeat4 Htime.predicted.repeat5 Htime.predicted.repeat6 Htime.predicted.repeat7 Htime.predicted.repeat8 Htime.predicted.repeat9 Htime.predicted.repeat10
1 4.857 4.819 4.577 4.645 4.580 4.615 4.607 4.639 4.562 4.612 4.584
2 2.679 3.045 3.196 3.224 3.211 3.264 3.213 3.046 3.417 3.435 2.917
3 4.721 4.166 4.344 4.299 4.229 4.323 4.171 4.270 4.219 4.330 4.253
4 4.999 6.463 6.320 6.224 6.088 6.629 6.553 6.225 6.435 6.352 6.288
5 2.954 5.001 5.362 5.065 5.020 4.864 5.179 5.357 5.274 5.087 5.145
6 4.732 4.606 4.638 4.662 4.635 4.615 4.630 4.661 4.541 4.654 4.622
7 2.542 3.251 2.940 2.710 3.236 3.169 3.090 2.977 2.753 3.018 3.139
8 4.437 4.728 4.764 4.927 4.859 4.903 5.008 4.909 4.850 4.986 4.804
9 4.511 4.746 4.785 4.716 4.892 4.807 4.956 4.082 4.633 4.746 4.462
10 4.561 4.504 4.348 4.541 4.481 4.534 4.499 4.477 4.533 4.537 4.453
11 4.515 2.452 2.331 2.908 2.662 2.925 2.687 3.000 3.311 2.820 2.843
12 6.033 5.181 5.164 5.221 5.265 5.243 5.076 5.170 4.891 4.865 5.148
13 4.401 4.738 4.761 4.784 4.848 4.734 4.749 4.746 4.829 4.760 4.869
14 4.565 4.871 4.897 4.804 4.721 4.840 4.759 4.619 4.714 4.647 4.684
15 4.500 2.623 2.582 2.578 2.672 2.597 2.688 2.926 2.684 2.481 2.557
16 4.459 4.810 4.798 4.805 4.932 4.766 4.602 4.776 4.576 4.847 4.911
17 4.782 5.125 5.015 5.109 5.061 4.905 4.953 5.066 5.134 5.054 4.777
18 6.644 4.229 4.219 4.227 4.194 4.093 4.080 3.981 4.056 3.711 4.265
19 4.008 2.932 2.989 2.959 2.967 3.006 2.980 2.939 2.986 2.991 3.002
20 5.749 4.296 4.244 4.244 4.466 4.246 4.304 4.117 4.506 4.317 4.442
21 2.954 4.117 4.157 4.115 4.084 4.035 4.184 4.170 4.063 4.167 4.155
22 4.724 4.609 4.516 4.545 4.574 4.537 4.530 4.600 4.600 4.535 4.558
23 4.861 2.684 2.974 2.696 2.757 2.749 2.888 2.712 2.761 2.768 3.050
24 9.159 7.197 7.664 7.272 7.504 7.254 6.993 6.617 7.298 7.380 7.359
25 2.824 2.998 3.777 3.708 3.481 3.133 3.581 3.255 3.410 3.332 3.503
26 2.235 3.376 3.299 3.423 3.510 3.698 3.007 3.292 3.637 3.369 3.280
27 3.787 3.539 3.802 3.629 3.639 3.623 3.574 3.519 3.792 3.649 3.672
28 -0.165 1.644 0.875 1.064 1.304 1.134 0.737 1.168 1.322 1.195 1.181
29 4.365 2.637 2.949 2.678 2.911 2.703 2.718 2.727 2.741 2.664 2.924
30 6.982 5.950 6.284 5.903 5.908 6.208 5.787 5.807 6.190 5.775 5.442
31 5.556 5.361 5.359 5.405 5.292 5.254 5.303 5.210 5.043 5.372 5.261
32 4.605 4.721 4.761 4.705 4.727 4.729 4.725 4.640 4.651 4.724 4.650
33 2.381 3.388 3.313 3.520 3.073 2.953 3.009 3.167 3.456 3.196 2.765
34 5.016 5.339 5.302 5.010 5.162 5.116 5.184 5.091 5.229 5.191 5.288
35 0.255 4.144 3.827 4.079 4.360 3.731 3.788 3.986 4.215 4.037 3.566
36 5.937 5.393 5.985 5.703 5.876 5.926 5.616 6.013 5.987 5.938 5.286
37 1.196 2.435 2.412 2.556 2.397 2.727 2.497 2.412 2.206 3.181 2.733
38 2.475 1.200 2.005 0.937 0.909 0.954 1.913 1.000 0.921 0.993 1.299
39 3.525 3.770 3.775 4.057 3.673 3.754 3.760 3.651 3.275 3.799 3.877
40 6.946 5.719 6.221 6.149 6.112 6.496 6.211 6.259 6.217 6.434 5.638
41 6.519 5.708 5.701 5.617 5.609 5.749 5.486 5.575 5.676 5.606 5.712
42 2.001 3.151 2.813 3.115 3.096 3.136 3.076 3.369 3.032 2.763 2.706
43 6.167 6.614 6.845 6.843 6.841 6.476 6.758 6.563 6.611 6.502 6.979
44 4.459 5.003 4.404 4.712 4.700 4.620 4.951 4.899 4.936 4.617 4.928
45 4.673 5.034 4.937 4.982 4.995 4.943 5.129 5.045 5.034 4.922 5.012
46 5.617 5.451 5.440 5.531 5.430 5.411 5.312 5.388 5.524 5.423 5.469
47 1.358 2.763 2.734 2.480 2.349 2.531 2.489 2.257 2.789 3.247 2.499
48 4.228 4.990 5.003 5.018 4.969 4.950 5.047 4.959 5.006 4.959 4.984
49 4.475 4.398 4.510 4.274 4.705 4.424 4.386 4.148 4.408 4.429 4.312
50 2.682 2.240 1.829 2.336 1.928 2.053 2.086 2.072 2.023 1.898 1.945
51 4.297 4.261 4.421 4.410 4.181 4.326 4.507 4.358 4.230 4.347 4.282
52 4.702 4.675 4.652 4.651 4.735 4.768 4.712 4.708 4.663 4.693 4.675
53 4.804 3.515 3.729 3.789 3.592 3.807 3.698 3.681 3.676 3.422 3.775
54 4.741 4.953 5.013 4.991 4.943 4.936 5.056 4.969 4.916 4.963 4.968
55 6.083 3.907 3.744 3.700 3.763 3.798 3.714 3.751 3.812 3.929 3.726
56 4.401 3.996 3.967 4.012 4.289 4.448 4.468 4.290 4.289 4.091 4.474
57 6.101 4.894 4.856 4.879 4.856 5.122 5.054 5.160 5.200 4.799 5.184
58 3.561 2.711 3.170 2.892 2.722 2.737 2.966 3.129 2.807 2.490 2.662
59 4.376 4.417 4.406 4.155 3.913 4.093 4.624 4.354 4.469 4.092 4.091
60 7.960 7.030 7.019 7.052 6.914 6.971 6.924 6.186 6.891 6.971 6.938
61 2.475 3.231 3.486 3.516 3.223 3.337 3.171 3.213 3.231 3.429 3.262
62 4.183 2.955 2.911 2.897 3.404 2.792 2.877 2.991 3.099 2.875 3.018
63 2.857 3.597 3.108 2.665 3.224 3.461 2.826 2.843 2.982 3.261 3.374
64 0.776 1.084 1.998 2.112 2.086 1.928 2.141 2.156 1.828 2.187 2.127
65 6.190 5.346 5.307 5.274 5.324 5.241 5.333 5.270 5.159 5.261 5.312
66 5.520 4.927 4.895 4.941 5.002 4.980 4.993 4.998 5.079 4.959 4.996
67 4.613 4.476 4.667 4.479 4.503 4.469 4.515 4.549 4.618 4.474 4.635
68 0.670 2.386 2.713 2.326 2.426 2.362 2.418 2.331 2.452 2.580 2.561
69 6.056 5.392 5.318 5.311 5.335 5.225 5.267 5.378 5.166 5.395 5.385
70 4.598 5.048 5.117 5.061 5.052 5.041 5.123 5.052 5.040 5.062 5.029
71 5.317 6.217 6.186 6.070 6.160 6.295 6.322 6.187 6.148 5.479 6.415
72 4.635 5.665 5.481 5.998 5.874 5.814 5.819 5.879 5.701 5.843 5.764
73 4.529 4.155 4.193 4.139 3.881 4.136 4.081 4.078 4.043 4.204 4.223
74 5.700 5.808 5.832 6.110 5.945 5.771 5.855 5.795 5.845 5.902 6.015
75 0.325 3.735 3.336 3.586 3.443 3.068 3.179 3.966 3.395 3.263 3.628
76 3.984 3.818 4.147 4.143 4.181 3.946 3.861 4.213 3.759 3.864 4.093
77 2.208 3.569 3.212 2.975 2.985 3.375 3.063 3.666 3.567 3.018 2.989
78 1.653 3.919 3.889 3.780 3.875 3.821 3.815 3.915 3.694 3.856 3.805
79 0.088 3.761 3.678 3.726 3.335 3.682 3.765 3.732 3.801 3.759 3.750
80 4.196 2.735 2.657 3.526 2.845 3.099 3.011 2.731 2.762 2.827 2.966
81 5.336 5.287 5.412 5.462 5.320 5.434 5.467 5.335 5.165 5.332 5.335
82 1.105 2.552 2.797 2.475 2.524 2.443 2.586 2.837 2.809 2.827 2.602
83 5.846 3.454 3.102 3.427 3.245 2.852 3.348 3.427 3.164 3.295 3.291
84 4.113 3.987 4.003 3.990 4.110 3.966 4.037 4.230 3.984 4.190 4.065
85 2.631 3.633 3.589 3.177 3.092 3.591 3.241 3.398 3.102 3.302 3.610
86 6.261 6.197 6.203 6.197 6.362 6.153 6.232 6.219 6.222 6.243 6.299
87 5.048 5.271 5.227 5.008 5.048 5.306 5.229 5.126 5.039 5.167 5.090
88 4.858 4.886 5.084 5.036 5.019 5.033 5.143 5.029 4.977 5.016 4.926
89 4.779 4.636 4.716 4.622 4.622 4.646 4.641 4.742 4.653 4.666 4.676
90 3.835 4.519 5.024 4.889 4.773 4.721 4.650 4.822 4.618 5.220 4.814
91 5.064 2.567 2.701 2.762 2.932 2.724 2.823 2.804 2.719 2.966 3.060
92 4.003 3.999 3.881 3.803 3.778 3.834 3.836 3.848 3.802 3.761 3.684
93 3.404 4.518 4.198 4.588 4.792 4.691 4.537 4.368 4.624 4.597 4.511
94 4.951 4.713 4.473 4.524 4.455 4.562 4.419 4.643 4.448 4.525 4.478
95 5.505 4.586 4.424 4.453 4.337 4.358 5.503 4.466 4.545 4.457 4.444
96 1.857 4.667 3.622 4.346 3.927 4.280 4.396 4.261 4.327 4.492 4.435
97 4.632 5.002 5.325 5.369 5.413 5.339 5.359 5.337 5.392 5.214 5.350
98 5.177 5.361 5.433 5.541 5.373 5.531 5.408 5.412 5.420 5.422 5.437
99 5.978 5.333 5.387 5.210 6.093 5.180 5.207 5.389 5.368 5.587 5.227
100 4.146 2.727 2.741 2.745 3.192 2.848 2.834 2.752 2.786 2.896 2.877
101 4.954 5.067 5.184 5.026 5.053 5.062 5.097 5.043 5.237 5.051 5.052
102 5.806 5.222 5.394 5.421 5.056 5.399 5.266 5.142 5.435 5.167 5.218
103 5.033 4.609 4.617 4.614 4.624 4.635 4.635 4.618 4.603 4.649 4.616
104 4.395 3.949 3.973 3.936 4.201 3.910 3.795 3.943 3.898 3.871 3.958
105 5.093 3.090 2.967 2.920 3.039 2.986 2.971 2.891 2.967 3.110 2.796
106 3.250 4.415 4.544 4.204 4.667 4.268 4.408 4.350 4.449 4.329 4.451
107 2.760 3.958 3.879 3.988 3.772 3.875 3.773 3.876 3.876 3.905 3.960
108 1.182 3.500 3.785 2.158 3.592 3.715 3.739 3.621 3.515 3.700 3.611
109 4.028 4.689 4.728 4.652 4.913 4.707 4.841 4.569 4.723 4.619 4.597
110 5.190 3.462 4.207 3.377 4.375 3.281 3.456 3.344 3.334 3.505 3.314
111 4.988 4.939 4.943 5.106 4.932 4.939 4.934 4.883 4.917 4.936 4.923
112 6.799 6.759 6.605 6.569 6.934 6.953 6.329 6.619 6.939 6.373 6.879
113 5.414 2.052 2.091 2.762 3.227 2.476 2.522 2.619 3.783 2.672 2.556
114 4.414 3.613 3.662 3.675 3.661 4.081 3.778 3.760 3.791 3.830 3.722
115 5.635 5.002 4.996 4.994 5.043 5.127 5.016 4.904 5.137 5.005 5.057
116 4.883 3.708 3.688 3.477 3.514 3.551 3.445 3.422 3.331 3.582 3.414
117 4.712 4.136 3.632 3.709 3.735 3.810 4.172 3.858 3.817 3.904 3.995
118 4.758 4.907 4.914 4.901 4.948 4.869 4.882 4.819 4.874 4.873 4.820
119 3.147 3.022 3.710 3.736 3.536 3.064 3.553 3.450 3.711 3.241 3.218
120 5.580 5.875 5.828 5.643 5.433 5.761 5.931 5.735 5.833 5.792 5.753
