data_index lambdaa.observed lambdaa.predicted.repeat1 lambdaa.predicted.repeat2 lambdaa.predicted.repeat3 lambdaa.predicted.repeat4 lambdaa.predicted.repeat5 lambdaa.predicted.repeat6 lambdaa.predicted.repeat7 lambdaa.predicted.repeat8 lambdaa.predicted.repeat9 lambdaa.predicted.repeat10
1 342.000 354.924 357.962 370.814 365.753 365.668 354.627 361.308 357.062 360.970 352.298
2 336.000 342.784 342.281 343.041 347.047 338.013 345.397 342.039 343.701 347.966 346.074
3 434.000 412.637 413.940 403.882 407.557 398.177 407.989 407.028 415.529 403.978 409.475
4 320.000 326.639 330.367 327.061 327.118 327.001 329.494 331.713 326.916 329.761 328.099
5 317.000 347.769 343.688 341.271 335.717 346.414 340.925 349.071 342.977 351.240 349.876
6 432.000 446.382 453.212 448.162 454.552 453.442 451.643 452.022 452.121 453.741 449.247
7 419.000 434.337 433.408 433.384 428.623 425.630 432.144 431.971 429.768 431.186 429.952
8 554.000 534.298 535.753 521.094 532.283 536.650 526.858 525.863 529.590 537.364 536.407
9 438.000 452.717 458.332 469.073 462.936 461.272 444.659 458.424 459.804 457.921 453.316
10 315.000 329.577 328.960 327.142 327.684 328.144 328.281 324.674 326.442 328.138 327.900
11 325.000 345.924 355.379 356.474 353.580 352.482 349.061 349.376 352.119 350.467 352.976
12 492.000 406.760 417.819 414.792 416.840 425.888 407.626 416.624 415.921 423.702 413.583
13 370.000 377.195 372.436 372.826 376.867 366.737 372.946 371.931 368.935 366.414 368.727
14 424.000 418.478 421.599 420.073 414.586 423.505 418.665 414.247 419.127 421.009 416.185
15 400.000 398.978 401.383 400.040 398.548 401.050 398.578 395.021 402.299 402.322 397.942
16 406.000 404.068 401.874 401.132 407.018 398.580 398.610 398.024 400.916 400.852 401.828
17 429.000 422.214 416.568 413.777 428.225 422.334 426.552 415.777 411.978 425.890 427.458
18 450.000 446.718 455.320 452.768 436.974 439.577 447.227 442.764 453.521 445.697 450.299
19 342.000 359.852 352.767 353.827 349.393 357.070 360.149 351.726 352.905 356.655 355.806
20 302.000 386.731 378.489 376.547 374.927 383.189 372.640 379.585 371.233 379.572 371.283
21 437.000 423.121 416.317 412.598 419.038 419.160 424.070 409.699 423.755 409.509 417.418
22 407.000 415.941 414.843 415.373 415.409 417.728 413.438 412.023 416.091 414.203 415.900
23 384.000 379.369 380.867 381.168 381.447 385.718 385.203 387.347 385.694 381.214 383.317
24 371.000 378.540 384.246 386.909 382.693 386.870 391.182 385.136 387.144 387.029 387.048
25 417.000 368.751 366.243 364.775 361.968 359.159 361.606 352.423 361.892 365.640 361.263
26 425.000 420.251 421.196 430.037 425.395 423.470 427.975 423.670 422.836 418.113 420.227
27 350.000 356.111 344.848 350.816 347.017 352.472 354.011 354.871 358.365 348.847 354.200
28 444.000 422.124 427.388 410.258 420.269 421.046 423.423 419.768 422.329 421.769 425.273
29 379.000 465.217 460.237 459.897 480.278 463.440 458.360 447.714 460.448 466.524 453.659
30 400.000 419.220 418.097 418.512 415.731 417.379 415.165 414.819 415.946 420.059 417.138
31 378.000 426.064 437.115 428.379 441.163 431.217 425.413 441.011 436.197 423.463 423.898
32 364.000 363.712 378.065 377.386 374.005 373.830 371.926 373.449 375.060 376.108 376.037
33 360.000 354.037 353.346 352.113 352.906 352.656 349.048 355.285 353.730 352.464 352.219
34 382.000 397.437 387.332 402.275 401.043 394.299 406.794 378.501 384.802 401.499 385.264
35 527.000 489.397 483.995 487.969 489.705 497.126 479.522 479.286 478.432 498.799 496.106
36 408.000 405.038 402.677 405.390 399.100 404.665 398.918 401.997 402.624 404.207 406.857
37 421.000 391.856 390.461 386.402 393.676 390.673 390.922 391.932 385.910 398.117 388.156
38 346.000 356.259 350.773 349.777 353.720 349.179 352.505 355.347 360.437 355.806 350.083
39 478.000 515.555 507.995 517.091 517.442 516.328 502.794 514.794 508.338 512.225 518.442
40 420.000 417.719 419.861 421.662 422.016 422.335 418.831 415.211 421.252 417.575 414.123
41 430.000 455.412 451.266 449.911 455.877 461.633 447.607 454.253 455.408 448.776 443.821
42 623.000 563.877 548.892 550.491 544.514 555.851 547.303 562.468 549.874 548.781 549.864
43 457.000 450.259 446.640 443.935 448.059 445.173 451.265 445.695 444.177 441.537 439.540
44 424.000 443.087 439.432 434.124 446.929 436.712 442.112 439.282 449.969 443.030 452.834
45 456.000 443.194 448.448 449.451 448.247 451.885 452.066 439.669 441.630 453.409 449.477
46 411.000 408.735 403.879 409.039 407.545 408.386 406.816 411.522 415.014 403.322 406.486
47 413.000 428.544 424.086 429.697 437.029 418.093 422.171 429.932 428.649 423.593 429.190
48 332.000 347.564 341.421 344.357 345.325 341.039 347.501 342.545 343.367 342.457 343.088
49 489.000 484.063 484.841 477.595 485.892 483.366 479.480 481.084 485.392 481.572 479.895
50 425.000 404.641 409.698 417.729 421.371 418.129 421.667 423.230 406.865 414.036 408.840
51 359.000 376.512 374.693 378.195 373.072 373.619 376.197 375.195 379.908 376.825 374.683
52 418.000 414.706 418.325 415.427 414.638 418.993 416.655 409.724 415.039 417.682 416.447
53 325.000 332.869 334.565 333.121 332.676 332.983 335.690 334.849 330.816 331.253 331.751
54 447.000 443.048 434.627 434.044 441.804 428.525 436.451 432.308 437.807 435.523 443.376
55 464.000 464.970 483.816 469.339 485.057 484.356 472.960 473.752 470.769 467.110 464.850
56 431.000 434.097 436.239 434.284 434.618 437.499 430.459 429.335 433.431 444.171 431.886
57 332.000 349.321 368.879 351.131 349.178 365.381 350.100 345.887 352.448 378.916 350.620
58 329.000 396.519 400.855 406.347 399.933 405.692 396.980 407.817 404.858 391.193 409.905
59 315.000 339.673 341.666 332.459 342.725 337.819 343.075 346.065 332.309 337.331 340.216
60 396.000 403.561 414.792 412.713 416.865 413.090 406.123 419.523 414.302 415.307 412.801
61 390.000 372.371 366.471 369.153 370.507 367.810 371.662 373.011 373.976 372.638 372.722
62 423.000 432.532 432.731 436.858 436.307 429.885 436.145 426.195 423.779 428.584 426.950
63 430.000 450.268 442.189 451.253 440.682 448.279 446.250 441.966 449.931 442.907 453.017
64 429.000 432.051 429.541 434.618 428.544 428.675 427.513 426.901 436.001 426.720 433.616
65 467.000 430.591 423.453 429.789 426.630 427.402 426.174 429.043 417.115 417.769 423.499
66 602.000 500.229 503.126 528.379 499.125 507.645 517.903 521.181 514.489 507.522 512.154
67 461.000 454.554 448.191 439.377 451.478 439.456 446.412 435.706 452.759 446.834 449.865
68 342.000 336.391 336.675 336.429 336.479 336.922 337.856 335.731 336.956 335.056 335.348
69 545.000 472.824 496.472 485.028 470.360 481.367 462.165 469.993 431.741 473.930 470.996
70 415.000 411.587 416.180 413.184 413.795 416.671 416.023 416.753 413.829 417.863 413.802
71 365.000 376.790 385.959 384.216 386.772 378.031 379.457 395.607 391.441 385.051 378.402
72 429.000 458.219 452.795 447.575 465.761 451.282 452.595 450.384 448.148 444.055 455.813
73 336.000 336.595 333.954 336.707 340.588 335.496 338.410 336.444 338.973 336.564 339.802
74 302.000 347.351 343.163 338.397 340.303 348.188 346.343 341.229 342.736 345.133 334.841
75 426.000 433.530 441.042 436.324 438.134 439.046 440.073 436.117 435.856 432.799 434.785
76 364.000 378.612 377.433 377.383 377.685 380.497 379.203 374.788 387.639 371.455 377.327
77 451.000 420.261 418.033 415.750 422.250 422.769 418.736 417.773 416.797 420.587 417.767
78 573.000 561.417 551.400 546.948 534.594 557.767 560.647 560.288 561.786 542.039 551.759
79 447.000 435.651 435.156 435.088 432.204 431.013 436.570 433.517 434.416 432.779 436.583
80 322.000 365.271 364.149 356.005 363.690 359.984 359.286 361.704 363.240 364.636 363.272
81 586.000 541.735 521.670 540.473 545.079 528.747 538.474 539.243 551.184 520.030 546.780
82 459.000 414.373 419.382 428.460 412.545 420.767 416.517 427.785 420.020 424.623 418.762
83 405.000 425.583 424.980 425.926 426.702 431.741 429.137 423.267 429.439 446.872 429.540
84 434.000 429.271 427.588 427.133 429.928 428.511 427.819 427.745 431.269 428.681 432.731
85 441.000 450.747 451.279 450.679 449.041 450.148 460.543 440.697 445.243 462.114 451.237
86 403.000 413.837 411.246 410.692 412.808 410.399 410.688 412.271 410.197 411.897 412.501
87 450.000 428.638 427.248 424.050 432.725 431.309 430.743 430.008 431.917 430.436 424.750
88 372.000 356.467 359.577 358.115 356.841 357.078 353.793 358.400 361.342 352.019 361.043
89 400.000 437.123 430.352 430.226 424.924 424.719 431.626 417.706 433.417 432.077 438.006
90 545.000 548.725 545.822 541.511 541.212 545.928 546.940 543.328 548.338 546.749 543.189
91 411.000 396.982 393.851 398.534 395.739 395.393 384.121 390.652 389.787 396.787 397.688
92 344.000 352.353 354.351 352.786 349.423 352.297 352.138 356.396 353.510 354.144 354.549
93 502.000 514.442 508.958 499.200 509.719 517.924 510.253 502.521 512.708 510.362 510.455
94 401.000 410.431 418.361 415.554 419.226 434.052 416.530 424.271 418.725 421.136 415.640
95 407.000 414.814 413.657 416.627 421.391 418.356 417.182 416.052 419.612 412.671 417.462
96 444.000 435.254 432.979 437.632 431.727 436.628 433.270 433.202 438.378 435.882 432.576
97 321.000 330.475 327.518 332.869 330.653 334.987 333.728 331.888 332.481 329.123 325.490
98 584.000 563.321 574.954 572.633 563.742 569.098 569.540 577.297 567.160 570.467 570.634
99 480.000 533.175 527.634 526.637 558.034 520.764 513.403 530.284 525.417 560.783 522.947
100 510.000 482.420 472.578 473.337 471.198 485.754 458.470 475.937 476.086 481.387 485.354
101 408.000 410.477 412.060 399.452 408.584 404.103 403.650 397.231 397.701 407.773 406.750
102 323.000 339.445 339.142 340.672 339.451 342.999 340.358 340.380 339.956 341.346 337.545
103 438.000 454.199 446.020 444.663 444.868 443.904 440.994 451.343 442.585 445.275 444.818
104 417.000 418.610 418.811 421.277 414.235 419.467 419.619 419.952 418.377 425.833 418.031
105 429.000 413.302 421.012 420.829 422.737 417.993 415.955 422.856 419.618 419.406 420.353
106 434.000 429.606 424.005 430.256 428.811 436.693 432.894 430.406 432.823 432.168 431.556
107 442.000 421.766 421.092 422.013 422.668 424.205 421.247 426.997 422.999 417.121 421.369
108 410.000 415.906 415.751 414.836 416.321 415.203 418.096 417.616 413.026 419.017 415.310
109 335.000 400.658 400.566 394.625 404.074 407.924 408.729 401.664 396.891 411.773 406.249
110 515.000 503.101 497.032 506.643 505.492 501.021 494.948 505.739 506.589 497.729 497.744
111 400.000 399.909 399.154 396.499 400.234 397.128 400.298 402.397 400.483 399.277 401.810
112 429.000 418.523 425.544 429.469 427.022 426.533 420.102 426.207 423.382 421.870 428.178
113 432.000 432.069 429.230 431.836 438.880 422.869 432.151 429.947 431.616 427.122 424.619
114 335.000 331.794 332.802 332.148 331.261 333.476 334.076 336.478 333.822 333.229 333.308
115 395.000 420.708 408.885 416.451 424.973 423.862 416.355 421.442 411.660 423.923 424.873
116 341.000 347.287 340.959 344.413 351.025 345.666 347.115 344.849 346.057 346.542 347.921
117 425.000 429.287 422.447 417.179 428.152 423.432 419.503 421.599 425.766 428.319 425.865
118 351.000 354.709 356.165 359.944 362.938 363.708 359.237 363.566 355.397 353.756 356.396
119 315.000 322.928 323.664 323.878 325.382 324.788 322.435 325.614 322.207 325.088 322.843
120 320.000 396.984 403.918 393.123 414.266 388.778 409.216 394.140 400.001 388.460 393.955
121 588.000 555.495 557.281 558.764 557.157 563.006 559.269 523.525 553.169 559.166 559.803
122 469.000 463.054 455.834 466.524 489.559 473.301 456.298 484.731 470.397 466.573 456.449
123 321.000 361.936 361.869 362.796 358.643 355.898 359.185 355.167 354.515 354.794 364.037
124 310.000 453.706 456.765 447.738 461.851 447.075 457.347 456.078 439.153 452.023 456.298
125 362.000 339.169 330.283 331.074 344.648 335.867 338.898 339.296 343.148 340.470 333.493
126 332.000 407.986 405.101 407.915 384.786 391.706 396.292 406.407 397.556 402.883 394.743
127 307.000 376.806 358.856 360.796 357.208 364.994 355.816 360.823 350.502 356.635 355.507
128 400.000 398.928 401.291 401.380 400.607 400.496 398.375 400.530 402.545 400.424 396.753
129 490.000 477.417 467.121 479.574 464.200 467.744 470.385 470.428 464.278 476.182 467.728
130 354.000 352.778 353.122 351.173 348.180 350.287 354.844 351.797 351.182 348.500 347.286
131 326.000 348.054 353.996 347.474 349.283 347.123 351.935 351.801 353.992 354.935 353.596
132 326.000 353.169 345.026 350.926 351.480 357.496 347.713 352.594 352.954 350.684 349.428
133 409.000 416.063 416.318 413.678 421.227 414.271 418.043 414.377 417.881 416.127 416.409
134 562.000 434.079 447.870 435.577 436.231 440.129 451.196 435.837 440.289 450.573 432.054
135 332.000 362.925 368.404 364.489 355.689 351.740 362.708 357.276 350.528 348.023 364.497
136 472.000 418.894 435.609 440.943 436.963 441.783 426.135 438.162 440.670 445.927 443.181
137 405.000 416.723 415.850 415.689 418.053 418.660 417.994 416.481 419.448 418.433 419.690
138 394.000 405.809 401.950 403.467 402.878 402.692 404.512 406.826 406.713 406.912 406.044
139 324.000 347.223 351.265 348.387 353.400 345.705 349.746 342.089 348.262 346.046 349.332
140 555.000 536.369 541.178 543.304 532.862 535.734 537.621 531.636 534.359 535.890 543.295
141 324.000 338.830 337.812 339.788 339.346 339.944 340.559 334.651 338.106 337.521 336.298
142 422.000 436.406 431.010 431.853 429.409 434.011 438.732 432.093 433.791 439.523 432.541
143 429.000 406.702 409.303 409.405 404.149 408.142 407.822 405.827 401.395 408.599 404.499
144 314.000 376.167 392.227 393.699 391.369 413.345 401.472 381.661 406.635 384.654 399.008
145 445.000 407.861 409.769 410.263 413.678 409.885 401.927 414.697 404.798 398.511 403.193
146 420.000 412.739 416.381 418.553 418.654 415.383 418.433 417.464 420.971 414.440 419.890
147 350.000 356.020 352.809 352.651 356.527 351.263 350.390 350.498 349.197 356.046 351.815
148 381.000 386.670 386.455 376.528 374.021 377.292 376.789 383.478 379.538 375.482 378.097
149 340.000 343.710 343.319 340.686 342.048 344.758 348.351 340.701 342.617 346.321 344.499
150 462.000 444.069 448.255 457.166 444.310 455.801 458.555 453.417 453.413 448.106 447.639
151 545.000 517.224 524.317 522.985 525.439 522.603 534.982 525.183 528.813 524.664 527.205
152 401.000 389.093 388.937 386.919 387.228 386.593 390.839 389.848 394.349 387.005 387.924
153 450.000 447.819 469.227 459.796 458.852 460.257 472.461 467.677 463.810 471.954 460.398
154 495.000 506.042 505.523 512.898 500.904 502.837 508.868 499.203 495.751 492.214 505.049
155 415.000 411.008 405.758 407.141 412.847 406.693 414.082 404.704 404.950 417.577 414.016
156 580.000 505.371 511.930 502.867 502.384 509.113 500.352 496.624 499.562 501.046 522.479
157 412.000 410.632 410.127 414.573 417.580 406.882 413.633 408.925 414.193 413.014 413.231
158 446.000 460.074 463.826 452.107 456.290 453.766 453.136 448.460 461.306 447.508 467.706
159 330.000 340.713 342.570 343.318 341.435 340.639 345.657 342.089 341.956 345.167 340.875
160 325.000 345.017 341.425 345.304 341.423 345.354 343.671 346.573 342.126 347.176 339.008
161 316.000 355.705 362.613 367.013 370.031 383.635 364.061 356.765 371.278 353.009 369.214
162 408.000 401.162 400.033 400.642 401.036 404.486 408.871 399.876 400.437 404.971 401.343
163 428.000 406.537 399.406 407.719 401.405 404.786 406.369 404.623 406.763 402.817 407.271
164 396.000 474.106 478.529 475.349 483.617 473.804 475.310 478.787 469.408 473.020 466.621
165 385.000 344.480 347.437 345.249 347.197 346.050 349.619 345.687 342.868 347.135 348.386
166 335.000 337.672 334.830 335.135 336.717 335.364 338.118 338.202 338.746 338.215 335.412
167 339.000 330.563 329.181 332.802 331.242 332.583 332.154 333.077 330.567 330.220 330.148
168 419.000 445.505 438.057 444.782 440.098 440.568 446.267 446.074 438.625 445.761 444.185
169 321.000 322.087 323.353 320.560 323.043 321.819 322.437 321.371 321.781 322.210 321.879
170 419.000 417.775 416.095 416.987 417.163 416.603 414.643 415.834 415.768 418.663 419.063
171 423.000 422.148 422.034 420.308 419.182 418.638 424.067 423.778 419.700 417.768 418.794
172 416.000 425.663 422.951 423.386 418.093 423.790 433.877 426.503 426.718 421.048 426.784
173 434.000 437.096 434.228 426.029 422.065 425.617 427.158 432.537 437.168 439.256 423.546
174 329.000 346.726 345.017 346.727 348.228 345.746 346.341 340.294 345.883 351.837 351.064
175 450.000 444.198 436.943 442.596 441.317 437.027 448.003 444.756 438.524 431.404 445.262
176 333.000 343.147 345.485 348.024 348.627 346.311 349.241 343.935 350.770 346.279 350.234
177 420.000 411.563 405.434 415.118 413.547 413.519 413.827 415.158 417.426 417.424 416.388
178 315.000 350.599 346.433 348.638 344.136 344.321 343.602 343.828 341.766 347.242 348.093
179 349.000 348.700 364.635 355.693 354.576 352.815 343.463 346.735 355.320 356.261 350.773
180 431.000 420.938 414.170 412.451 414.372 410.621 414.234 410.496 413.461 413.555 413.085
181 407.000 407.338 409.380 407.672 411.884 408.404 409.723 407.818 411.724 409.049 414.515
182 424.000 421.379 420.248 417.867 421.827 420.330 417.187 417.143 420.375 421.308 416.852
183 425.000 415.678 420.535 414.421 414.161 422.168 421.350 423.013 423.045 416.088 420.365
184 588.000 550.191 550.740 561.980 542.710 547.707 560.571 544.584 566.138 551.483 565.469
185 332.000 349.914 352.532 345.227 350.256 354.505 348.330 352.629 348.959 357.555 357.281
186 379.000 415.218 412.313 410.089 413.002 411.264 416.765 420.361 410.133 417.664 413.422
187 586.000 560.127 570.689 557.117 561.573 543.828 546.979 576.531 572.944 571.773 564.149
188 528.000 517.974 502.020 515.228 517.218 508.188 519.254 523.491 511.951 525.601 507.945
189 425.000 418.176 416.192 412.523 414.505 427.219 420.059 417.037 416.507 408.969 419.592
190 398.000 390.266 394.582 391.209 391.989 389.086 393.006 388.744 389.708 396.340 387.284
191 492.000 487.987 491.444 488.915 496.446 494.188 489.845 496.771 491.759 487.351 488.069
192 395.000 406.228 405.883 410.513 412.237 409.415 407.998 407.898 411.177 407.849 407.473
193 503.000 438.594 438.070 441.526 430.948 446.503 450.309 430.834 445.013 443.018 442.059
194 402.000 414.497 414.131 413.246 414.044 414.942 414.424 413.632 415.218 415.666 417.300
195 316.000 334.430 338.900 339.787 339.376 334.817 336.786 337.974 338.668 337.451 337.833
196 537.000 511.754 527.543 517.086 514.239 516.306 503.996 521.137 520.186 522.781 519.679
197 426.000 419.880 421.438 422.666 427.035 417.233 415.596 422.940 416.756 420.712 420.127
198 414.000 442.986 442.462 443.320 442.759 444.823 442.437 439.118 439.787 442.611 441.137
199 460.000 523.838 524.050 507.754 550.865 521.301 523.314 517.589 521.105 555.866 526.827
200 438.000 431.144 434.570 436.878 421.288 433.875 435.579 433.525 435.243 429.875 434.094
201 418.000 418.847 421.994 417.850 422.068 418.796 414.571 416.852 421.374 418.121 420.231
202 432.000 391.921 398.815 390.433 386.927 391.269 383.842 384.111 387.518 383.560 385.260
203 422.000 420.904 425.441 420.714 429.574 428.384 421.011 427.860 422.789 423.723 419.080
204 450.000 438.119 435.208 436.232 445.618 438.536 439.995 439.785 429.305 434.241 435.767
205 362.000 375.315 376.714 371.521 367.316 375.006 373.131 375.470 381.412 374.840 366.410
206 500.000 431.657 423.877 433.607 434.518 424.921 436.617 442.908 437.596 430.015 438.945
207 361.000 376.290 381.788 382.896 377.456 377.709 385.070 373.653 380.219 374.726 369.854
208 439.000 435.662 447.316 445.803 454.202 429.234 440.874 443.435 433.362 436.011 443.342
209 382.000 419.372 429.378 416.508 418.308 424.271 425.962 427.929 423.640 431.698 428.447
210 446.000 456.440 441.670 464.557 448.399 450.042 450.467 446.716 446.514 471.671 451.406
211 420.000 428.824 431.912 432.788 435.074 422.769 432.197 425.285 433.536 434.749 430.462
212 420.000 423.357 421.696 423.719 424.865 423.536 420.672 423.047 422.411 424.620 423.756
213 488.000 403.901 415.141 404.318 405.527 410.172 407.154 408.325 398.444 415.019 400.084
214 395.000 404.201 404.153 404.061 403.767 398.882 403.127 404.296 404.223 402.734 406.009
215 399.000 409.382 406.224 408.078 409.256 411.232 408.976 409.997 410.215 411.093 409.737
216 356.000 355.161 349.022 350.524 360.266 349.126 352.637 352.320 356.428 351.703 347.172
217 440.000 447.258 441.430 446.649 452.219 441.963 441.228 451.682 448.978 459.297 446.425
218 342.000 400.748 414.632 430.841 411.560 418.555 408.463 404.815 414.078 402.893 410.098
219 535.000 482.263 463.061 458.327 475.612 480.997 475.322 475.114 464.916 463.946 466.378
220 525.000 494.724 484.138 493.376 486.509 479.921 467.422 492.845 474.188 496.227 504.145
221 526.000 515.353 515.893 512.131 516.250 517.118 518.945 521.924 515.851 513.290 513.839
222 318.000 341.991 345.408 342.359 342.156 340.806 339.162 344.317 338.351 341.409 341.008
223 518.000 435.822 454.311 445.256 449.215 450.475 458.854 451.261 453.462 464.281 450.609
224 366.000 359.140 363.763 358.304 361.743 362.211 367.871 359.672 360.625 361.491 360.187
225 349.000 370.528 365.606 366.707 366.461 364.712 370.995 362.615 369.816 366.958 362.163
226 396.000 400.006 399.877 401.092 402.186 402.742 402.097 401.765 402.034 401.656 401.375
227 380.000 361.487 364.605 361.796 363.910 361.512 360.337 365.128 360.495 359.746 359.647
228 375.000 372.455 377.378 376.262 376.517 370.129 374.708 366.482 369.691 371.672 369.590
229 455.000 454.742 444.920 447.876 450.330 450.620 451.827 446.437 447.506 448.492 452.790
230 428.000 400.686 411.033 408.972 408.323 405.318 414.996 406.074 405.837 415.418 415.484
231 334.000 332.021 331.971 331.441 332.327 331.258 332.211 331.161 330.949 330.688 332.828
232 337.000 339.420 333.621 338.261 342.414 341.099 339.748 334.714 334.094 341.552 331.992
233 418.000 426.659 428.498 427.421 428.468 436.698 433.740 428.472 422.521 430.950 439.378
234 310.000 355.137 352.619 357.702 348.043 353.390 340.879 344.555 347.177 355.781 340.711
235 395.000 404.828 402.986 399.835 400.183 401.100 401.852 402.882 401.285 402.853 400.360
236 450.000 424.969 416.355 405.476 419.886 422.339 426.552 424.641 426.815 419.438 404.828
237 368.000 367.537 356.518 363.664 362.196 364.150 360.240 362.822 359.217 358.059 361.835
238 468.000 445.928 448.986 446.641 452.065 451.087 453.761 445.198 440.368 439.637 450.253
239 305.000 329.908 334.504 335.197 333.644 329.807 327.614 331.347 330.038 330.178 329.820
240 303.000 337.455 350.462 355.083 341.941 345.413 344.549 342.293 340.469 342.637 336.922
241 316.000 334.594 345.115 336.599 336.325 338.969 335.277 329.557 330.427 336.688 338.919
242 360.000 347.054 350.815 358.751 350.398 358.336 353.746 352.789 349.580 352.552 351.526
243 466.000 441.181 444.353 449.582 435.995 438.915 445.525 447.223 446.138 446.263 448.373
244 422.000 421.609 428.654 427.017 421.080 430.600 439.978 424.113 426.922 424.764 432.637
245 418.000 394.957 396.360 401.427 397.370 394.329 401.714 400.036 405.906 398.967 395.859
246 409.000 417.771 416.280 415.326 414.410 417.512 419.947 415.725 419.507 414.862 418.207
247 326.000 371.231 365.879 363.636 366.740 368.322 375.252 373.743 377.996 360.939 372.684
248 328.000 371.026 366.277 376.843 375.362 371.131 375.203 364.005 371.514 372.147 368.022
249 369.000 377.515 390.967 385.804 379.050 380.690 387.717 369.655 370.786 383.281 381.684
250 346.000 350.524 355.223 353.107 353.496 353.544 351.842 355.896 348.266 352.313 352.781
251 407.000 413.310 415.804 408.211 413.437 413.399 411.243 412.868 416.065 412.922 408.975
252 414.000 382.354 374.264 380.669 380.515 386.452 378.494 381.206 379.426 376.261 374.441
253 501.000 466.985 468.475 461.316 469.331 470.787 471.237 466.739 470.527 463.505 471.983
254 421.000 423.023 419.486 419.489 423.808 419.206 417.267 420.122 418.483 420.373 421.723
255 316.000 350.186 345.660 343.200 348.927 348.494 344.794 351.436 346.887 362.445 341.818
256 328.000 337.832 338.879 333.310 341.508 339.055 335.563 337.951 335.758 339.493 334.344
257 445.000 488.628 483.327 476.309 495.596 492.505 493.643 485.880 487.867 483.306 484.344
258 371.000 403.476 391.853 388.456 398.505 389.722 398.429 390.974 395.823 385.133 389.730
259 484.000 415.917 406.421 412.105 410.915 405.706 411.779 416.330 412.313 414.793 418.836
260 418.000 414.398 411.053 414.295 417.593 417.819 420.829 410.399 413.867 412.919 414.130
261 371.000 368.336 369.047 374.332 370.340 361.421 370.400 363.369 363.942 373.058 366.523
262 331.000 339.113 340.159 344.615 347.249 339.474 346.238 344.675 339.541 340.862 345.306
263 586.000 549.568 549.923 541.768 539.233 539.506 546.952 547.524 547.044 548.664 546.025
264 434.000 432.583 434.331 429.764 432.480 436.090 436.461 425.756 435.247 438.924 430.640
265 412.000 431.054 425.609 429.976 432.330 433.024 433.814 432.973 426.459 432.222 430.295
266 483.000 411.199 421.187 418.264 419.954 419.510 414.251 408.251 408.926 422.487 421.537
267 393.000 394.015 384.115 389.576 393.938 392.274 389.790 388.148 380.610 387.805 390.498
268 386.000 387.825 386.463 383.139 384.620 395.568 381.626 383.792 393.396 384.252 387.027
269 344.000 378.529 379.207 362.139 378.600 390.229 385.742 366.146 370.157 385.195 370.708
270 392.000 386.343 378.134 379.413 379.485 386.890 386.557 377.286 372.842 374.860 379.438
271 460.000 457.703 455.987 448.117 466.360 456.912 453.748 453.880 450.797 455.695 471.959
272 321.000 324.223 329.589 325.453 326.018 326.567 326.746 327.367 322.185 324.502 324.215
273 311.000 370.849 374.040 375.518 374.871 379.049 387.903 373.990 376.272 368.667 369.727
274 391.000 353.875 355.901 352.194 356.682 358.422 351.268 356.423 349.627 353.687 347.747
275 431.000 460.706 458.082 468.133 444.928 464.696 449.278 442.630 462.842 465.867 468.646
276 357.000 366.468 361.137 365.586 366.843 359.720 365.404 361.264 362.910 366.919 364.525
277 414.000 415.196 419.752 409.150 416.411 412.965 418.562 422.519 422.234 415.086 429.309
278 452.000 425.972 427.561 425.315 429.606 430.612 428.294 424.185 427.342 425.095 424.169
279 437.000 413.259 424.561 417.373 414.733 420.432 413.809 413.659 421.864 417.485 417.264
280 315.000 325.242 323.358 323.310 324.326 323.564 322.273 323.122 324.685 323.945 322.637
281 435.000 428.084 424.108 427.894 423.431 418.733 418.431 421.826 430.225 423.474 430.136
282 448.000 441.098 435.987 430.885 438.147 435.392 431.393 431.609 432.732 435.751 434.266
283 416.000 427.670 424.218 428.709 428.838 422.272 428.673 424.345 423.618 425.780 426.190
284 328.000 333.999 337.634 340.449 334.834 335.969 336.172 332.407 335.066 341.023 334.809
285 390.000 399.749 400.248 402.617 402.212 403.796 402.390 400.728 400.638 399.126 402.303
286 310.000 375.831 352.747 368.015 366.033 394.480 360.890 362.020 376.725 367.111 359.919
287 365.000 365.345 371.401 364.666 364.325 366.610 367.631 367.873 367.107 369.977 361.474
288 402.000 422.522 431.724 421.290 432.776 425.094 429.275 431.328 424.965 423.912 423.464
289 372.000 370.745 389.178 379.728 380.461 387.492 375.078 381.849 379.311 386.437 380.262
290 428.000 448.063 448.753 445.443 445.034 433.494 435.742 448.753 453.593 442.998 445.450
291 267.000 448.628 439.461 441.176 443.333 445.731 444.696 444.351 450.285 434.544 448.188
292 330.000 340.650 339.836 339.854 337.908 338.224 339.614 342.191 340.822 339.546 339.314
293 598.000 521.929 534.824 530.821 537.752 533.367 531.962 542.163 547.409 500.587 543.806
294 392.000 382.478 385.207 386.925 400.817 395.316 400.877 408.073 390.855 394.046 386.706
295 430.000 482.503 490.576 491.120 486.434 482.508 479.880 479.237 488.007 484.917 484.990
296 340.000 365.505 374.249 361.695 367.539 361.726 366.091 360.092 373.631 379.002 360.212
297 312.000 348.624 359.702 351.540 348.150 343.979 359.927 348.750 353.131 349.644 356.484
298 327.000 350.560 350.784 353.219 353.600 352.121 363.085 356.764 354.267 353.585 350.360
299 342.000 367.332 374.225 384.836 380.864 373.738 380.852 377.879 380.440 366.547 365.477
300 417.000 416.702 418.506 419.177 420.960 417.554 417.925 419.362 417.726 416.051 416.949
301 318.000 330.945 328.503 330.554 331.287 332.021 332.641 327.647 329.782 330.781 330.121
302 329.000 332.686 336.262 333.084 332.647 338.239 335.895 336.913 339.424 349.366 339.818
303 339.000 341.758 346.208 350.052 347.568 348.307 351.431 346.048 351.845 346.040 355.864
304 334.000 335.913 332.948 332.590 334.665 335.745 333.024 334.280 339.467 343.038 337.478
305 346.000 408.526 409.840 432.597 418.151 388.502 413.862 410.828 402.867 416.146 406.965
306 420.000 425.446 424.148 425.183 426.398 422.288 426.404 421.349 422.304 426.967 428.129
307 371.000 374.017 370.740 375.776 373.626 374.060 373.135 373.988 383.767 383.641 370.368
308 560.000 549.501 559.605 566.215 564.013 553.632 555.708 560.176 559.303 560.742 552.614
309 512.000 495.566 480.339 479.849 490.556 503.602 491.463 500.209 489.469 495.262 493.863
310 410.000 418.171 417.986 422.712 419.060 420.061 418.519 415.277 417.022 418.436 423.841
311 473.000 451.919 452.552 454.228 449.878 447.689 447.425 448.837 431.423 451.847 453.075
312 427.000 426.706 423.203 427.197 430.614 427.013 426.580 427.844 433.609 425.225 429.285
313 326.000 375.919 364.974 378.700 380.145 367.909 367.426 368.665 373.935 370.469 369.186
314 405.000 395.572 388.008 398.245 387.855 391.142 384.343 393.741 388.956 395.196 390.030
315 442.000 445.464 442.221 442.688 441.297 442.765 437.580 446.397 436.734 432.437 434.257
316 330.000 333.552 334.628 335.000 337.013 336.404 334.031 333.883 333.289 333.263 331.352
317 328.000 339.266 350.073 339.674 343.067 344.110 336.883 342.311 335.759 346.545 351.794
318 436.000 450.734 458.180 456.899 454.958 461.950 459.301 456.405 461.793 453.276 448.646
319 410.000 417.176 416.751 416.628 418.266 418.985 420.227 418.871 416.500 420.239 417.193
320 462.000 472.064 454.890 457.480 452.860 456.445 454.878 453.955 453.731 456.831 445.265
321 471.000 448.461 445.843 449.402 445.663 447.188 447.550 445.217 451.016 447.537 448.504
322 427.000 422.467 424.445 418.621 420.039 422.628 422.580 417.814 421.951 420.192 426.596
323 464.000 444.903 440.759 439.657 442.960 439.159 442.718 443.575 441.148 441.827 440.876
324 446.000 449.402 448.665 438.772 446.393 448.590 452.224 458.278 444.535 443.786 445.190
325 583.000 538.056 514.111 546.170 539.137 538.093 526.386 532.633 529.252 543.545 542.614
326 562.000 482.763 477.634 470.548 467.105 468.598 477.298 478.742 476.138 474.313 472.211
327 313.000 326.973 324.262 321.911 322.059 325.124 326.030 323.322 325.439 324.756 323.503
328 422.000 413.053 409.529 409.376 414.341 411.818 410.573 417.573 410.118 405.881 410.040
329 382.000 465.225 457.182 455.279 453.675 466.263 461.200 458.582 459.968 438.439 451.386
330 398.000 371.088 377.546 377.650 364.540 366.985 374.863 371.866 380.825 371.427 368.341
331 371.000 380.850 375.082 373.114 386.234 377.324 387.202 373.631 366.367 386.152 375.446
332 414.000 415.529 415.965 416.487 417.793 414.146 416.396 415.692 417.692 413.683 417.747
333 440.000 437.224 434.718 436.035 429.510 429.996 436.552 432.962 426.565 425.899 420.737
334 599.000 573.981 565.205 560.549 577.385 569.845 574.065 553.089 567.909 571.075 561.386
335 353.000 355.875 353.242 357.575 353.127 357.471 353.693 351.073 357.182 356.123 353.358
336 404.000 475.493 473.003 471.704 469.114 469.049 472.033 444.117 459.344 447.336 464.051
337 406.000 426.252 423.640 425.925 423.425 417.228 424.779 422.761 420.465 423.193 426.222
338 324.000 357.571 356.956 357.887 354.346 357.825 353.568 356.494 358.215 354.718 360.009
339 337.000 337.338 336.675 336.308 338.152 340.555 336.699 339.787 338.464 337.995 337.414
340 395.000 406.022 408.101 407.530 405.182 407.833 402.545 402.073 405.514 406.784 406.774
341 407.000 411.401 415.664 416.167 413.049 414.399 410.671 414.363 415.232 414.616 415.053
342 330.000 356.935 354.150 348.851 357.802 362.783 356.083 352.469 355.772 358.682 355.179
343 417.000 437.252 425.086 435.130 436.276 433.539 438.545 436.744 431.848 440.912 435.203
344 395.000 402.082 403.614 399.731 403.247 400.812 399.932 401.486 403.403 403.015 399.397
345 503.000 398.874 403.820 410.082 404.179 410.136 414.620 402.997 408.330 402.863 404.305
346 448.000 428.921 432.720 438.221 430.950 424.159 431.893 428.905 436.961 430.940 430.286
347 363.000 349.848 348.049 347.607 349.473 350.959 352.358 347.592 350.304 350.533 350.214
348 386.000 377.451 377.606 372.405 381.747 374.901 372.718 375.282 376.483 385.380 378.164
349 330.000 335.128 333.782 334.072 333.552 334.794 333.574 333.875 336.353 332.810 332.776
350 488.000 388.070 402.134 393.924 391.903 374.420 391.164 384.169 384.786 389.688 400.998
351 479.000 496.789 476.426 490.519 478.367 485.565 484.643 474.845 482.429 488.231 487.080
352 338.000 398.314 398.514 389.688 394.063 388.480 410.379 381.916 387.893 389.477 387.604
353 456.000 467.651 460.577 458.243 461.750 459.265 460.057 466.342 456.029 443.975 461.274
354 418.000 415.148 419.369 416.532 425.685 416.050 426.468 426.023 419.813 431.137 423.521
355 322.000 340.418 341.672 341.245 347.069 340.112 343.383 339.859 341.583 345.078 341.979
356 321.000 322.208 321.102 320.497 321.128 322.686 322.680 320.575 321.358 320.936 319.388
357 335.000 386.476 374.345 375.253 371.083 395.157 365.612 379.306 379.208 369.993 372.466
358 394.000 399.743 399.677 399.351 401.682 398.481 401.761 401.069 401.543 401.975 397.984
359 398.000 412.681 410.733 422.083 416.419 415.533 421.622 404.470 412.467 403.569 403.789
360 421.000 450.247 451.962 444.135 440.022 435.400 441.185 448.471 437.797 430.780 446.644
361 364.000 380.385 375.743 372.433 376.070 377.262 378.168 370.282 381.742 371.481 366.575
362 322.000 337.937 338.700 338.335 338.739 334.872 340.126 336.226 333.761 341.328 339.447
363 446.000 461.819 453.517 454.932 452.525 446.712 448.213 447.342 457.009 445.789 459.749
364 340.000 328.436 330.985 331.611 328.117 329.384 330.293 327.756 331.988 328.527 327.961
365 340.000 372.205 372.271 362.246 375.202 371.319 368.300 370.106 366.182 378.360 360.982
366 452.000 426.823 428.369 426.077 432.117 423.378 420.728 429.664 422.683 430.764 424.271
367 367.000 381.729 375.128 384.085 375.714 384.732 375.778 385.216 379.789 385.973 388.548
368 425.000 436.990 435.192 448.620 442.437 441.914 434.702 432.942 437.965 434.712 435.436
369 399.000 401.821 389.467 386.592 396.373 395.721 393.675 395.489 386.787 387.514 394.015
370 420.000 414.953 417.077 417.578 412.394 416.229 415.724 415.628 414.307 415.458 417.770
371 526.000 529.557 539.278 536.727 538.317 535.592 523.891 542.149 540.076 527.082 540.301
372 343.000 371.263 369.706 378.406 371.318 384.125 367.054 376.443 385.197 373.626 388.211
373 420.000 421.902 416.999 421.910 421.339 429.881 425.082 424.197 429.815 423.196 426.564
374 403.000 411.361 405.091 413.551 405.296 413.863 403.949 407.603 406.217 409.950 406.031
375 495.000 472.912 468.045 473.921 462.895 466.653 472.907 469.869 461.418 469.773 455.148
376 564.000 459.334 453.264 457.424 467.013 462.772 459.316 452.254 458.852 458.119 453.344
377 420.000 504.950 482.890 508.515 501.401 514.125 520.115 493.571 510.896 520.250 511.712
378 414.000 430.804 428.737 425.779 431.942 426.008 426.320 431.299 424.434 427.277 428.867
379 328.000 323.968 323.602 325.153 324.604 322.429 324.471 324.742 324.557 325.747 326.694
380 546.000 459.634 448.612 457.445 456.292 448.435 450.115 455.670 452.167 442.720 455.779
381 323.000 332.748 332.542 331.074 334.911 333.926 335.275 329.689 328.833 330.608 328.701
382 413.000 419.459 418.281 419.600 418.177 417.770 418.944 417.979 417.213 414.492 421.153
383 360.000 390.430 386.185 379.600 394.597 386.008 392.401 400.617 383.704 389.220 398.909
384 411.000 413.724 413.255 407.959 410.926 415.249 410.179 413.719 410.214 413.047 410.336
385 346.000 336.582 333.372 335.095 332.650 331.967 333.652 332.749 329.342 333.386 331.731
386 449.000 444.903 446.584 447.211 444.107 448.408 445.685 450.019 448.908 448.071 446.729
387 389.000 368.855 370.799 356.607 368.756 365.064 372.525 370.810 367.037 362.322 360.491
388 340.000 385.841 384.615 376.514 375.617 391.246 391.797 382.541 392.501 376.817 386.827
389 343.000 330.437 332.000 334.622 336.570 331.123 333.413 330.973 329.676 333.206 329.382
390 404.000 413.042 413.303 412.964 412.726 410.192 413.782 415.695 415.215 415.222 413.876
391 451.000 447.573 449.850 451.450 449.616 445.094 450.925 452.767 454.266 450.329 450.567
392 359.000 363.099 356.961 358.487 359.172 359.170 354.182 360.619 360.491 362.261 364.071
393 410.000 418.085 421.672 423.261 416.771 421.881 421.853 420.104 422.553 419.415 421.230
394 340.000 339.709 346.758 344.334 342.277 342.556 346.356 341.057 346.749 346.651 339.240
395 504.000 440.689 430.017 439.257 445.398 441.663 444.693 432.181 434.988 426.950 435.058
396 546.000 484.027 490.023 498.660 502.329 486.117 497.756 491.380 505.683 498.976 487.923
397 392.000 390.622 381.584 380.227 378.054 371.652 382.065 384.541 382.767 373.686 371.734
398 413.000 406.076 412.729 413.243 403.793 411.412 414.175 416.676 415.686 414.313 414.789
399 325.000 368.722 358.896 364.547 365.667 373.345 367.899 363.574 369.674 362.566 365.254
400 297.000 322.390 324.688 322.831 321.269 322.357 322.928 322.894 325.880 321.193 322.273
401 397.000 404.733 403.002 404.165 404.484 403.835 403.578 405.078 405.154 406.496 405.995
402 428.000 404.061 410.066 396.012 418.673 398.278 401.918 397.301 407.641 390.575 406.601
403 440.000 423.702 414.325 419.671 413.806 411.976 413.881 413.976 421.000 416.471 415.968
404 604.000 552.413 557.992 550.910 565.507 563.745 571.445 562.217 566.191 581.427 561.630
405 442.000 430.951 434.125 436.458 435.810 432.905 431.534 427.848 430.149 428.923 427.591
406 462.000 473.167 467.148 467.871 467.606 464.105 472.139 459.933 462.880 471.187 475.966
407 491.000 424.351 418.480 403.700 421.592 413.609 413.680 411.401 414.435 409.230 424.971
408 495.000 501.478 491.347 493.300 497.196 487.952 502.873 493.833 490.600 497.524 491.322
409 394.000 348.135 342.568 342.241 351.011 345.128 347.077 347.707 348.756 348.744 339.529
410 320.000 339.927 338.724 340.540 341.878 339.192 343.572 339.219 337.368 338.810 338.928
411 445.000 437.807 431.775 435.125 433.958 437.370 443.284 438.166 438.693 440.898 443.879
412 350.000 360.033 360.124 359.698 356.492 362.587 362.815 357.140 362.375 360.268 366.472
413 332.000 350.435 343.738 345.870 344.677 343.668 344.002 351.933 349.036 348.675 349.388
414 411.000 412.483 408.455 405.267 405.330 406.407 417.225 408.363 413.811 409.194 405.071
415 341.000 392.849 378.409 389.919 388.487 383.888 398.070 403.149 386.782 392.329 398.210
416 452.000 457.082 459.282 461.897 463.251 466.328 468.704 453.694 465.362 468.784 461.662
417 398.000 409.751 403.131 402.704 405.814 403.761 403.138 407.780 415.206 405.793 403.653
418 357.000 360.345 358.621 354.038 355.036 356.038 352.588 358.113 354.261 358.073 354.710
419 410.000 418.166 417.745 418.389 422.091 418.288 420.425 415.973 420.177 420.535 420.332
420 411.000 376.504 380.329 373.500 373.274 362.233 380.806 381.629 385.249 378.885 380.109
421 316.000 378.403 359.940 358.653 389.228 389.584 367.393 373.519 370.789 383.167 378.050
422 454.000 426.891 423.528 425.801 429.769 422.272 430.285 429.262 434.006 424.259 421.724
423 492.000 492.346 492.108 497.718 493.843 500.221 493.926 498.592 502.463 492.463 495.071
424 405.000 418.067 415.615 412.899 411.437 413.025 415.732 411.040 416.984 412.890 411.076
425 357.000 362.175 360.163 364.491 358.387 368.167 362.997 364.419 359.781 368.635 364.926
426 424.000 425.216 417.417 417.472 420.117 416.585 419.719 415.745 416.177 420.149 418.627
427 335.000 357.151 365.310 361.806 361.100 371.952 364.546 360.728 360.365 359.992 369.312
428 438.000 424.783 425.000 430.447 425.080 431.294 425.819 426.114 428.462 430.921 431.649
429 525.000 401.828 390.525 395.957 397.584 398.287 396.327 415.602 392.123 402.863 391.892
430 331.000 407.243 390.165 390.221 402.815 389.770 392.642 389.145 400.403 389.315 399.711
431 431.000 416.338 420.304 417.858 425.283 421.415 420.023 424.489 428.042 417.570 422.613
432 591.000 573.290 563.828 559.595 558.506 537.827 562.900 561.821 562.839 561.558 559.458
433 414.000 423.799 421.622 421.308 420.706 417.649 418.663 421.299 425.736 420.621 419.920
434 388.000 383.254 382.440 383.713 373.586 383.025 376.401 377.942 390.068 377.268 386.500
435 585.000 523.437 545.509 541.174 527.429 534.932 527.768 526.236 542.326 534.811 558.368
436 398.000 403.375 400.158 407.339 403.528 406.839 402.987 402.637 403.751 402.367 406.736
437 441.000 392.788 401.482 404.979 398.782 402.244 392.353 391.696 395.623 403.825 400.860
438 309.000 321.184 321.162 320.821 319.379 322.020 319.699 322.507 323.028 318.857 322.234
439 518.000 504.774 498.751 501.607 504.910 513.061 516.316 504.263 511.646 504.058 514.200
440 416.000 417.657 416.540 415.590 417.325 417.874 417.269 414.868 416.670 416.834 416.512
441 412.000 417.153 414.938 414.519 416.499 413.949 418.060 417.883 413.654 419.018 415.267
442 385.000 408.697 404.840 398.431 407.580 398.708 402.953 405.421 398.285 406.078 402.962
443 325.000 346.044 341.899 347.768 346.109 345.643 346.970 342.554 346.686 346.398 341.857
444 325.000 343.639 344.340 338.303 340.080 341.436 336.364 341.345 338.720 348.760 338.782
445 328.000 366.393 359.662 358.231 360.575 353.280 364.540 357.084 366.571 363.989 365.822
446 397.000 410.270 411.447 410.039 408.945 408.152 406.764 409.611 408.836 410.149 408.520
447 407.000 408.380 413.227 409.056 412.565 410.555 412.568 410.859 411.573 410.097 410.812
448 491.000 458.733 466.573 459.869 446.333 475.538 464.222 466.773 470.240 470.608 456.184
449 328.000 336.127 324.032 328.874 333.780 329.056 326.741 323.539 328.729 327.430 329.756
450 430.000 409.062 422.308 426.020 425.741 419.649 423.392 420.701 421.160 417.455 414.965
451 413.000 391.387 392.911 383.555 387.832 396.962 388.984 389.469 392.690 400.204 393.422
452 364.000 367.551 379.091 370.685 369.338 374.889 370.580 376.420 369.282 369.816 377.113
453 404.000 400.182 398.626 400.217 402.480 395.371 396.742 400.962 400.488 396.076 400.481
454 431.000 425.316 419.787 424.995 432.126 422.099 421.823 425.558 428.033 418.974 430.393
455 461.000 449.125 450.793 450.353 448.228 446.878 456.515 442.272 447.838 448.670 448.920
456 346.000 365.373 368.128 383.090 374.544 363.367 365.760 374.455 373.911 365.968 367.543
457 461.000 443.893 442.412 443.229 440.913 436.375 443.222 442.659 441.497 445.259 442.275
458 446.000 439.814 436.339 436.092 439.106 436.988 440.863 439.289 441.043 441.409 438.834
459 334.000 333.093 331.292 332.474 330.657 331.860 331.088 331.611 331.733 330.404 333.813
460 368.000 371.797 369.726 373.876 371.615 374.739 372.841 375.216 374.510 368.025 373.084
461 421.000 398.774 406.219 410.085 408.659 392.805 394.007 402.756 401.326 400.280 396.910
462 536.000 544.256 550.257 532.775 546.046 536.644 540.332 534.559 540.070 533.621 544.713
463 399.000 426.678 425.555 432.947 432.844 427.757 429.281 424.452 431.813 424.913 435.113
464 584.000 556.119 566.927 555.155 574.625 567.967 574.938 568.871 566.682 577.408 565.581
465 592.000 561.928 568.320 558.244 541.265 560.059 562.566 568.558 571.610 558.847 560.193
466 450.000 441.569 446.753 446.194 445.579 438.591 443.980 443.822 446.787 444.041 444.959
467 359.000 360.718 358.471 372.371 362.501 363.864 365.229 362.565 367.019 364.676 367.003
468 325.000 333.784 330.533 330.216 334.402 327.725 331.325 327.987 332.172 332.849 335.508
469 315.000 331.781 330.055 339.009 330.709 329.557 332.712 330.560 328.805 338.396 334.834
470 411.000 382.760 374.824 372.772 385.456 385.817 376.731 378.146 384.849 363.596 392.140
471 548.000 535.452 536.752 541.614 535.921 534.441 538.684 517.043 537.282 531.212 533.358
472 450.000 435.488 433.524 429.287 437.676 437.494 435.780 432.918 433.652 427.378 430.513
473 310.000 339.836 341.165 346.693 342.687 341.378 342.481 346.594 340.501 349.405 342.047
474 362.000 347.101 349.828 344.890 347.562 344.691 342.854 347.099 349.369 345.567 347.856
475 322.000 329.922 327.090 331.391 335.958 331.147 339.121 334.950 335.032 335.804 334.242
476 396.000 411.362 409.306 407.153 408.775 411.363 403.506 405.874 406.264 408.749 408.893
477 408.000 415.625 418.187 417.782 413.736 416.992 415.524 416.193 418.312 421.293 413.561
478 540.000 505.171 515.947 512.101 509.435 509.435 512.259 523.758 520.561 526.639 513.564
479 399.000 415.595 407.439 414.085 411.501 409.420 416.103 404.004 412.940 410.232 416.499
480 448.000 450.641 450.594 453.020 451.692 446.014 449.805 442.314 445.492 446.868 450.760
481 460.000 408.453 407.623 401.961 407.809 407.115 407.189 407.916 406.192 406.744 404.996
482 331.000 354.612 352.493 351.041 353.092 346.046 348.236 353.103 349.863 352.235 352.261
483 448.000 428.329 427.549 422.853 427.761 430.066 428.300 430.888 425.172 432.967 427.258
484 444.000 465.463 462.676 448.669 460.168 469.513 459.611 462.360 453.458 457.026 450.472
485 336.000 343.744 344.983 347.987 346.938 352.038 346.878 346.193 347.403 347.972 345.960
486 502.000 410.772 402.843 396.712 410.285 406.986 406.784 407.058 409.464 409.035 407.063
487 409.000 418.501 418.441 420.062 424.014 419.447 417.489 420.176 425.830 421.723 420.137
488 405.000 410.410 408.060 412.437 411.924 411.522 412.873 410.661 414.301 414.485 416.512
489 555.000 542.510 554.904 541.196 550.553 531.998 537.337 536.062 552.051 548.096 540.084
490 427.000 423.845 421.899 420.932 419.641 420.465 419.283 421.184 422.966 422.476 421.132
491 452.000 444.637 434.688 435.166 442.435 438.695 434.636 435.308 437.165 435.790 435.980
492 329.000 361.767 359.609 352.236 359.047 358.831 357.094 357.326 360.814 352.084 360.637
493 491.000 463.427 448.552 449.623 450.355 454.550 454.878 465.687 465.063 472.922 457.531
494 440.000 451.644 451.069 437.692 462.668 464.382 458.382 466.495 457.434 453.005 459.348
495 363.000 345.980 347.727 350.830 352.334 356.200 350.799 350.243 351.197 349.319 356.495
496 432.000 415.151 420.079 423.301 421.914 408.294 418.510 423.606 420.141 423.533 421.942
497 514.000 461.598 467.808 469.762 466.317 465.415 467.892 471.359 471.235 469.015 462.422
498 536.000 514.013 516.716 509.694 508.900 491.190 488.094 486.858 491.744 497.460 492.678
499 462.000 445.242 445.364 445.455 446.385 446.108 446.147 445.594 439.916 445.175 447.058
500 510.000 498.539 514.362 506.732 495.978 501.274 499.980 507.358 518.375 499.298 508.982
501 357.000 398.647 396.331 392.363 400.127 393.489 400.927 400.505 399.141 406.217 389.149
502 418.000 422.948 428.605 421.309 422.994 421.185 425.680 425.050 423.651 420.330 422.470
503 406.000 428.936 437.367 431.243 430.653 429.787 425.856 426.169 433.705 430.262 431.746
504 464.000 395.194 404.242 402.970 409.272 406.812 414.895 408.033 406.452 414.223 407.531
505 400.000 399.821 402.630 401.954 400.020 402.147 402.578 401.152 400.498 398.282 402.935
506 400.000 382.666 384.862 386.737 386.162 382.680 388.590 382.539 394.375 382.081 390.768
507 333.000 361.257 361.977 360.440 357.277 363.931 359.293 359.315 366.966 359.563 364.932
508 452.000 439.410 432.816 437.520 452.488 436.273 443.885 447.781 450.089 445.145 447.458
509 586.000 562.551 553.129 559.234 555.360 561.399 551.372 541.784 557.778 564.247 557.897
510 461.000 444.642 448.874 449.808 439.846 447.250 450.076 445.297 446.663 447.940 446.210
511 606.000 564.927 550.840 564.125 551.587 569.491 563.131 555.067 558.648 558.037 580.970
512 338.000 372.926 395.147 386.234 383.551 387.160 406.197 396.588 393.573 382.078 379.826
513 368.000 383.761 383.012 388.204 388.678 384.565 375.648 382.839 381.691 384.648 381.674
514 442.000 429.750 426.220 432.733 431.133 428.434 428.703 427.548 433.346 428.791 430.557
515 417.000 420.717 424.085 423.264 421.391 421.401 424.006 424.409 421.408 421.128 423.214
516 328.000 331.016 329.221 334.540 334.754 326.420 327.387 345.017 328.897 327.578 332.460
517 477.000 426.827 423.348 398.839 420.873 420.661 426.974 421.085 424.845 407.293 410.629
518 350.000 334.968 337.104 331.538 335.766 339.615 337.129 341.078 339.351 342.014 335.328
519 421.000 410.967 416.353 416.210 414.843 411.726 415.554 415.680 416.241 409.937 413.034
520 592.000 551.639 547.667 546.223 558.164 558.694 554.419 549.736 555.783 546.141 540.768
521 422.000 434.668 431.736 430.707 433.016 436.498 430.936 436.796 430.814 431.080 432.615
522 473.000 489.928 494.035 485.195 491.527 499.891 486.679 483.697 481.848 490.756 496.451
523 567.000 537.240 549.589 547.750 548.836 556.361 548.973 530.955 546.920 548.890 543.068
524 425.000 425.098 429.390 416.291 427.030 422.265 433.246 423.693 436.330 435.637 425.029
525 429.000 430.969 432.606 425.356 428.751 428.656 433.582 426.904 431.083 429.736 433.420
526 351.000 348.774 353.293 353.321 350.182 352.663 350.892 352.393 349.478 358.293 348.055
527 416.000 419.738 422.907 423.690 420.622 418.173 419.802 415.101 426.767 420.833 423.719
528 354.000 356.789 355.689 351.221 350.926 353.460 349.716 352.441 354.709 354.299 351.606
529 524.000 521.055 527.194 522.444 527.586 530.631 532.233 531.315 524.503 523.629 522.799
530 334.000 387.754 384.069 407.289 399.426 375.862 379.264 376.855 398.004 379.384 387.843
531 462.000 442.731 445.662 445.941 441.954 441.977 446.329 445.689 443.417 444.683 446.367
532 477.000 428.750 447.682 435.995 437.229 436.795 428.083 432.110 436.706 444.530 433.933
533 528.000 521.379 508.740 513.559 521.227 520.723 506.943 509.266 520.892 518.248 513.620
534 335.000 340.683 342.127 334.421 336.291 329.876 336.229 344.571 343.139 344.708 345.390
535 323.000 343.685 342.818 343.965 347.593 341.405 354.010 346.759 345.646 339.038 353.364
536 412.000 423.250 426.072 430.709 431.605 427.857 427.859 424.539 428.022 426.536 425.680
537 551.000 548.481 526.284 550.151 549.959 556.307 539.807 546.152 549.330 532.907 552.039
538 406.000 411.069 408.900 413.632 410.776 409.233 409.569 408.150 407.550 412.180 407.827
539 502.000 515.618 510.452 519.355 521.174 510.339 519.258 514.665 512.981 502.766 510.363
540 415.000 414.813 413.405 412.421 415.735 411.701 414.205 410.502 412.558 413.192 410.500
541 336.000 332.574 334.118 333.323 332.270 332.877 332.962 332.125 330.973 331.711 331.789
542 312.000 331.737 338.165 330.955 334.385 336.836 329.723 334.482 337.336 338.775 335.583
543 330.000 334.259 333.745 334.670 333.007 332.007 332.998 334.260 333.821 332.667 332.927
544 508.000 391.107 387.756 381.502 395.258 385.109 385.778 384.330 383.648 387.563 378.626
545 588.000 530.043 539.514 552.002 546.255 519.053 529.302 546.565 519.810 543.014 544.022
546 410.000 420.444 420.523 420.592 420.991 421.734 413.863 418.402 425.306 417.663 415.261
547 540.000 511.192 516.435 519.521 518.923 524.846 519.064 524.778 514.707 514.049 523.008
548 362.000 365.317 365.496 363.820 370.164 366.870 365.144 366.773 371.203 369.541 364.387
549 404.000 400.389 402.555 402.177 401.244 405.605 402.154 401.877 402.712 403.191 403.719
550 370.000 367.296 369.493 366.708 366.969 365.270 369.181 361.825 362.790 371.787 364.174
551 482.000 372.780 380.056 376.511 384.535 372.498 377.711 381.106 377.678 375.422 377.275
552 398.000 403.503 401.622 402.707 402.112 401.976 403.681 400.810 404.875 400.875 404.159
553 466.000 415.560 439.378 435.275 431.686 422.534 420.842 424.681 421.668 427.569 413.538
554 405.000 414.181 414.319 410.535 412.863 417.024 413.164 414.097 410.807 414.555 413.515
555 576.000 546.315 543.990 550.629 545.768 551.480 546.297 522.412 539.931 552.934 547.417
556 457.000 417.165 420.343 420.799 414.644 419.773 414.693 414.920 417.426 418.529 418.096
557 478.000 450.153 447.099 450.769 448.833 451.160 450.307 444.629 431.423 448.369 444.986
558 431.000 454.275 457.568 448.983 449.540 453.566 442.034 447.909 445.800 456.375 440.851
559 411.000 366.462 364.895 366.906 376.025 374.073 371.472 364.160 364.364 365.550 361.970
560 409.000 416.466 415.159 416.308 416.515 421.594 415.210 415.153 417.420 417.636 416.303
561 375.000 402.792 407.916 405.496 402.848 406.053 404.841 408.142 414.975 394.528 410.499
562 400.000 414.138 410.422 403.698 400.560 424.240 409.641 419.456 421.517 412.628 411.722
563 331.000 336.709 336.133 336.230 336.585 336.156 338.245 338.119 338.056 335.216 332.897
564 412.000 434.286 425.846 429.064 429.384 425.851 427.199 426.185 429.236 434.029 433.869
565 485.000 461.536 477.231 453.506 461.670 475.704 465.116 469.032 464.450 476.455 462.879
566 407.000 420.850 420.289 416.615 415.864 418.931 417.538 418.965 418.222 418.779 419.095
567 405.000 403.397 409.072 402.038 400.846 405.375 406.890 402.126 405.772 403.235 407.711
568 406.000 404.883 406.589 402.471 402.873 403.586 398.188 402.968 404.629 401.558 401.751
569 342.000 341.403 341.250 342.748 340.124 342.256 345.526 341.737 342.330 337.565 343.856
570 321.000 345.052 345.006 347.636 347.018 350.775 346.358 345.822 343.544 339.939 347.337
571 361.000 358.055 370.688 368.582 361.410 372.175 368.923 365.765 366.043 368.232 364.628
572 387.000 375.852 372.846 372.583 370.009 374.589 368.788 374.723 377.355 378.306 376.709
573 323.000 329.171 331.941 329.247 332.353 332.413 333.035 327.317 332.342 331.243 330.540
574 390.000 394.970 402.636 406.616 412.965 403.346 402.966 407.393 401.466 400.269 404.560
575 440.000 454.703 468.996 440.915 456.449 464.698 440.527 460.157 449.972 451.930 458.707
576 332.000 363.467 365.282 370.812 367.637 360.690 361.034 363.822 358.925 369.549 361.694
577 456.000 472.391 480.784 464.392 474.037 457.480 451.307 466.758 475.135 449.972 468.372
578 488.000 466.697 439.667 451.714 460.407 454.810 465.839 448.384 455.521 474.514 451.418
579 332.000 389.250 388.242 392.508 388.630 396.593 389.481 386.739 389.748 386.330 392.684
580 316.000 341.614 340.145 338.713 336.383 335.642 344.425 342.872 341.382 343.511 340.062
581 459.000 417.881 430.376 424.334 416.599 421.856 421.041 422.986 433.085 420.165 421.908
582 335.000 333.087 334.180 333.485 337.252 335.108 332.249 336.234 333.655 337.134 331.681
583 332.000 346.301 367.384 350.999 346.980 361.428 351.155 358.972 351.316 371.829 352.636
584 459.000 468.808 462.750 468.701 464.327 465.955 469.566 467.057 467.317 464.659 470.507
585 396.000 418.257 414.298 415.726 421.151 413.491 421.658 420.350 412.084 409.915 419.317
586 489.000 484.837 480.437 487.751 478.885 487.214 479.480 486.522 485.898 485.468 479.895
587 417.000 441.932 428.569 433.133 428.753 430.278 430.085 431.713 428.523 429.941 429.514
588 404.000 401.612 402.304 402.379 402.507 401.622 401.455 402.572 402.476 402.423 401.073
589 400.000 438.883 439.063 439.937 436.600 440.164 437.387 444.010 442.841 440.281 450.328
590 357.000 364.193 360.051 364.354 362.589 359.910 359.327 366.001 366.010 361.723 358.265
591 437.000 478.271 482.368 478.581 487.272 475.269 479.149 476.692 489.129 475.834 477.907
592 542.000 524.303 519.220 529.345 530.557 522.663 527.476 513.655 524.836 525.699 523.019
593 419.000 420.260 418.322 419.840 420.801 421.496 420.090 422.328 421.193 419.376 424.483
594 350.000 351.083 357.688 367.538 368.517 363.286 349.287 361.393 357.279 354.795 352.239
595 424.000 421.089 422.722 416.182 422.173 415.131 414.313 414.826 421.408 416.368 415.920
596 443.000 458.744 466.476 466.119 465.510 462.908 466.414 461.551 473.413 459.604 465.809
597 439.000 443.944 445.053 447.102 447.914 443.423 445.848 444.324 453.151 443.346 445.065
598 324.000 330.156 325.354 330.617 327.266 328.981 325.874 328.240 328.710 328.477 326.588
599 311.000 333.881 335.206 336.298 331.338 328.752 333.349 327.775 332.016 336.483 332.969
600 331.000 339.542 339.994 336.819 335.562 341.979 338.686 340.396 334.861 343.117 337.161
601 428.000 408.420 402.104 411.976 413.294 413.025 411.730 407.830 411.777 413.275 410.143
602 400.000 402.850 405.564 406.671 412.328 411.964 417.573 407.439 408.082 409.443 417.722
603 309.000 333.397 334.694 334.202 330.539 322.239 334.788 332.341 334.945 337.535 333.916
604 375.000 367.503 368.092 372.441 370.810 360.730 365.230 365.319 368.259 365.374 364.594
605 450.000 419.285 420.013 418.793 429.171 425.698 423.699 413.991 423.478 423.139 419.358
606 388.000 407.224 407.600 403.853 398.534 402.843 406.692 409.213 410.411 399.355 409.539
607 323.000 381.789 369.178 362.338 370.189 381.732 382.422 390.269 371.982 368.413 367.492
608 448.000 428.801 442.462 432.136 430.782 433.815 433.677 431.528 431.765 431.464 430.730
609 372.000 373.948 372.843 371.587 378.362 371.982 381.324 369.600 373.258 381.596 371.961
610 328.000 340.390 340.852 336.043 338.729 336.136 340.486 338.968 336.139 337.896 345.158
611 460.000 452.435 457.334 455.635 459.326 460.225 459.276 460.518 464.930 447.984 449.040
612 504.000 513.537 520.785 514.059 507.005 499.893 508.225 524.698 512.843 523.313 512.615
613 433.000 435.290 434.501 430.622 429.830 432.894 434.469 430.012 432.779 433.790 440.135
614 564.000 540.975 533.662 552.021 553.363 546.714 533.144 537.503 549.733 549.489 530.978
615 439.000 383.426 371.793 386.977 387.620 379.706 380.960 385.881 383.956 392.213 380.744
616 440.000 467.764 463.691 456.629 458.513 484.971 469.965 474.702 473.800 469.039 474.566
617 484.000 471.332 469.306 465.921 464.419 470.765 464.044 478.359 470.157 484.581 469.529
618 396.000 414.093 415.621 409.322 406.129 414.525 410.311 414.419 424.088 417.580 421.256
619 435.000 414.608 415.286 416.056 416.999 415.725 417.559 416.404 416.219 415.114 415.768
620 397.000 399.060 410.599 408.816 396.023 400.807 409.796 395.100 395.612 401.181 396.783
621 420.000 432.765 433.967 425.815 428.173 429.568 425.209 428.250 431.946 429.491 431.830
622 408.000 418.020 430.856 415.933 433.492 438.306 421.388 423.392 426.649 435.170 429.538
623 437.000 419.984 429.082 425.847 431.151 429.501 429.173 432.151 428.536 430.088 430.351
624 406.000 436.109 437.264 433.778 427.547 443.033 420.973 433.728 431.125 420.679 430.100
625 393.000 369.639 371.386 367.590 371.893 371.416 374.094 361.321 374.793 371.162 368.750
626 452.000 435.504 432.205 439.500 432.755 431.789 441.382 428.393 425.035 433.707 444.248
627 466.000 445.619 455.553 445.993 444.242 436.988 446.611 434.155 441.107 436.999 439.840
628 410.000 424.703 418.345 406.124 418.185 413.816 417.636 403.316 420.672 410.894 427.690
629 447.000 434.769 433.864 436.694 434.842 431.013 433.125 434.014 433.732 438.128 438.946
630 487.000 429.918 437.657 437.724 435.728 431.247 435.558 436.952 432.155 434.132 437.622
631 420.000 424.576 419.984 413.610 430.796 427.680 425.710 418.416 422.363 422.422 417.776
632 565.000 544.889 554.630 539.872 534.522 550.096 542.218 539.490 545.099 538.134 549.458
633 309.000 330.448 332.206 335.750 329.700 330.103 337.403 330.413 332.281 331.617 328.455
634 437.000 439.660 441.271 451.723 447.424 440.544 445.475 447.417 449.270 454.114 464.672
635 481.000 471.475 467.319 464.692 473.832 469.216 466.966 457.793 467.323 463.217 465.373
636 390.000 380.477 384.947 379.985 385.336 389.188 377.976 387.408 375.834 385.035 384.953
637 329.000 350.139 351.842 348.945 347.556 348.917 347.335 349.755 348.386 347.582 345.916
638 349.000 351.307 355.536 356.951 356.109 352.538 355.344 355.240 353.715 354.141 354.574
639 336.000 333.175 332.900 336.157 332.749 332.338 333.951 334.923 330.005 333.817 332.901
640 550.000 489.325 492.688 501.642 480.563 487.897 487.855 471.864 443.607 484.289 500.828
641 315.000 324.957 323.686 322.620 323.753 322.136 323.848 322.248 322.887 324.085 324.698
642 420.000 424.815 430.133 431.267 425.093 426.761 430.348 427.057 423.133 433.684 422.624
643 466.000 448.162 448.175 450.604 435.995 438.915 447.181 449.628 451.161 455.371 448.397
644 315.000 343.160 345.260 360.915 346.876 349.877 345.465 346.734 343.911 348.663 353.649
645 345.000 344.700 341.120 349.342 349.127 347.129 346.061 344.900 346.020 352.099 345.660
646 451.000 454.688 464.009 453.192 451.537 456.271 455.399 463.162 460.596 451.804 453.804
647 337.000 389.076 372.363 386.030 378.628 385.090 381.813 389.704 391.038 384.476 384.460
648 439.000 416.886 398.658 399.905 402.722 407.292 401.078 402.962 401.830 408.340 404.387
649 330.000 332.448 334.595 336.210 333.037 336.465 336.500 336.008 336.592 341.253 335.373
650 538.000 541.691 536.781 542.186 530.208 539.547 537.968 538.406 533.899 535.704 524.936
651 326.000 386.226 382.302 382.041 401.485 377.838 376.933 380.912 393.365 394.814 390.591
652 392.000 416.705 406.847 415.191 416.532 407.698 417.714 419.152 417.553 409.243 411.127
653 366.000 418.216 417.166 421.377 413.494 425.265 411.006 416.524 424.852 422.073 418.049
654 318.000 341.727 344.865 346.599 352.303 345.577 350.460 344.426 342.616 338.145 351.864
655 561.000 471.374 481.961 475.911 467.366 470.650 477.314 463.480 477.384 483.937 474.427
656 436.000 418.942 415.554 407.519 421.221 430.186 426.765 414.695 416.315 420.371 420.757
657 463.000 466.648 464.451 463.160 469.648 463.894 461.157 463.433 462.963 462.623 466.128
658 348.000 347.343 351.842 345.557 347.619 342.636 348.495 344.740 345.530 344.765 350.741
659 313.000 360.508 375.476 360.836 368.158 369.389 364.058 353.512 358.944 360.990 360.350
660 451.000 445.332 446.448 439.663 451.357 452.034 444.677 438.608 444.790 437.237 443.257
661 384.000 379.517 373.814 375.608 370.134 376.803 369.228 368.624 375.210 375.024 377.980
662 459.000 432.758 434.068 425.282 418.419 433.257 435.738 430.713 419.322 427.251 427.926
663 421.000 353.959 353.435 351.334 356.329 343.482 348.211 343.553 354.874 356.749 345.107
664 481.000 449.096 456.299 449.038 452.758 449.957 456.903 442.297 453.327 447.368 452.159
665 320.000 352.179 359.009 356.909 357.092 354.188 353.076 354.246 355.731 352.526 353.568
666 310.000 370.845 373.843 374.441 385.155 368.965 376.434 378.541 379.211 380.703 374.680
667 402.000 412.554 410.877 412.027 412.493 407.168 412.464 412.073 414.265 413.185 413.264
668 530.000 440.212 439.079 434.583 449.613 443.086 444.434 449.126 442.857 446.037 439.511
669 583.000 520.712 519.954 519.413 510.599 514.710 500.374 512.461 506.472 510.137 502.072
670 421.000 426.254 426.843 427.458 429.811 428.622 426.541 427.158 435.734 429.870 424.740
671 415.000 419.537 417.114 416.716 421.471 419.324 420.314 418.804 426.767 419.606 416.524
672 387.000 387.283 392.412 382.101 385.964 379.445 388.358 376.342 387.722 387.003 380.300
673 584.000 502.364 535.669 537.948 522.088 538.468 539.377 534.634 536.670 523.132 528.453
674 307.000 331.885 330.699 328.239 327.918 327.104 328.618 328.374 330.881 328.298 331.213
675 424.000 414.214 418.291 416.532 416.411 415.088 419.037 414.969 416.064 414.037 418.346
676 449.000 417.728 418.134 416.928 422.527 418.757 429.309 422.599 421.330 420.885 427.457
677 610.000 495.147 489.448 494.217 495.928 499.334 494.508 490.152 498.581 501.284 487.327
678 505.000 485.210 501.186 487.249 493.117 495.661 496.972 485.792 490.431 490.734 494.416
679 408.000 401.743 401.688 401.297 398.284 400.997 400.533 400.830 402.587 403.500 403.434
680 377.000 375.835 389.427 378.736 384.203 381.774 387.396 381.132 375.231 377.206 374.586
681 502.000 414.937 402.402 402.649 404.607 408.317 397.374 409.400 404.997 399.051 400.400
682 319.000 349.420 349.591 341.465 349.749 337.457 337.076 348.260 336.032 351.610 336.866
683 394.000 408.257 409.890 402.535 400.157 405.420 401.505 404.054 409.387 401.544 403.878
684 290.000 351.286 349.324 350.975 344.573 340.543 352.248 352.391 352.306 343.202 345.522
685 407.000 413.831 415.383 416.848 418.177 419.184 417.871 416.769 418.541 421.293 418.584
686 444.000 443.063 434.623 438.059 438.820 448.552 431.300 437.882 439.663 439.523 436.884
687 322.000 337.525 336.473 335.713 337.297 334.310 339.475 333.583 336.001 338.152 335.917
688 331.000 368.211 367.141 376.168 369.855 366.802 370.435 363.572 366.973 373.366 372.815
689 402.000 365.472 363.207 360.242 361.232 361.949 365.188 361.688 363.943 367.475 365.995
690 320.000 347.130 351.960 347.084 346.021 341.032 349.056 344.787 342.940 342.929 347.477
691 386.000 376.143 374.927 373.272 381.220 373.276 378.601 376.778 372.983 369.623 374.549
692 364.000 416.459 413.445 421.822 414.601 412.694 414.333 413.028 418.418 412.347 416.974
693 328.000 339.742 334.902 339.428 339.678 337.725 342.650 342.353 340.057 338.358 339.249
694 312.000 333.121 332.544 333.074 331.529 332.458 332.007 330.889 328.831 334.493 336.140
695 378.000 374.544 376.460 380.294 373.181 372.969 375.791 379.647 373.095 377.694 372.522
696 331.000 352.220 348.348 349.223 349.315 350.879 349.821 349.384 349.816 348.329 348.626
697 330.000 350.724 364.803 369.733 353.758 349.556 351.064 352.635 353.760 355.279 360.655
698 451.000 421.595 422.527 424.362 421.184 422.371 423.318 422.535 422.128 420.934 423.314
699 313.000 356.473 359.842 353.260 360.973 361.657 364.494 358.946 353.423 370.403 361.086
700 408.000 420.490 419.198 418.054 417.839 417.127 415.820 419.599 423.297 416.775 416.343
701 440.000 439.629 440.034 436.653 441.196 441.476 433.777 441.178 432.385 439.910 439.521
702 375.000 377.933 375.231 373.319 370.904 376.757 368.295 381.636 376.767 375.077 371.299
703 462.000 465.050 468.614 476.417 468.951 466.831 457.031 463.643 468.168 457.160 459.842
704 450.000 469.683 454.024 443.109 444.659 443.440 445.558 456.852 458.806 458.035 448.854
705 417.000 425.970 420.420 419.883 419.237 423.521 426.304 422.868 422.460 423.264 420.658
706 452.000 416.295 432.130 429.199 426.009 429.940 430.345 426.534 433.673 424.368 428.929
707 526.000 531.663 531.516 529.604 533.741 523.325 532.607 529.822 535.594 533.136 526.342
708 460.000 423.399 427.766 416.108 412.487 412.098 418.935 416.462 416.151 421.718 420.759
709 428.000 429.883 433.180 433.525 432.397 427.065 431.169 430.822 434.172 430.995 429.701
710 310.000 324.300 330.078 333.333 334.060 327.624 334.223 331.310 328.157 334.551 334.259
711 412.000 411.475 410.480 411.387 412.211 409.836 415.670 409.865 411.694 416.970 412.533
712 320.000 342.295 337.547 341.736 344.941 344.864 342.338 342.916 345.527 341.506 343.842
713 468.000 488.565 487.133 479.615 473.610 481.439 477.189 469.164 482.207 485.920 477.344
714 316.000 328.288 335.432 331.843 331.740 332.448 332.672 327.698 333.949 332.316 336.551
715 602.000 577.472 567.339 565.504 577.044 568.192 572.621 573.593 572.708 579.979 577.046
716 328.000 390.889 397.715 408.518 392.819 391.010 389.677 403.202 393.027 401.362 387.755
717 579.000 516.843 503.072 506.152 524.540 519.895 520.402 513.478 512.327 514.877 503.280
718 354.000 370.732 368.037 373.763 373.192 371.268 369.035 374.412 369.839 376.088 374.574
