data_index lambdaa.observed lambdaa.predicted.repeat1 lambdaa.predicted.repeat2 lambdaa.predicted.repeat3 lambdaa.predicted.repeat4 lambdaa.predicted.repeat5 lambdaa.predicted.repeat6 lambdaa.predicted.repeat7 lambdaa.predicted.repeat8 lambdaa.predicted.repeat9 lambdaa.predicted.repeat10
1 342.000 293.804 310.838 310.067 312.017 310.946 310.617 307.541 309.205 294.886 310.732
2 336.000 354.974 353.158 352.174 352.017 348.939 351.039 348.025 353.392 347.942 348.133
3 434.000 440.353 439.852 438.357 441.030 439.179 439.871 440.946 438.834 439.634 439.780
4 320.000 314.976 318.071 316.370 316.225 315.172 314.172 313.520 313.137 314.263 313.724
5 317.000 339.396 341.390 342.775 336.293 334.667 341.305 340.721 336.950 340.594 340.694
6 432.000 455.524 455.702 457.508 455.171 457.047 457.337 456.534 454.010 457.165 456.515
7 419.000 423.902 425.581 431.419 428.275 424.056 424.188 428.379 430.768 429.587 427.131
8 554.000 546.984 573.661 538.719 528.085 582.822 576.855 571.788 578.901 576.408 539.897
9 438.000 417.541 403.886 413.543 418.991 404.437 418.000 406.224 400.954 428.275 387.881
10 315.000 324.315 324.656 322.473 324.943 321.178 324.465 324.973 321.820 317.658 324.866
11 325.000 335.175 335.189 335.210 346.099 340.375 344.297 337.988 345.899 336.639 343.836
12 492.000 411.688 377.270 416.378 430.675 423.026 396.800 406.248 419.427 421.269 415.773
13 370.000 362.956 366.805 363.746 364.411 362.193 364.522 366.301 367.885 366.313 366.292
14 424.000 426.601 421.430 422.703 422.869 422.850 417.960 423.903 416.125 424.039 420.020
15 400.000 394.679 394.649 397.407 397.079 397.432 395.449 396.627 395.625 394.329 397.026
16 406.000 403.344 405.449 406.482 404.758 403.073 405.762 403.179 405.312 404.767 404.813
17 429.000 423.258 427.304 428.393 427.025 426.593 411.706 415.560 426.873 427.833 428.253
18 450.000 424.440 464.969 454.264 441.793 483.038 433.895 446.968 416.555 421.459 425.846
19 342.000 336.171 335.684 336.142 336.163 336.470 336.272 336.616 332.333 336.289 339.461
20 302.000 332.771 343.458 336.620 338.967 339.697 339.766 337.616 339.144 339.072 333.829
21 437.000 439.776 438.981 436.887 442.033 439.097 442.085 446.981 436.674 438.649 444.016
22 407.000 410.921 410.892 411.811 414.598 411.634 412.749 410.694 412.544 411.668 413.436
23 384.000 390.098 390.467 389.183 389.547 391.041 387.731 389.249 391.455 390.623 390.709
24 371.000 369.395 374.629 372.525 376.648 371.754 370.888 371.945 375.143 371.964 373.170
25 417.000 331.535 325.852 318.573 329.389 327.231 331.769 329.584 318.425 318.523 321.857
26 425.000 428.871 429.482 431.151 428.427 422.099 428.985 431.109 428.484 432.647 428.747
27 350.000 359.752 351.569 349.433 355.967 353.982 356.487 354.091 361.335 359.236 358.750
28 444.000 440.952 447.542 439.103 444.493 441.824 444.779 432.874 436.224 439.394 442.657
29 379.000 395.792 381.308 386.939 392.276 393.810 395.810 388.388 393.148 396.878 393.414
30 400.000 413.984 412.596 410.647 411.454 413.647 413.735 411.918 410.513 410.846 413.436
31 378.000 362.918 360.944 359.437 362.078 373.140 362.440 358.473 360.485 363.670 361.480
32 364.000 367.436 371.420 369.326 372.514 369.139 369.892 368.839 371.554 367.648 370.210
33 360.000 361.032 361.898 362.890 357.992 360.885 363.184 356.679 367.405 360.804 358.993
34 382.000 399.559 398.481 398.157 397.041 386.998 401.693 401.201 403.447 400.236 400.573
35 527.000 562.209 565.845 579.912 546.373 566.768 560.444 559.869 578.961 573.889 561.647
36 408.000 404.846 403.144 404.236 403.810 403.558 405.343 403.438 402.619 403.721 403.773
37 421.000 395.586 393.273 390.621 392.492 392.365 353.511 395.788 393.823 359.012 393.261
38 346.000 323.845 323.460 321.626 321.935 318.942 327.084 321.787 320.786 325.183 324.384
39 478.000 503.745 496.183 497.772 500.681 489.993 486.041 493.325 485.856 497.826 495.344
40 420.000 492.141 476.201 457.636 478.742 467.947 479.127 461.184 479.171 475.059 475.070
41 430.000 440.097 444.245 442.393 442.246 442.785 440.097 444.248 452.794 442.152 444.328
42 623.000 568.309 572.464 570.530 564.193 567.127 565.420 562.221 562.287 564.827 570.428
43 457.000 441.351 445.993 447.061 446.364 445.509 449.713 445.140 450.858 443.983 446.654
44 424.000 481.200 454.108 466.315 445.876 459.719 467.112 461.791 455.663 455.004 451.973
45 456.000 455.769 449.357 475.978 436.285 451.460 457.672 458.472 436.563 451.602 442.983
46 411.000 395.715 392.329 391.530 397.852 395.213 393.330 392.816 394.146 393.089 393.410
47 413.000 443.788 452.726 447.504 448.936 450.872 445.083 454.934 449.107 446.857 455.474
48 332.000 330.937 337.471 339.964 342.183 358.373 333.726 337.189 346.813 333.789 335.498
49 489.000 489.101 487.990 488.901 488.522 488.902 488.223 488.901 488.901 487.180 487.236
50 425.000 445.163 450.226 443.284 444.676 445.803 435.347 434.110 446.250 424.686 446.232
51 359.000 370.924 373.426 373.287 370.338 375.167 374.906 373.906 374.937 373.896 374.728
52 418.000 415.788 418.049 419.578 414.191 413.842 415.029 414.484 420.431 412.972 413.708
53 325.000 315.731 315.977 314.774 315.879 317.355 316.645 315.161 319.141 315.903 315.274
54 447.000 451.578 450.218 446.269 450.984 455.023 452.178 450.847 449.985 451.146 451.347
55 464.000 471.743 465.634 461.545 468.266 467.215 468.654 467.073 464.398 460.208 466.609
56 431.000 430.731 430.538 430.538 430.648 430.717 420.646 427.679 430.603 430.848 430.612
57 332.000 361.026 357.794 357.441 360.485 363.321 359.078 360.020 369.109 363.908 360.817
58 329.000 432.758 421.094 430.559 425.155 447.545 439.534 432.815 431.709 427.041 428.740
59 315.000 301.505 301.867 309.660 302.830 302.920 302.279 309.657 303.224 305.787 302.938
60 396.000 410.461 409.714 408.846 409.009 409.700 409.257 413.029 422.227 410.169 406.210
61 390.000 380.754 379.184 384.381 380.744 376.929 381.790 379.595 377.760 380.911 380.885
62 423.000 423.509 427.501 421.950 425.627 422.993 421.504 420.303 436.131 421.675 423.248
63 430.000 441.380 441.105 441.125 443.249 445.566 442.312 444.439 452.262 442.573 439.821
64 429.000 428.721 428.697 428.415 428.401 428.200 418.796 428.498 426.832 428.347 428.077
65 467.000 463.730 464.231 464.584 466.021 462.715 462.241 462.822 462.926 465.065 462.740
66 602.000 586.566 580.200 585.598 583.312 579.231 548.949 559.725 578.458 588.827 580.872
67 461.000 458.622 423.713 431.509 446.004 451.156 453.178 453.769 448.224 456.952 453.482
68 342.000 340.004 337.877 339.450 341.609 341.100 340.030 337.902 343.790 341.816 340.899
69 545.000 437.363 544.003 545.245 553.226 548.297 542.725 549.477 547.634 548.378 534.930
70 415.000 417.542 415.900 416.788 417.898 417.900 416.080 417.900 416.098 416.100 417.900
71 365.000 354.541 359.451 364.695 364.851 363.337 359.761 359.737 363.450 354.757 362.112
72 429.000 381.368 433.250 438.033 439.029 451.085 442.866 419.379 416.565 403.498 441.201
73 336.000 333.549 333.978 335.302 332.362 335.071 333.511 333.382 334.522 335.440 333.591
74 302.000 300.936 304.232 300.961 301.756 296.109 299.939 302.619 299.103 299.732 302.954
75 426.000 431.152 427.804 419.992 430.555 431.698 423.120 427.994 432.472 426.136 429.122
76 364.000 372.557 378.015 380.697 381.299 378.350 371.311 383.055 376.039 374.178 377.386
77 451.000 430.761 432.400 430.611 430.712 432.390 430.707 431.447 433.236 428.823 431.489
78 573.000 572.343 570.389 565.299 573.406 564.969 564.374 569.024 564.516 565.562 564.556
79 447.000 424.908 442.821 432.522 427.582 426.569 422.528 433.618 426.726 431.750 430.923
80 322.000 353.672 352.479 352.408 348.505 350.694 355.078 359.171 345.116 358.572 352.529
81 586.000 577.958 579.454 578.187 574.221 582.936 581.986 580.582 570.342 584.684 571.109
82 459.000 459.963 462.269 460.230 469.928 464.387 460.273 463.005 460.211 459.824 460.477
83 405.000 410.907 397.380 407.145 407.048 408.589 407.210 412.710 405.416 408.734 406.263
84 434.000 427.663 427.571 425.175 430.289 429.765 430.944 428.070 428.008 429.401 425.897
85 441.000 456.394 458.857 458.795 455.759 460.419 456.651 458.870 462.901 462.903 454.817
86 403.000 401.897 401.979 400.800 401.897 400.919 401.457 401.294 400.875 401.298 401.899
87 450.000 439.027 439.538 436.264 440.462 444.861 434.317 438.989 441.879 432.459 445.156
88 372.000 362.100 363.219 365.573 364.714 362.101 362.101 373.232 362.101 367.434 362.103
89 400.000 445.361 446.591 455.741 462.809 469.045 473.650 453.410 449.904 473.686 465.961
90 545.000 572.139 574.398 574.222 572.580 574.114 572.267 573.510 539.604 571.424 574.981
91 411.000 408.148 406.474 407.954 413.278 408.600 404.839 408.071 406.418 407.513 407.369
92 344.000 345.992 340.454 345.865 342.402 345.320 347.727 344.334 346.498 345.932 343.943
93 502.000 513.824 533.138 520.404 521.084 525.846 520.404 509.764 517.524 517.925 511.835
94 401.000 398.082 395.555 394.695 407.506 411.582 398.726 403.316 397.328 408.402 396.165
95 407.000 389.433 394.231 392.555 392.958 392.380 391.255 395.092 397.095 388.718 391.528
96 444.000 440.785 440.732 437.612 438.191 438.749 441.129 437.512 436.798 435.355 437.191
97 321.000 324.832 327.102 320.323 321.898 320.997 326.452 323.576 322.976 324.410 324.402
98 584.000 587.910 586.629 587.334 588.508 577.976 587.931 589.848 589.899 586.847 588.687
99 480.000 465.996 463.911 460.602 460.426 465.359 466.870 463.875 457.500 464.339 463.297
100 510.000 542.376 536.969 531.250 532.346 531.840 539.671 527.849 522.102 528.995 533.132
101 408.000 410.485 414.701 409.254 409.709 410.564 411.998 410.063 409.680 411.222 409.140
102 323.000 329.853 327.896 328.830 330.897 327.041 328.920 327.216 328.930 328.233 324.095
103 438.000 466.208 466.047 462.516 465.389 460.605 453.402 460.322 469.101 467.610 468.697
104 417.000 419.141 417.027 418.010 418.213 417.923 419.362 416.104 418.515 418.500 421.494
105 429.000 419.901 419.899 419.900 419.901 419.291 419.899 419.901 419.901 419.901 419.901
106 434.000 439.871 436.245 433.166 432.792 437.682 433.316 436.112 434.876 431.381 429.103
107 442.000 434.570 433.297 438.872 442.914 434.109 440.651 433.543 430.917 438.749 433.093
108 410.000 417.898 415.813 416.853 419.477 416.069 417.494 419.769 420.764 416.808 417.800
109 335.000 359.871 364.286 358.221 369.954 356.817 373.056 354.425 374.306 354.957 371.669
110 515.000 515.750 496.067 521.117 515.156 520.688 507.004 501.605 506.245 517.661 516.452
111 400.000 399.465 397.716 399.899 399.899 399.078 399.899 398.695 399.190 399.899 399.361
112 429.000 439.132 429.768 444.560 438.315 427.462 435.893 439.100 436.273 438.021 436.911
113 432.000 437.900 446.046 442.350 436.950 444.073 442.576 447.060 430.358 438.039 435.601
114 335.000 330.006 338.359 332.421 335.989 333.927 336.347 337.432 330.937 338.649 337.722
115 395.000 398.134 395.862 400.847 395.738 403.661 394.903 387.310 396.914 393.379 399.581
116 341.000 335.452 336.759 336.260 335.490 336.009 335.154 335.981 336.380 336.422 348.903
117 425.000 428.304 429.944 429.005 429.914 430.424 430.973 429.523 430.310 430.276 428.800
118 351.000 360.632 356.544 360.081 356.036 368.057 358.856 358.985 361.536 356.585 362.353
119 315.000 325.837 323.382 324.228 323.102 315.619 325.724 324.565 318.126 326.873 325.779
120 320.000 315.899 314.099 314.098 314.099 315.899 315.899 314.099 314.098 314.100 314.099
121 588.000 576.268 576.701 574.355 578.915 580.418 571.776 577.809 571.801 568.764 574.513
122 469.000 468.401 456.498 459.718 457.193 461.993 456.247 473.948 461.863 461.269 478.347
123 321.000 351.314 350.935 350.253 349.996 349.431 351.109 349.323 352.241 352.920 354.373
124 310.000 420.864 410.167 403.934 389.439 401.662 391.721 407.420 388.950 391.154 405.271
125 362.000 380.501 392.132 396.004 394.035 393.249 366.711 377.023 398.062 394.566 396.385
126 332.000 346.560 350.979 348.603 357.384 352.514 350.513 352.585 351.949 348.343 348.967
127 307.000 370.776 365.677 366.921 359.192 362.876 367.988 371.265 370.624 367.461 371.574
128 400.000 394.785 397.351 395.493 396.789 394.791 394.655 395.775 395.746 395.340 396.645
129 490.000 480.188 477.074 479.778 472.996 481.991 469.686 477.217 474.113 479.906 474.679
130 354.000 353.658 353.694 354.129 354.713 354.043 354.457 354.333 354.503 355.209 353.379
131 326.000 322.715 326.061 323.551 326.132 324.167 321.867 324.905 324.033 328.265 324.478
132 326.000 326.920 327.364 329.777 318.649 328.015 327.753 332.029 330.788 335.047 327.483
133 409.000 410.394 409.591 410.375 410.216 411.190 410.510 409.044 409.553 411.070 410.525
134 562.000 475.903 472.040 472.310 468.682 478.872 470.895 473.424 478.096 470.627 468.299
135 332.000 341.987 340.332 338.497 338.258 346.378 331.941 334.555 337.852 347.234 338.498
136 472.000 469.238 469.761 466.802 472.777 467.978 462.953 463.434 459.637 465.854 469.330
137 405.000 408.448 408.398 409.303 407.738 407.995 409.043 406.811 407.789 406.162 407.487
138 394.000 397.499 393.832 395.353 396.871 397.804 392.968 397.742 396.942 397.976 396.186
139 324.000 326.849 327.350 326.735 326.811 328.039 327.586 328.770 322.934 328.737 329.379
140 555.000 559.065 555.429 562.329 547.935 571.318 552.239 553.744 564.842 553.566 551.635
141 324.000 328.200 325.837 328.249 327.940 326.981 328.654 325.753 325.498 327.336 329.717
142 422.000 400.771 399.135 416.841 402.554 416.304 404.346 421.982 399.468 408.982 399.832
143 429.000 424.832 432.308 435.768 431.512 431.419 424.389 427.386 433.995 438.164 429.865
144 314.000 315.899 316.100 316.100 316.099 315.899 315.899 316.099 319.520 316.098 319.101
145 445.000 453.874 451.253 449.518 451.697 452.311 456.450 455.094 456.511 455.113 454.714
146 420.000 436.618 441.555 443.511 439.286 444.733 444.032 442.761 436.981 442.118 442.624
147 350.000 351.531 354.010 352.657 354.805 349.796 348.217 353.066 351.118 348.688 353.761
148 381.000 350.255 352.683 349.784 348.226 345.398 351.523 349.920 346.902 349.723 347.192
149 340.000 345.306 345.335 345.638 345.647 335.461 346.119 338.498 345.816 345.820 345.449
150 462.000 475.371 468.578 483.197 476.251 474.095 481.583 475.511 475.461 474.621 475.748
151 545.000 495.332 499.068 503.984 505.349 502.705 499.401 500.749 505.080 486.613 504.836
152 401.000 398.464 398.250 409.986 405.481 400.070 410.977 398.405 400.757 404.605 398.797
153 450.000 466.302 469.148 471.857 469.535 467.966 477.368 466.622 472.921 465.476 475.598
154 495.000 539.681 536.565 562.797 548.028 562.522 530.476 534.507 532.737 539.474 546.234
155 415.000 403.279 439.640 398.909 408.876 405.777 422.401 407.443 426.834 398.500 403.215
156 580.000 514.219 512.729 512.529 514.769 522.694 523.727 513.000 506.973 513.306 510.361
157 412.000 418.184 417.366 418.677 416.049 416.135 417.663 417.198 419.439 413.867 418.360
158 446.000 470.014 467.465 468.522 469.125 469.196 467.158 466.444 463.750 470.146 468.951
159 330.000 328.442 341.747 325.324 328.835 327.880 329.025 328.777 324.544 346.683 345.508
160 325.000 348.098 346.277 341.263 346.925 342.253 345.982 345.912 341.155 342.232 347.315
161 316.000 314.826 313.718 313.426 315.359 315.458 315.696 316.300 315.358 314.293 315.534
162 408.000 406.876 405.309 407.845 404.940 406.051 405.661 406.596 406.928 406.488 404.857
163 428.000 420.563 422.039 421.188 421.962 422.552 427.373 421.088 420.768 422.676 423.278
164 396.000 467.724 464.405 470.255 468.088 464.859 468.623 495.741 467.939 465.711 454.284
165 385.000 317.880 329.879 332.645 325.328 326.687 334.272 324.859 332.069 320.614 321.289
166 335.000 338.511 335.782 334.683 337.659 336.841 337.667 333.226 330.844 338.063 336.149
167 339.000 342.401 341.460 340.749 342.338 342.365 340.798 344.083 342.680 339.947 345.427
168 419.000 428.165 421.298 421.217 427.545 421.026 420.492 420.956 421.023 427.734 420.623
169 321.000 330.706 324.300 325.859 324.364 324.641 328.165 324.978 326.462 327.008 327.582
170 419.000 415.278 415.629 417.230 415.071 416.532 415.322 418.306 416.197 416.816 415.824
171 423.000 417.959 418.194 416.172 410.605 414.468 417.344 417.536 416.221 416.587 417.539
172 416.000 413.356 408.720 417.116 399.098 411.432 412.948 413.183 411.311 412.646 415.300
173 434.000 436.322 421.831 413.441 419.230 418.912 416.873 422.362 424.009 426.456 423.397
174 329.000 347.865 355.973 355.693 351.232 353.336 359.155 357.093 354.482 337.757 348.933
175 450.000 440.795 436.124 426.960 436.782 435.350 437.818 436.909 447.039 431.047 437.402
176 333.000 323.512 322.499 325.905 326.099 325.896 325.899 323.465 324.542 325.897 322.669
177 420.000 428.902 428.901 424.607 418.232 426.919 421.536 422.877 422.080 417.210 424.052
178 315.000 323.656 330.692 327.955 318.909 329.382 323.760 320.845 322.044 321.558 321.022
179 349.000 366.242 345.424 344.179 348.658 348.126 347.433 351.341 351.457 352.084 347.919
180 431.000 401.247 394.521 376.906 404.880 388.710 384.984 386.633 397.806 380.108 385.553
181 407.000 392.909 393.076 394.432 396.593 393.664 394.322 393.782 393.856 393.151 394.477
182 424.000 428.829 424.918 425.736 426.665 426.810 429.035 427.399 425.131 427.481 428.160
183 425.000 418.868 420.869 417.106 410.934 419.380 419.489 421.699 416.220 420.108 416.767
184 588.000 588.746 588.915 579.676 588.671 586.865 589.925 589.455 590.705 586.107 589.775
185 332.000 330.323 335.681 331.864 333.544 334.127 333.597 336.710 329.002 330.883 334.489
186 379.000 404.587 406.184 404.429 402.949 403.136 401.114 432.084 400.368 398.263 400.798
187 586.000 592.000 589.244 594.380 589.631 589.520 588.342 590.883 587.151 590.257 594.286
188 528.000 578.897 578.897 565.335 577.290 578.897 578.897 578.898 579.098 578.899 578.899
189 425.000 484.191 465.252 459.999 461.098 463.031 455.585 461.875 456.597 461.904 455.257
190 398.000 385.686 389.875 387.023 391.747 397.559 389.302 389.249 399.710 392.054 391.044
191 492.000 521.701 515.610 520.241 517.579 513.061 515.552 520.618 511.057 507.724 519.365
192 395.000 405.209 402.863 405.364 402.179 403.771 401.863 400.624 404.558 405.714 398.826
193 503.000 456.375 449.000 448.251 451.570 447.566 452.855 447.806 447.236 441.810 452.019
194 402.000 400.466 399.614 401.897 400.529 401.187 401.457 399.412 399.638 401.289 401.207
195 316.000 339.656 341.180 343.081 345.576 340.785 340.242 340.939 336.787 336.275 345.546
196 537.000 529.895 522.064 514.095 499.492 517.406 530.538 514.229 488.495 519.385 522.724
197 426.000 431.044 429.321 434.461 433.975 431.813 433.154 431.807 430.715 436.799 431.502
198 414.000 429.208 427.107 433.373 426.507 429.427 428.276 427.820 428.893 423.487 429.754
199 460.000 484.235 486.411 482.654 482.676 484.700 486.957 484.301 485.506 482.597 486.140
200 438.000 429.862 436.707 437.174 427.325 436.940 432.451 432.191 436.642 431.601 436.848
201 418.000 402.628 408.270 407.457 408.420 406.281 407.783 402.469 408.419 405.905 409.353
202 432.000 411.635 417.529 414.024 413.919 417.395 410.719 412.766 416.038 420.231 413.772
203 422.000 424.771 432.257 425.663 424.034 423.793 425.992 423.958 424.426 422.858 432.099
204 450.000 444.030 443.472 438.600 441.927 446.612 443.635 437.001 438.995 448.696 446.647
205 362.000 363.164 368.990 374.925 364.437 362.523 370.732 360.169 373.245 362.405 366.381
206 500.000 456.814 461.174 460.180 444.086 460.228 445.639 456.605 451.613 445.794 435.724
207 361.000 363.134 362.998 371.689 338.028 354.138 361.225 369.705 347.234 360.781 358.919
208 439.000 379.459 413.640 418.799 416.322 416.257 417.675 406.688 408.421 417.039 414.866
209 382.000 473.945 475.698 483.699 469.797 466.615 470.024 488.154 471.769 473.968 469.052
210 446.000 447.055 447.223 447.043 448.257 447.012 447.003 447.201 446.858 447.247 446.916
211 420.000 441.938 423.405 431.621 430.532 437.373 430.468 438.545 432.027 432.192 436.603
212 420.000 421.091 422.184 423.555 423.408 424.736 425.355 423.613 423.687 423.971 423.859
213 488.000 392.696 386.921 404.330 386.143 393.216 392.195 397.530 404.490 391.786 384.836
214 395.000 400.294 393.303 397.701 396.298 389.958 395.028 398.810 394.726 397.340 400.563
215 399.000 404.105 403.661 403.412 403.961 403.402 402.968 404.107 403.309 403.219 404.184
216 356.000 358.674 356.930 358.075 357.611 358.082 358.579 357.613 357.994 357.809 357.715
217 440.000 441.524 441.693 437.760 441.665 441.541 441.491 441.643 441.741 441.474 441.652
218 342.000 316.851 330.396 322.177 321.189 324.555 338.513 333.135 339.460 329.553 332.618
219 535.000 421.064 417.922 419.695 424.793 420.091 412.968 425.289 429.900 415.070 421.491
220 525.000 513.890 499.580 503.494 503.036 504.932 503.374 509.857 506.645 503.556 501.559
221 526.000 517.601 510.705 512.044 512.073 510.653 509.467 514.750 509.541 516.093 518.004
222 318.000 325.410 329.146 327.887 326.796 328.461 324.852 325.071 327.768 325.940 326.644
223 518.000 433.035 391.884 404.927 441.985 427.465 409.323 437.585 416.077 430.766 450.567
224 366.000 335.453 335.601 336.360 332.706 336.228 336.875 335.806 335.407 336.186 334.028
225 349.000 356.759 350.989 354.390 356.582 356.018 354.652 353.812 355.503 356.789 357.722
226 396.000 399.899 399.938 400.043 399.899 400.100 400.013 400.100 399.900 398.440 399.900
227 380.000 385.373 383.307 380.540 385.531 376.115 382.810 383.560 378.985 378.734 383.209
228 375.000 384.967 382.400 385.124 385.039 385.416 383.703 388.178 387.077 383.423 385.210
229 455.000 441.137 431.851 447.020 450.887 439.883 438.102 435.156 441.426 444.003 434.771
230 428.000 439.400 436.505 442.784 442.185 442.989 444.436 445.248 446.361 461.076 448.670
231 334.000 336.921 338.618 339.177 339.128 339.248 338.646 333.831 336.844 338.750 333.353
232 337.000 317.170 332.218 318.525 318.033 316.715 318.935 317.387 318.184 316.731 319.855
233 418.000 416.603 418.495 408.735 400.418 416.952 413.329 414.841 419.653 407.283 408.341
234 310.000 324.706 314.372 316.766 310.760 303.101 313.118 330.433 314.062 322.432 321.349
235 395.000 398.036 395.529 398.002 399.689 394.279 400.086 400.464 399.425 399.952 398.740
236 450.000 423.209 415.558 414.404 414.635 420.092 409.935 417.128 427.333 428.366 430.654
237 368.000 368.454 371.136 374.034 370.725 371.581 371.864 371.000 366.970 371.346 369.122
238 468.000 445.337 454.051 457.160 455.462 454.401 450.848 457.351 450.631 455.856 463.073
239 305.000 312.140 309.102 309.960 315.495 317.124 309.102 314.780 317.341 316.067 317.109
240 303.000 310.103 314.235 323.239 311.389 311.561 310.102 330.433 320.218 319.202 310.102
241 316.000 310.001 312.081 310.191 310.485 310.363 310.941 308.245 312.069 304.509 311.052
242 360.000 337.345 342.062 342.633 352.796 333.499 334.597 343.730 344.617 342.584 346.830
243 466.000 462.279 460.013 459.490 453.381 462.746 453.894 462.100 458.655 457.439 454.678
244 422.000 439.920 427.304 431.983 429.396 436.196 433.544 433.740 429.282 428.694 434.288
245 418.000 417.618 421.075 421.142 415.339 412.072 414.697 416.592 417.011 413.857 415.087
246 409.000 412.048 410.136 412.229 412.380 414.732 411.225 410.936 410.114 412.444 413.550
247 326.000 351.686 354.591 351.697 352.709 348.636 348.211 357.974 353.711 350.257 352.537
248 328.000 325.255 393.350 343.442 331.757 337.701 326.822 419.006 398.371 330.475 341.905
249 369.000 369.166 365.122 366.159 362.711 364.202 362.956 366.619 364.126 364.817 365.846
250 346.000 330.614 329.089 335.210 332.180 331.211 330.953 329.672 333.367 334.769 326.187
251 407.000 405.018 405.704 404.018 407.304 408.124 404.497 407.208 406.507 408.470 408.880
252 414.000 406.002 405.817 370.226 377.369 405.994 405.317 413.831 405.217 405.671 404.086
253 501.000 480.428 479.336 481.248 482.128 477.670 477.930 478.955 479.871 478.066 481.697
254 421.000 416.739 417.631 415.776 417.071 417.001 417.221 419.271 415.731 418.429 416.731
255 316.000 337.138 329.373 324.478 331.178 325.990 316.929 318.732 313.641 312.885 328.765
256 328.000 325.949 325.522 328.232 328.336 321.720 323.637 327.617 329.033 325.728 325.072
257 445.000 473.318 433.017 482.542 484.465 483.658 472.668 445.772 465.533 467.452 472.315
258 371.000 339.248 347.352 345.421 342.578 343.928 343.332 347.588 336.922 400.614 352.094
259 484.000 480.232 484.156 481.134 469.665 484.237 477.742 482.211 483.475 482.439 483.590
260 418.000 416.099 416.099 415.100 415.524 415.569 415.899 415.099 415.100 415.100 415.897
261 371.000 371.703 368.716 367.104 376.148 370.067 368.287 369.528 367.525 370.873 373.124
262 331.000 322.846 322.639 322.530 320.366 319.390 319.023 318.903 326.340 321.798 321.344
263 586.000 510.820 519.396 519.846 518.880 517.969 506.097 511.807 498.367 516.838 517.402
264 434.000 454.727 453.407 451.399 447.278 448.610 448.013 453.360 447.933 447.385 451.302
265 412.000 438.278 433.988 436.700 436.941 435.368 436.450 435.563 435.543 436.634 432.378
266 483.000 422.605 433.987 429.448 423.695 426.524 421.437 433.437 438.370 432.956 431.387
267 393.000 386.385 388.984 395.713 387.361 387.671 407.219 389.107 389.170 389.975 391.374
268 386.000 387.476 387.998 387.063 382.010 387.660 387.233 387.157 387.438 388.821 389.458
269 344.000 385.795 372.554 380.973 377.271 391.483 389.376 368.071 387.814 395.391 361.766
270 392.000 382.770 386.732 383.735 383.166 389.011 341.815 410.931 387.340 341.290 383.517
271 460.000 458.179 454.351 450.285 452.974 450.454 453.191 455.248 461.471 450.063 451.632
272 321.000 321.804 328.541 329.841 327.034 335.903 331.089 327.252 325.399 331.424 322.503
273 311.000 371.943 375.843 364.776 369.219 372.698 370.912 381.371 380.063 369.435 364.893
274 391.000 323.897 323.899 323.898 323.898 324.099 323.898 324.098 323.898 323.899 323.898
275 431.000 429.185 428.417 429.288 427.409 428.362 426.299 429.415 427.564 430.422 423.930
276 357.000 351.447 346.568 351.364 350.680 350.026 351.613 350.472 349.455 353.900 352.435
277 414.000 401.086 415.383 417.926 411.098 410.716 407.821 413.796 411.760 408.929 411.418
278 452.000 428.998 442.478 424.944 424.102 433.198 424.102 424.101 424.100 438.974 424.101
279 437.000 392.060 395.953 389.027 392.107 392.215 390.357 388.534 398.311 391.997 397.058
280 315.000 309.680 315.154 310.007 307.729 308.289 312.037 307.965 312.680 310.861 312.615
281 435.000 441.719 441.148 442.177 443.268 445.884 443.126 445.420 443.674 442.156 447.692
282 448.000 428.664 439.245 437.861 433.003 432.931 432.110 425.982 426.758 428.902 426.186
283 416.000 423.790 423.679 423.490 421.621 420.451 421.976 422.563 425.390 424.976 421.789
284 328.000 349.570 331.730 331.047 331.529 324.874 331.988 331.583 330.248 329.704 333.148
285 390.000 399.131 401.851 401.443 401.454 401.429 400.356 401.748 401.201 400.871 401.243
286 310.000 316.099 316.098 316.099 316.100 316.099 316.100 316.100 316.100 316.099 319.101
287 365.000 355.485 354.515 353.929 353.071 352.875 352.949 353.070 353.993 356.985 353.570
288 402.000 415.490 408.148 416.895 410.551 407.395 416.895 416.896 416.896 416.897 413.805
289 372.000 382.258 395.064 382.914 387.597 385.901 383.536 388.607 387.930 398.441 394.974
290 428.000 434.484 432.266 434.140 429.648 435.953 431.941 433.500 440.424 433.465 434.209
291 267.000 435.988 434.144 418.675 442.225 432.510 447.264 432.058 446.016 429.331 429.620
292 330.000 337.184 338.855 335.411 339.793 340.954 337.652 341.026 339.588 340.800 338.825
293 598.000 594.265 598.080 596.232 598.549 598.708 595.851 597.601 600.937 595.801 599.542
294 392.000 410.331 404.326 413.961 409.334 407.776 412.038 409.478 409.838 413.347 399.634
295 430.000 502.341 514.534 508.831 504.579 523.400 506.843 502.827 504.356 492.632 513.322
296 340.000 357.280 349.285 351.192 357.160 356.914 358.195 361.220 354.824 356.670 353.702
297 312.000 324.661 323.044 325.114 326.101 328.364 331.717 318.372 325.626 332.615 322.999
298 327.000 365.426 375.843 372.748 376.263 370.025 371.150 361.982 374.494 364.774 374.141
299 342.000 345.775 348.782 341.076 355.665 351.377 349.553 352.680 346.990 347.364 345.631
300 417.000 417.097 419.596 418.279 417.318 417.593 418.084 419.062 419.716 419.665 421.214
301 318.000 314.541 314.795 314.755 315.969 311.178 312.332 315.320 319.134 315.408 313.712
302 329.000 314.574 324.823 326.291 325.362 315.937 321.881 323.546 323.463 315.568 323.259
303 339.000 351.303 346.558 341.286 344.495 323.565 317.644 350.587 344.431 356.747 344.107
304 334.000 334.935 332.761 331.565 339.168 331.743 334.606 336.057 335.435 330.602 334.054
305 346.000 329.535 323.512 328.091 322.227 327.866 330.259 323.066 337.416 328.047 333.503
306 420.000 427.650 428.262 428.244 428.073 427.895 428.001 426.934 428.297 427.462 428.850
307 371.000 389.661 391.233 389.756 390.778 383.259 392.441 393.214 391.379 388.882 396.932
308 560.000 562.346 568.267 561.946 563.255 562.699 563.216 563.750 561.601 572.584 564.312
309 512.000 485.841 495.657 490.735 489.565 499.064 486.634 489.795 483.839 493.685 489.245
310 410.000 410.102 410.133 409.901 408.540 410.101 409.901 408.352 410.101 409.902 411.307
311 473.000 462.219 463.808 457.832 453.119 454.730 453.728 461.544 454.725 466.094 455.683
312 427.000 431.366 430.342 429.853 429.988 431.860 430.086 431.261 431.955 429.311 430.981
313 326.000 383.066 384.711 385.635 376.175 392.782 393.729 384.058 394.446 390.250 377.324
314 405.000 384.400 395.709 393.441 396.271 394.236 398.302 395.587 399.798 394.767 398.417
315 442.000 445.517 445.949 449.481 449.197 447.831 457.072 445.847 444.066 448.820 446.703
316 330.000 341.034 338.893 337.821 340.679 334.855 338.068 337.213 338.617 341.825 337.495
317 328.000 357.597 362.368 376.502 359.158 364.914 369.434 361.964 359.833 362.848 364.771
318 436.000 433.632 433.817 431.941 433.800 433.586 435.424 433.963 433.856 434.037 433.661
319 410.000 409.509 408.174 411.387 411.421 409.700 410.674 412.501 410.395 410.583 413.517
320 462.000 459.580 462.036 459.041 459.865 456.410 460.713 456.652 459.287 462.641 461.562
321 471.000 473.405 473.900 475.211 475.966 475.801 474.524 469.525 468.885 469.663 475.630
322 427.000 418.907 422.960 418.490 414.484 421.600 418.070 419.441 421.642 419.498 423.230
323 464.000 459.767 459.614 458.090 460.037 459.910 459.647 458.993 461.983 458.953 459.274
324 446.000 454.620 452.144 456.239 458.728 452.560 459.698 456.110 460.158 453.567 449.938
325 583.000 583.771 581.839 587.919 583.615 581.405 588.140 584.207 584.045 578.898 581.657
326 562.000 483.839 478.331 479.001 478.967 487.466 486.677 487.563 485.951 488.628 481.948
327 313.000 317.135 332.255 322.337 317.441 316.594 320.156 329.179 315.257 316.078 322.720
328 422.000 438.554 448.648 435.479 440.122 434.595 440.252 442.220 433.706 430.305 441.167
329 382.000 365.823 366.707 357.558 356.150 374.425 366.701 388.456 397.699 366.746 383.872
330 398.000 442.309 440.523 442.261 439.750 438.108 441.405 441.061 443.968 440.969 440.451
331 371.000 364.415 370.523 366.204 368.188 364.683 366.145 365.449 367.882 366.077 367.008
332 414.000 403.548 409.403 407.080 409.248 407.719 407.386 407.835 403.706 408.649 407.601
333 440.000 441.147 443.132 439.073 434.816 440.833 438.472 442.868 440.915 439.441 439.123
334 599.000 604.072 605.042 582.320 607.660 606.349 605.461 604.321 607.044 583.713 613.312
335 353.000 349.999 351.016 348.857 351.380 350.320 347.913 349.728 349.338 347.148 345.929
336 404.000 355.990 379.363 365.493 379.195 381.980 377.460 377.239 380.192 364.806 376.946
337 406.000 409.398 409.724 416.422 410.182 412.954 409.319 409.426 409.789 410.716 409.881
338 324.000 326.800 324.003 325.938 324.281 328.593 327.226 326.290 328.900 327.212 326.397
339 337.000 335.962 335.975 335.658 335.452 336.156 339.100 335.895 337.783 335.987 335.076
340 395.000 407.539 405.599 403.667 401.139 408.955 399.408 406.512 398.565 406.331 404.028
341 407.000 412.287 414.754 412.961 416.672 410.800 417.507 411.066 414.612 417.987 413.249
342 330.000 368.519 366.532 366.512 366.640 365.235 359.205 361.743 360.813 364.087 359.373
343 417.000 416.996 418.335 434.345 417.554 418.931 417.440 420.140 419.421 420.277 422.776
344 395.000 400.101 399.900 399.899 399.900 399.900 399.137 399.900 399.899 399.900 400.100
345 503.000 399.548 402.752 404.286 403.988 399.882 399.295 404.299 401.840 403.992 401.768
346 448.000 455.288 450.700 460.171 456.116 451.421 454.526 454.773 461.462 452.931 455.937
347 363.000 391.913 380.611 382.405 377.746 384.088 384.899 378.602 384.102 368.086 386.092
348 386.000 373.715 373.215 373.589 375.791 372.057 372.677 372.549 368.216 373.601 376.837
349 330.000 328.075 326.607 325.429 328.422 326.550 325.893 326.357 327.596 326.452 328.304
350 488.000 357.648 352.521 349.220 353.706 363.914 360.599 376.986 357.629 350.243 382.300
351 479.000 469.872 470.441 472.637 471.802 465.230 480.047 469.794 473.390 470.005 463.723
352 338.000 362.789 369.228 356.643 359.326 360.863 355.707 363.598 352.552 370.680 357.966
353 456.000 467.118 470.033 469.795 458.073 462.275 475.953 463.462 463.117 464.733 469.372
354 418.000 459.756 463.526 453.556 463.412 453.001 452.564 464.146 458.813 454.619 460.283
355 322.000 324.898 321.669 325.099 324.900 324.898 322.081 323.568 323.074 324.900 324.898
356 321.000 323.807 323.827 323.533 321.807 322.286 322.612 321.283 325.494 321.066 327.339
357 335.000 386.257 395.681 388.727 392.316 392.058 389.586 371.954 375.041 377.156 395.829
358 394.000 395.945 391.795 389.652 394.890 393.119 393.365 391.309 392.251 392.318 390.891
359 398.000 422.239 419.777 417.743 416.114 420.203 423.039 419.725 421.593 417.354 417.096
360 421.000 404.197 410.474 410.877 416.211 403.542 414.866 412.491 400.714 407.754 413.544
361 364.000 371.389 371.073 370.462 369.716 373.354 372.072 379.999 369.771 373.480 371.451
362 322.000 314.963 314.123 326.574 316.033 319.570 314.588 313.019 314.056 316.246 313.404
363 446.000 462.829 460.466 451.769 458.990 461.979 457.132 455.946 456.858 456.347 460.806
364 340.000 319.621 319.614 318.136 318.337 319.356 321.603 320.001 317.977 320.889 324.933
365 340.000 405.678 392.825 382.778 394.968 379.652 397.202 391.095 406.124 412.580 392.917
366 452.000 373.647 381.434 381.551 378.313 380.099 399.589 395.331 379.948 371.232 378.001
367 367.000 375.029 369.444 370.086 369.540 370.044 369.309 369.024 370.756 371.489 370.818
368 425.000 432.236 424.418 424.431 431.616 424.253 423.395 424.144 425.379 431.751 424.335
369 399.000 370.344 357.304 376.140 351.893 366.145 360.531 372.798 369.395 372.083 373.182
370 420.000 416.989 417.117 417.125 416.149 417.624 417.608 416.443 417.626 416.468 416.975
371 526.000 539.178 539.305 538.372 543.991 534.522 534.695 544.356 537.244 539.001 539.293
372 343.000 346.680 344.307 343.399 348.782 342.856 349.890 345.463 344.794 348.303 345.905
373 420.000 388.465 395.349 395.395 391.867 397.861 389.307 397.361 390.073 390.735 384.907
374 403.000 383.711 362.065 374.713 387.192 375.127 365.346 367.071 362.289 377.416 384.617
375 495.000 469.612 468.742 470.579 468.057 474.624 466.254 473.279 471.058 466.080 469.865
376 564.000 441.902 442.101 441.902 441.902 441.901 441.902 442.101 441.902 441.902 441.902
377 420.000 553.488 540.141 516.872 544.789 487.555 547.209 538.600 555.362 544.632 546.663
378 414.000 406.780 405.706 408.704 412.086 403.372 405.107 410.429 403.362 406.939 404.323
379 328.000 304.665 313.405 323.954 321.309 335.936 329.242 327.529 324.620 322.920 298.575
380 546.000 446.515 441.235 443.493 436.740 436.661 443.730 437.069 443.160 443.378 439.103
381 323.000 311.925 311.459 313.422 312.862 313.053 314.298 310.609 313.023 311.550 311.734
382 413.000 405.892 406.464 406.205 406.627 406.736 406.765 407.479 407.321 406.485 406.670
383 360.000 470.526 463.091 450.897 469.623 475.175 461.530 443.098 458.456 467.264 454.044
384 411.000 413.084 413.413 414.974 410.340 414.005 412.220 413.817 414.104 414.919 414.981
385 346.000 338.807 339.003 339.045 338.383 336.443 337.681 338.628 338.672 338.993 338.336
386 449.000 438.846 435.480 437.767 438.146 444.373 436.606 434.764 436.576 444.335 437.069
387 389.000 325.147 323.611 324.366 325.946 325.871 326.809 326.307 327.768 323.516 325.929
388 340.000 357.128 417.772 353.711 357.673 358.339 349.896 429.176 424.132 346.252 354.471
389 343.000 339.528 337.839 338.012 339.435 338.087 337.873 337.857 337.685 338.114 338.840
390 404.000 412.009 411.122 410.726 410.599 410.797 406.674 408.835 411.703 412.946 411.042
391 451.000 447.418 450.676 449.220 450.872 448.283 449.250 449.312 447.181 450.630 445.714
392 359.000 356.901 356.901 356.902 356.901 356.900 356.901 356.900 336.608 336.525 357.101
393 410.000 409.902 410.102 409.963 408.961 410.017 409.712 410.102 410.103 410.103 411.307
394 340.000 336.132 337.300 338.129 330.660 339.466 337.601 337.861 339.736 337.417 337.261
395 504.000 530.115 547.958 554.263 552.535 551.180 539.327 556.779 550.664 519.403 524.771
396 546.000 460.207 436.674 486.057 448.205 457.577 449.138 443.351 451.724 441.395 451.206
397 392.000 390.879 393.267 402.804 395.707 396.092 405.361 395.225 396.849 396.007 397.902
398 413.000 420.919 421.000 422.859 421.297 429.433 424.168 424.359 422.415 423.431 418.949
399 325.000 360.923 363.511 363.241 348.952 373.598 384.586 351.473 380.705 354.822 359.810
400 297.000 301.334 300.339 301.439 299.540 299.667 300.258 301.850 303.985 301.564 306.439
401 397.000 399.089 396.190 395.639 395.669 396.088 396.830 396.508 396.309 394.918 395.589
402 428.000 423.083 421.920 423.018 421.165 422.281 423.131 423.065 421.951 422.464 429.077
403 440.000 479.187 473.750 468.493 468.276 458.144 457.378 464.551 460.445 467.923 465.726
404 604.000 603.725 609.049 602.227 609.019 607.963 603.584 608.057 608.105 602.659 601.745
405 442.000 449.034 446.103 449.267 446.103 447.575 450.351 446.064 447.934 446.867 446.102
406 462.000 457.564 442.101 455.539 455.055 450.579 455.473 442.881 457.239 448.296 454.590
407 491.000 441.524 449.954 446.687 458.815 447.482 452.308 447.826 447.413 449.195 445.507
408 495.000 503.761 491.339 500.139 498.143 505.057 493.906 494.137 485.627 501.338 507.833
409 394.000 395.411 404.992 379.004 413.772 394.024 378.658 387.774 375.384 396.391 386.732
410 320.000 331.339 327.193 326.980 326.568 330.964 332.081 327.821 329.140 327.101 335.305
411 445.000 444.189 443.748 444.092 444.026 444.080 444.034 444.603 444.390 443.754 445.770
412 350.000 341.526 341.014 341.782 346.424 341.270 341.091 341.083 321.687 341.172 340.741
413 332.000 324.128 322.923 322.987 318.112 324.637 322.233 320.603 319.557 321.307 322.818
414 411.000 418.280 418.090 418.555 423.343 416.456 422.341 421.613 418.327 418.712 415.269
415 341.000 404.078 385.632 407.780 395.782 410.920 397.149 408.915 407.308 405.993 382.300
416 452.000 455.287 455.333 453.045 453.898 455.762 455.983 454.657 457.297 455.815 457.941
417 398.000 408.947 412.416 416.663 399.886 413.755 405.408 412.864 410.482 411.973 410.036
418 357.000 359.778 356.622 357.370 358.878 359.313 356.366 356.950 357.693 357.079 355.997
419 410.000 413.362 415.649 413.325 410.700 415.972 411.660 414.549 416.790 417.362 413.201
420 411.000 312.356 332.713 324.762 320.392 323.287 332.857 324.934 334.081 324.746 323.571
421 316.000 314.098 314.100 314.100 314.099 314.100 314.101 314.099 319.520 314.099 314.099
422 454.000 434.015 430.441 429.745 430.965 431.837 432.343 430.570 428.165 434.316 429.419
423 492.000 519.689 527.689 542.887 524.023 542.128 522.513 516.335 519.566 515.456 522.289
424 405.000 414.452 415.312 415.980 414.053 416.946 417.507 417.053 416.224 417.987 417.040
425 357.000 371.710 363.250 362.794 366.910 370.425 364.217 368.835 366.284 362.482 365.531
426 424.000 414.244 422.376 418.334 421.433 426.053 422.833 421.715 419.265 424.318 425.432
427 335.000 335.953 336.267 330.839 342.181 339.819 338.886 336.449 335.855 336.444 337.345
428 438.000 446.959 443.208 440.254 442.378 442.349 446.747 446.136 443.751 447.272 439.975
429 525.000 451.391 486.954 491.702 495.009 490.140 487.219 489.601 492.259 491.104 493.336
430 331.000 391.922 387.671 384.361 382.719 392.351 391.039 383.704 377.376 414.142 388.781
431 431.000 361.879 367.533 377.071 372.461 380.320 373.670 375.379 365.948 358.079 380.062
432 591.000 587.023 591.082 588.116 587.908 590.532 591.748 588.029 586.140 590.044 588.864
433 414.000 426.414 417.768 420.826 419.367 420.529 419.124 420.215 425.064 420.878 424.175
434 388.000 377.229 375.103 376.292 375.440 377.436 375.104 375.102 375.127 375.580 375.104
435 585.000 586.847 589.731 578.995 585.390 591.521 587.787 589.967 576.819 584.866 575.288
436 398.000 399.620 401.182 397.341 401.494 397.904 401.805 399.642 399.924 399.914 398.886
437 441.000 364.567 348.076 347.838 346.108 356.817 349.110 356.368 348.296 354.957 345.665
438 309.000 323.902 320.577 322.624 320.493 319.018 323.900 323.901 318.076 312.149 323.901
439 518.000 525.806 533.124 532.634 534.175 533.271 530.626 533.332 530.288 522.577 526.152
440 416.000 417.793 417.899 416.784 417.073 415.100 416.690 415.109 415.099 415.650 416.225
441 412.000 417.017 418.008 415.211 415.758 417.796 414.417 415.470 419.919 416.985 416.078
442 385.000 400.656 401.892 407.161 410.681 409.773 397.192 403.939 411.165 396.961 405.959
443 325.000 322.099 321.899 321.900 322.099 322.099 321.899 322.099 322.100 322.100 321.899
444 325.000 329.561 320.175 319.091 318.841 319.768 330.690 319.197 327.693 319.400 327.188
445 328.000 335.821 334.098 338.976 336.014 339.567 347.398 336.996 337.854 335.740 343.365
446 397.000 398.201 395.677 395.677 399.631 399.759 399.695 400.931 390.859 396.987 398.232
447 407.000 410.295 411.834 410.432 410.577 411.640 410.529 412.186 411.113 411.348 411.223
448 491.000 487.690 507.780 490.460 504.095 490.613 489.967 499.100 510.264 476.523 496.303
449 328.000 320.086 325.935 319.249 310.161 318.366 318.896 315.490 319.520 320.493 319.144
450 430.000 425.380 428.350 426.577 428.328 428.502 411.882 415.618 423.144 427.264 427.432
451 413.000 406.480 404.788 404.858 405.049 405.434 402.020 406.431 412.725 408.748 405.211
452 364.000 362.469 363.719 364.539 362.182 364.795 365.922 366.131 360.266 373.582 365.340
453 404.000 396.399 393.858 388.895 393.700 394.389 394.488 389.826 391.793 392.692 393.598
454 431.000 432.038 430.123 431.370 434.158 430.837 432.036 439.857 429.744 430.722 437.277
455 461.000 434.629 450.560 439.598 449.183 448.738 448.512 444.910 437.863 447.046 446.786
456 346.000 339.488 338.334 343.805 341.328 342.688 349.257 340.737 341.694 343.952 339.654
457 461.000 458.975 458.813 458.208 459.625 458.514 466.645 457.872 460.402 455.488 460.887
458 446.000 445.200 445.748 449.503 448.340 447.794 446.276 447.109 448.230 450.164 447.460
459 334.000 338.954 339.173 338.786 337.873 335.635 337.902 339.036 335.915 338.176 338.542
460 368.000 347.781 355.903 351.883 354.313 357.623 356.645 357.870 363.102 356.684 359.455
461 421.000 385.939 379.037 379.100 377.107 382.439 384.442 382.774 379.940 378.381 379.641
462 536.000 536.512 536.690 545.586 541.074 541.329 533.500 533.731 533.513 543.887 548.704
463 399.000 416.099 416.098 417.116 416.099 415.898 416.097 416.099 416.097 416.095 416.098
464 584.000 591.910 594.448 594.536 595.202 591.437 591.509 595.169 593.567 593.076 598.129
465 592.000 586.735 585.864 584.849 585.609 580.880 586.290 584.713 585.310 586.832 586.894
466 450.000 442.018 442.948 440.490 443.116 442.583 441.134 440.458 444.344 440.121 442.921
467 359.000 354.498 355.803 356.369 358.210 354.964 353.999 359.408 351.187 353.819 354.959
468 325.000 321.554 325.533 320.360 319.829 321.131 320.772 322.526 324.162 321.845 325.545
469 315.000 310.222 316.118 312.916 302.275 307.667 320.269 309.642 324.086 309.630 317.002
470 411.000 402.039 402.545 405.905 403.854 397.154 394.396 394.379 403.453 398.137 396.844
471 548.000 550.263 540.525 543.519 560.077 548.080 557.462 540.160 550.428 549.169 554.989
472 450.000 446.451 448.274 442.677 449.206 443.392 447.099 448.998 448.696 441.992 448.650
473 310.000 300.175 306.187 296.846 317.039 308.402 307.426 319.385 307.236 310.018 304.923
474 362.000 347.631 357.741 350.764 351.249 342.781 351.290 349.221 347.065 349.172 350.872
475 322.000 324.281 323.885 323.504 323.381 324.473 321.478 321.046 326.258 324.458 328.912
476 396.000 396.160 395.692 399.411 394.672 394.229 393.688 394.589 396.280 391.898 396.802
477 408.000 413.667 412.779 412.280 410.903 415.972 412.778 413.323 412.347 417.362 411.236
478 540.000 507.907 501.200 489.559 487.362 508.867 504.758 510.285 499.346 505.323 494.985
479 399.000 393.560 387.362 388.422 388.864 391.850 392.781 391.184 414.328 388.260 388.586
480 448.000 446.109 442.256 444.210 441.484 444.118 442.610 447.396 447.290 443.549 441.837
481 460.000 405.558 408.012 405.604 408.897 407.583 405.532 406.872 408.898 406.300 408.409
482 331.000 325.125 324.100 324.715 324.099 324.099 324.100 324.099 322.934 324.297 324.099
483 448.000 451.657 448.946 448.604 445.655 451.135 449.341 428.394 449.108 447.939 448.578
484 444.000 439.260 432.566 421.027 432.568 447.292 436.337 443.277 432.590 436.769 453.597
485 336.000 321.402 323.204 326.978 321.102 319.529 323.657 320.306 322.542 324.014 320.549
486 502.000 414.979 422.921 419.847 422.196 435.497 407.920 416.989 432.959 418.567 420.286
487 409.000 405.558 409.344 407.481 403.025 406.298 408.107 405.203 405.365 408.285 406.224
488 405.000 406.715 406.553 406.437 405.140 405.905 406.765 406.283 405.127 405.537 407.133
489 555.000 564.882 564.012 565.352 564.975 580.903 564.217 559.997 573.326 565.120 563.595
490 427.000 424.287 420.559 425.294 420.266 420.329 416.951 419.047 422.094 419.978 420.064
491 452.000 437.560 436.553 437.269 438.423 435.754 439.150 436.360 436.666 437.670 436.751
492 329.000 320.647 314.656 327.157 328.556 325.566 318.697 328.919 319.925 319.025 319.803
493 491.000 479.258 487.771 479.001 469.005 480.484 490.675 495.744 478.752 502.739 492.564
494 440.000 450.407 448.916 449.704 449.344 449.447 456.264 445.094 448.880 454.104 450.412
495 363.000 293.599 300.721 290.708 282.474 295.518 305.653 293.499 296.287 288.487 289.784
496 432.000 441.235 426.741 426.952 427.129 431.545 426.730 424.425 432.208 423.979 427.211
497 514.000 478.101 478.102 479.648 483.937 486.524 480.609 493.325 484.391 478.102 480.053
498 536.000 583.096 582.897 582.897 582.897 582.896 582.897 582.897 583.032 582.896 582.899
499 462.000 461.901 458.278 461.617 460.049 458.766 449.494 461.817 459.187 461.142 461.314
500 510.000 518.799 516.827 526.565 521.223 520.922 521.273 524.544 503.109 522.197 525.403
501 357.000 385.903 370.542 372.672 370.682 373.057 380.444 367.473 370.499 382.205 375.509
502 418.000 421.096 420.897 421.097 421.096 421.097 421.098 420.898 421.098 427.765 421.097
503 406.000 410.898 411.957 379.402 404.294 404.381 391.913 411.646 401.382 388.062 408.537
504 464.000 448.762 441.764 450.284 448.034 438.221 447.965 443.545 447.950 443.341 448.720
505 400.000 399.458 397.716 399.899 399.900 399.900 398.054 397.414 397.631 399.900 399.493
506 400.000 397.947 403.816 405.038 405.182 401.696 400.175 397.977 405.008 403.139 403.711
507 333.000 328.134 323.355 327.565 323.722 320.994 326.626 327.916 327.998 325.168 327.465
508 452.000 507.438 502.752 502.841 503.972 507.323 502.959 498.304 505.675 499.999 504.701
509 586.000 563.160 558.393 554.815 555.997 556.823 553.137 560.107 544.291 547.207 558.778
510 461.000 450.287 453.438 447.342 451.821 447.973 446.398 447.559 450.762 446.136 452.253
511 606.000 594.607 596.033 577.055 594.378 593.166 594.888 593.005 595.680 583.702 594.304
512 338.000 349.413 346.721 346.401 353.215 347.879 344.696 345.966 347.131 349.516 353.396
513 368.000 368.746 370.088 356.166 362.407 361.937 363.181 355.849 360.060 361.598 361.355
514 442.000 443.517 448.886 444.560 449.047 449.335 446.773 448.529 451.343 451.699 452.682
515 417.000 402.096 408.148 402.096 402.096 407.395 402.095 402.122 402.972 402.096 402.096
516 328.000 322.876 321.349 319.399 318.188 318.584 323.406 318.624 319.537 320.700 319.412
517 477.000 474.025 496.634 496.159 507.599 497.528 496.368 487.958 499.537 501.420 495.792
518 350.000 329.161 323.818 330.345 340.341 325.114 332.409 323.534 326.260 327.280 329.504
519 421.000 412.536 416.767 414.786 416.367 416.539 417.214 419.001 418.598 417.470 416.239
520 592.000 553.654 549.511 549.893 552.000 554.622 556.238 544.459 549.992 549.831 558.561
521 422.000 431.094 429.347 428.122 430.029 429.515 428.982 425.800 430.086 432.647 429.520
522 473.000 475.839 470.676 469.964 501.217 473.499 472.647 473.476 465.799 472.493 472.320
523 567.000 567.926 570.069 563.943 563.929 575.144 568.359 565.725 558.276 560.359 566.425
524 425.000 383.511 369.182 378.292 383.697 396.122 388.401 388.422 388.406 381.397 385.206
525 429.000 454.045 426.926 448.192 431.617 435.504 433.826 431.120 426.743 442.881 428.987
526 351.000 360.695 360.083 361.625 354.399 358.896 366.922 369.484 365.276 361.216 354.754
527 416.000 420.383 419.698 420.102 422.460 420.102 420.538 420.102 421.381 419.903 422.611
528 354.000 342.396 344.042 346.836 348.249 340.292 345.806 340.500 349.149 340.637 338.270
529 524.000 528.132 519.933 523.251 520.806 523.052 517.000 518.967 518.906 516.893 518.067
530 334.000 345.914 346.198 346.544 349.918 346.149 345.719 345.922 346.469 344.833 346.509
531 462.000 457.911 457.083 458.823 456.891 458.040 459.178 440.936 457.833 451.459 455.887
532 477.000 510.090 493.036 492.855 489.546 485.314 490.054 491.375 494.642 468.368 496.687
533 528.000 513.765 494.731 496.837 508.675 501.164 523.771 508.743 475.340 510.396 504.572
534 335.000 333.962 331.149 333.689 329.211 337.308 333.442 328.588 329.176 328.864 327.492
535 323.000 326.112 330.138 326.443 331.020 322.588 349.615 324.664 331.132 327.932 331.854
536 412.000 420.102 420.103 420.102 419.904 420.102 420.104 419.905 419.901 420.103 422.611
537 551.000 547.224 547.574 547.103 548.991 534.344 549.933 548.331 545.021 547.718 542.637
538 406.000 404.964 404.153 405.410 405.488 405.795 405.847 406.677 405.391 406.482 405.030
539 502.000 508.419 503.605 504.323 512.318 503.313 498.116 496.080 510.457 504.996 505.241
540 415.000 407.654 408.420 406.101 407.256 405.929 407.782 408.626 408.977 406.534 408.692
541 336.000 338.917 339.151 338.083 338.967 339.504 338.494 337.991 338.604 338.146 339.487
542 312.000 324.259 327.057 318.704 323.458 323.679 325.582 326.552 327.599 327.092 319.071
543 330.000 329.216 327.379 331.090 330.557 328.931 329.842 329.027 331.417 328.195 328.877
544 508.000 434.644 467.300 473.975 465.121 469.527 473.550 460.902 471.154 469.184 472.178
545 588.000 588.224 587.366 585.508 588.671 587.961 587.212 586.955 596.860 587.920 584.921
546 410.000 408.361 416.106 411.222 409.491 418.379 408.803 413.502 414.552 415.603 415.445
547 540.000 498.227 500.516 499.882 509.962 503.287 504.916 504.374 497.920 489.220 505.653
548 362.000 360.821 372.101 370.001 371.901 371.902 372.102 373.232 371.902 371.902 370.290
549 404.000 406.702 403.273 406.713 406.884 406.224 406.762 407.254 406.890 406.111 407.645
550 370.000 360.365 359.740 358.287 362.019 361.643 361.759 359.696 363.016 362.619 362.446
551 482.000 379.059 374.538 378.721 377.355 384.909 375.534 374.762 366.658 375.288 374.937
552 398.000 398.363 398.852 398.663 397.956 399.346 401.898 394.795 399.215 398.945 399.891
553 466.000 466.250 467.190 464.415 476.911 476.984 459.051 486.552 470.836 470.033 472.291
554 405.000 401.899 401.200 399.959 401.699 401.898 401.898 399.412 400.875 401.361 401.897
555 576.000 562.779 558.587 559.856 561.394 563.716 558.730 555.713 559.433 554.210 561.309
556 457.000 410.104 410.797 410.103 410.903 411.865 410.101 410.674 409.902 410.516 410.325
557 478.000 459.605 458.209 452.826 457.365 456.098 458.453 458.264 456.561 457.245 458.103
558 431.000 438.494 438.364 439.073 443.154 439.251 451.839 433.841 435.748 431.256 430.760
559 411.000 346.307 349.707 348.732 347.515 347.048 352.600 354.293 347.961 352.082 348.428
560 409.000 401.557 407.979 407.767 405.614 405.514 402.504 407.811 400.738 407.022 406.746
561 375.000 357.775 353.942 366.736 362.704 358.164 359.322 373.809 367.892 357.277 362.744
562 400.000 403.185 353.578 374.617 380.714 389.421 367.040 393.592 405.512 382.543 399.098
563 331.000 326.328 323.097 323.098 324.151 326.350 325.020 327.589 322.897 326.538 324.095
564 412.000 412.225 404.683 402.169 402.544 413.546 411.075 408.783 403.874 418.576 399.617
565 485.000 506.717 499.070 497.082 507.444 496.230 503.609 505.600 500.740 501.991 496.033
566 407.000 412.422 413.238 411.596 411.886 412.719 413.175 411.194 411.901 410.643 411.139
567 405.000 401.572 400.390 396.900 401.982 397.239 399.867 399.446 402.420 404.344 395.961
568 406.000 406.952 407.042 406.300 409.021 403.939 406.546 406.418 406.125 406.922 407.458
569 342.000 342.912 335.915 341.480 333.436 334.490 335.937 337.072 334.630 342.523 337.759
570 321.000 326.117 330.632 325.519 325.501 326.148 327.789 328.028 326.000 326.625 324.854
571 361.000 365.096 363.415 367.135 363.833 366.493 365.524 363.729 364.517 367.827 363.868
572 387.000 385.651 388.967 385.068 393.588 384.381 388.755 389.315 387.667 385.999 386.577
573 323.000 316.249 316.169 316.398 316.240 316.635 316.212 316.206 317.058 316.467 316.427
574 390.000 394.057 397.484 387.844 399.252 399.325 397.196 391.145 400.916 389.021 398.523
575 440.000 440.660 448.695 436.907 465.023 465.806 451.832 458.116 445.834 461.414 425.583
576 332.000 386.815 374.247 371.188 378.100 377.426 379.765 391.373 373.357 377.961 370.833
577 456.000 451.960 454.058 451.541 450.709 457.091 455.393 458.481 453.376 458.109 453.470
578 488.000 433.861 437.968 434.126 442.492 439.262 435.458 438.221 444.018 439.257 441.379
579 332.000 325.242 315.593 316.064 310.183 315.637 303.964 309.969 316.952 305.480 322.095
580 316.000 317.311 315.529 315.744 319.100 318.101 316.748 321.388 316.546 320.675 317.985
581 459.000 413.615 409.086 403.992 412.077 411.298 408.447 409.037 411.071 408.906 405.501
582 335.000 314.262 316.487 329.743 329.478 330.266 328.839 334.524 334.206 328.529 308.069
583 332.000 337.614 338.096 338.344 338.400 336.102 338.103 338.055 338.005 338.535 335.571
584 459.000 454.634 458.977 446.914 457.023 460.672 455.203 453.101 449.298 445.685 454.946
585 396.000 389.581 389.425 387.532 390.775 389.358 387.462 387.942 387.435 391.931 389.410
586 489.000 487.469 488.950 486.315 488.903 486.390 488.902 488.902 486.804 488.901 487.226
587 417.000 391.060 385.925 384.777 381.807 385.081 386.383 374.238 372.495 363.568 381.484
588 404.000 404.301 406.830 404.394 407.091 404.894 406.747 406.557 406.323 408.140 406.647
589 400.000 418.097 418.495 418.097 418.098 418.097 418.098 418.098 419.653 418.098 418.098
590 357.000 358.900 358.902 358.900 358.900 358.901 358.060 358.901 358.901 336.525 358.901
591 437.000 454.475 459.799 479.007 471.031 493.252 482.584 469.033 442.213 462.376 476.702
592 542.000 541.136 540.863 542.452 543.453 545.907 545.105 540.782 543.062 545.534 542.723
593 419.000 422.474 421.976 421.268 417.939 421.243 421.064 420.979 422.161 422.341 421.328
594 350.000 328.171 325.038 334.753 318.880 333.901 318.203 325.747 316.128 330.451 326.633
595 424.000 449.279 442.478 449.120 446.397 437.635 445.113 444.489 445.362 438.974 448.687
596 443.000 506.012 497.538 503.323 503.355 508.579 508.669 504.076 491.943 503.741 499.459
597 439.000 436.763 434.448 435.624 437.132 436.463 434.824 436.724 436.553 436.649 436.456
598 324.000 309.101 309.100 309.100 309.101 309.100 309.101 309.101 309.102 312.149 309.100
599 311.000 328.286 317.518 312.290 318.374 316.597 333.768 321.864 314.997 312.361 329.863
600 331.000 330.656 330.015 327.560 331.378 326.690 330.102 330.211 327.838 329.120 329.324
601 428.000 429.516 429.645 430.321 428.540 426.632 427.604 427.444 428.971 428.865 430.262
602 400.000 408.528 409.098 408.698 408.897 409.098 408.898 409.098 408.898 408.285 409.097
603 309.000 312.309 314.771 314.063 315.495 317.379 313.513 311.572 314.626 315.024 313.001
604 375.000 370.825 369.992 359.067 371.416 370.925 378.132 370.744 371.165 369.333 369.580
605 450.000 426.529 426.208 426.429 423.170 425.875 428.643 426.095 423.743 427.473 433.351
606 388.000 376.231 373.509 376.067 374.827 376.276 372.895 378.146 367.293 371.911 374.318
607 323.000 369.081 367.661 348.865 362.870 374.735 366.780 349.850 362.319 368.733 363.371
608 448.000 442.942 437.348 438.958 438.780 435.125 438.194 438.416 437.035 440.061 437.388
609 372.000 378.446 382.589 379.993 378.186 379.260 382.609 377.033 379.744 378.873 379.962
610 328.000 331.736 328.725 328.451 326.285 330.740 329.126 330.136 334.271 327.750 328.093
611 460.000 460.190 455.252 460.266 458.713 460.549 460.583 460.251 454.513 453.561 460.378
612 504.000 509.319 513.586 527.186 518.739 513.664 515.652 526.160 512.473 519.398 519.130
613 433.000 444.966 443.609 442.393 442.586 440.022 443.262 442.924 444.322 441.381 442.364
614 564.000 571.162 574.459 574.747 571.225 569.923 570.234 569.670 576.256 578.712 580.335
615 439.000 452.466 423.131 426.910 426.791 429.640 397.614 415.027 421.472 429.828 424.730
616 440.000 397.721 434.507 440.389 435.304 447.270 436.216 437.232 436.497 435.832 431.687
617 484.000 482.582 503.934 491.323 493.379 495.532 489.222 506.901 492.554 491.695 495.286
618 396.000 394.002 386.723 390.818 396.949 396.212 393.367 393.453 391.896 391.783 394.609
619 435.000 417.181 416.911 417.186 418.738 413.632 417.597 418.551 424.066 416.929 419.880
620 397.000 385.510 389.409 388.940 390.568 386.199 386.797 387.286 394.555 387.257 387.490
621 420.000 417.498 419.537 421.181 421.320 418.193 419.205 417.321 421.080 417.560 416.258
622 408.000 449.115 449.760 431.906 436.908 418.505 450.795 432.617 423.663 426.942 449.303
623 437.000 437.070 434.149 432.885 435.799 433.216 434.938 435.965 437.169 434.043 437.304
624 406.000 414.938 419.856 411.216 417.441 403.817 422.531 419.993 417.383 424.607 410.705
625 393.000 399.941 398.917 357.497 360.527 401.827 392.831 400.836 394.345 397.994 400.695
626 452.000 447.249 453.655 445.160 452.076 447.945 455.385 450.762 450.727 454.923 447.638
627 466.000 463.564 459.465 463.468 469.186 465.373 462.039 462.197 476.317 460.194 463.549
628 410.000 423.331 415.458 422.320 423.113 422.762 434.604 422.579 423.132 419.373 422.504
629 447.000 430.567 428.918 434.880 441.414 438.831 422.528 426.474 437.142 423.657 433.579
630 487.000 463.125 460.818 459.981 464.795 461.046 462.331 457.541 463.296 454.601 457.771
631 420.000 431.688 426.139 422.774 425.993 426.243 426.107 426.240 427.150 425.847 427.338
632 565.000 573.326 570.505 581.070 574.251 573.825 573.971 570.278 574.094 574.112 566.267
633 309.000 309.102 309.349 309.960 313.323 317.124 315.495 314.780 317.341 311.414 317.109
634 437.000 437.795 438.301 437.201 437.333 437.312 437.725 438.511 437.066 437.324 434.071
635 481.000 481.104 481.102 481.102 481.103 481.102 480.903 481.102 481.103 481.103 481.103
636 390.000 396.524 398.302 396.475 395.562 396.237 398.121 397.241 393.963 394.999 397.674
637 329.000 324.100 324.003 323.900 324.099 323.901 324.453 324.101 324.101 323.900 324.099
638 349.000 346.544 342.825 341.071 345.170 342.566 346.550 340.808 343.968 343.917 347.130
639 336.000 321.804 321.239 321.103 325.416 321.104 321.102 324.184 321.102 320.901 322.503
640 550.000 415.023 525.976 517.585 524.388 523.650 514.726 524.401 516.968 524.022 520.554
641 315.000 321.495 320.086 318.057 321.646 321.464 321.586 319.714 322.077 321.866 321.415
642 420.000 418.535 429.243 418.780 426.160 429.761 430.632 441.764 429.688 429.779 431.560
643 466.000 465.360 462.419 460.053 453.381 459.021 453.894 464.148 461.155 460.046 456.866
644 315.000 342.185 345.649 313.730 315.679 345.466 350.557 345.406 345.760 304.035 346.337
645 345.000 393.840 404.787 402.205 412.123 399.346 420.850 391.175 390.671 393.666 385.288
646 451.000 453.368 447.432 449.582 452.006 452.897 453.220 452.028 452.283 452.154 451.254
647 337.000 405.768 404.716 402.621 405.015 410.157 417.373 409.519 421.249 401.731 390.864
648 439.000 393.589 401.076 394.232 398.153 390.510 400.560 393.741 401.140 395.574 398.907
649 330.000 318.839 330.818 331.644 331.251 332.125 331.924 330.761 322.764 329.025 327.903
650 538.000 498.656 508.448 512.739 511.694 512.758 507.324 505.488 497.741 514.078 511.533
651 326.000 388.895 379.610 382.145 386.009 388.847 381.084 389.129 386.233 384.856 391.843
652 392.000 418.553 410.491 406.229 413.069 407.707 414.399 409.608 413.824 407.490 402.047
653 366.000 396.308 399.198 398.608 398.547 408.417 409.468 404.865 406.511 409.927 406.830
654 318.000 306.068 317.441 317.055 315.572 309.565 313.184 304.387 308.869 313.612 312.405
655 561.000 548.339 550.568 527.919 567.741 562.375 523.174 539.181 542.226 545.509 539.427
656 436.000 429.775 440.340 430.903 437.960 440.816 432.128 431.508 450.220 475.583 436.411
657 463.000 441.102 450.135 443.134 451.810 447.306 449.068 444.656 441.103 443.914 453.193
658 348.000 355.976 351.383 351.616 353.096 351.238 352.206 352.934 357.827 353.375 353.896
659 313.000 322.911 324.662 327.955 320.770 329.382 320.721 327.268 327.706 322.959 325.405
660 451.000 422.970 424.940 425.275 435.696 428.304 434.842 432.066 427.310 429.587 428.455
661 384.000 387.965 388.378 395.891 392.130 388.709 384.447 390.621 387.331 388.221 393.869
662 459.000 458.733 460.085 459.272 456.714 457.980 458.335 458.553 457.707 459.909 458.275
663 421.000 329.196 333.266 332.118 326.928 330.621 328.758 328.385 320.331 323.553 325.133
664 481.000 480.903 481.103 480.904 481.102 481.931 481.103 480.902 481.102 481.102 479.026
665 320.000 325.453 330.632 325.265 325.220 326.807 326.596 327.809 326.546 326.370 327.440
666 310.000 348.986 346.229 344.127 349.189 339.523 353.298 353.346 348.122 332.479 353.132
667 402.000 401.795 401.898 401.719 401.633 400.525 401.898 399.412 401.600 400.607 401.897
668 530.000 438.996 441.863 439.356 437.711 441.045 437.261 437.116 440.179 439.781 439.264
669 583.000 536.096 536.098 536.097 536.097 536.098 536.095 536.096 536.097 536.098 536.098
670 421.000 418.098 418.097 420.385 418.098 418.096 418.096 418.098 418.097 427.765 418.097
671 415.000 420.102 420.103 420.103 422.460 420.102 420.101 420.100 421.080 419.902 420.103
672 387.000 373.068 384.472 372.735 374.767 374.849 378.213 375.099 374.509 373.621 374.189
673 584.000 568.664 579.766 570.852 569.687 569.301 535.192 546.377 567.668 562.159 570.498
674 307.000 317.780 319.326 318.209 317.647 319.014 316.918 321.491 318.355 316.342 322.492
675 424.000 420.523 421.341 420.430 419.996 420.342 420.081 418.821 420.804 420.580 420.349
676 449.000 452.019 454.165 452.293 449.591 452.186 452.672 449.704 454.551 458.002 449.352
677 610.000 469.647 456.111 467.818 462.402 470.027 469.252 466.812 464.361 455.181 465.406
678 505.000 515.018 514.798 516.001 513.337 517.106 515.294 510.586 513.262 513.667 517.605
679 408.000 402.828 404.387 403.695 404.631 403.921 404.130 404.434 402.318 405.118 405.258
680 377.000 403.316 392.805 405.233 399.983 394.492 392.515 391.523 383.775 397.878 388.053
681 502.000 416.097 408.097 412.290 411.331 412.112 400.108 415.610 408.850 411.278 401.799
682 319.000 339.486 329.549 330.628 325.177 332.564 333.576 334.298 333.228 328.012 329.658
683 394.000 390.101 388.144 390.764 385.160 385.408 385.968 388.335 386.502 390.190 387.468
684 290.000 306.752 315.526 309.184 310.776 304.988 309.316 311.106 317.686 306.344 307.268
685 407.000 410.281 415.649 412.280 413.087 411.865 414.481 410.674 416.790 412.209 413.159
686 444.000 442.930 441.625 439.412 443.231 446.138 442.690 442.375 431.594 448.654 446.234
687 322.000 318.588 324.146 326.883 321.227 321.342 339.247 322.996 318.576 326.413 318.388
688 331.000 315.992 317.293 317.958 316.180 312.883 315.050 315.120 316.284 313.091 313.302
689 402.000 406.745 413.731 416.790 419.178 409.699 408.467 408.119 407.978 409.068 411.207
690 320.000 329.107 330.867 328.417 326.490 329.359 326.811 328.448 329.287 329.953 327.536
691 386.000 372.555 386.215 369.547 387.558 376.379 385.474 384.894 385.308 383.521 374.662
692 364.000 433.779 429.817 430.845 429.991 430.165 434.359 430.697 434.626 433.472 429.939
693 328.000 322.801 317.710 322.283 316.350 315.238 318.694 320.907 319.228 323.445 321.858
694 312.000 322.838 330.257 319.995 325.062 322.749 325.253 320.746 323.534 323.375 335.207
695 378.000 374.368 386.056 377.463 381.249 375.757 381.813 377.443 371.570 376.464 383.065
696 331.000 328.495 329.638 327.773 328.179 326.881 329.498 329.527 327.243 327.864 329.056
697 330.000 341.190 341.813 336.980 342.407 339.492 339.956 339.098 340.661 343.871 343.490
698 451.000 437.315 441.666 443.447 441.840 440.079 437.488 438.298 439.907 440.825 438.018
699 313.000 411.146 399.870 399.589 393.577 404.196 414.563 404.699 406.178 394.346 397.006
700 408.000 413.897 412.587 414.747 411.652 411.727 416.587 412.999 417.716 415.032 408.285
701 440.000 444.839 444.617 430.097 441.534 445.593 444.090 444.791 452.794 443.067 445.042
702 375.000 382.514 385.045 387.903 383.653 377.436 383.262 383.958 384.527 382.268 383.075
703 462.000 461.205 456.477 461.027 461.062 461.041 461.216 461.149 455.700 454.744 460.337
704 450.000 429.983 429.380 425.915 429.505 430.442 432.270 432.671 429.728 423.128 431.155
705 417.000 419.366 427.849 426.616 422.580 421.116 423.212 422.309 428.448 424.351 425.040
706 452.000 448.215 451.434 446.474 441.061 446.928 442.550 452.367 444.724 445.434 445.005
707 526.000 521.348 522.805 517.353 523.617 525.265 526.999 521.410 529.729 520.004 524.886
708 460.000 459.873 462.300 460.162 469.923 460.342 460.160 460.094 465.391 459.883 459.221
709 428.000 434.016 436.841 433.676 438.651 436.597 435.854 438.352 435.562 438.644 438.395
710 310.000 308.125 304.691 306.904 306.620 296.518 319.670 301.648 312.103 306.607 321.567
711 412.000 402.951 403.835 401.376 404.898 405.528 412.911 408.131 406.004 406.278 403.970
712 320.000 337.687 337.284 338.270 339.354 335.725 336.015 336.727 333.029 340.366 334.103
713 468.000 484.809 486.216 483.208 507.702 480.900 480.853 481.580 481.917 481.911 481.238
714 316.000 345.149 332.763 328.459 338.731 329.709 331.058 342.829 332.805 324.748 332.641
715 602.000 596.591 599.418 599.651 598.774 597.215 596.377 597.639 596.724 595.050 598.261
716 328.000 345.984 341.487 329.331 343.838 344.792 346.755 348.274 333.027 343.028 343.617
717 579.000 528.099 528.098 565.335 577.290 528.098 528.098 528.096 528.098 528.097 528.098
718 354.000 356.808 348.585 350.682 347.648 349.056 347.347 348.917 351.291 349.358 347.664
