data_index Htime.observed Htime.predicted.repeat1 Htime.predicted.repeat2 Htime.predicted.repeat3 Htime.predicted.repeat4 Htime.predicted.repeat5 Htime.predicted.repeat6 Htime.predicted.repeat7 Htime.predicted.repeat8 Htime.predicted.repeat9 Htime.predicted.repeat10
1 4.857 4.752 4.635 4.661 4.632 4.424 4.547 4.560 4.531 4.692 4.611
2 2.679 3.698 3.152 3.402 3.240 3.492 3.276 3.561 3.583 3.467 3.547
3 4.721 3.740 3.301 3.813 4.104 3.990 3.930 3.918 3.725 3.902 3.844
4 4.999 6.112 6.059 5.839 5.704 5.973 6.323 6.138 5.887 6.032 5.462
5 2.954 5.165 5.144 5.160 5.127 5.148 5.296 5.227 5.341 5.119 5.285
6 4.732 4.815 4.915 4.756 4.790 4.934 4.814 4.820 4.810 4.749 4.745
7 2.542 3.367 3.288 3.222 3.482 3.338 3.728 3.255 3.390 3.511 3.357
8 4.437 4.735 5.001 4.866 4.790 4.749 5.171 4.742 4.647 4.901 5.007
9 4.511 4.584 4.598 4.848 4.629 4.584 4.699 4.839 4.644 4.793 4.715
10 4.561 4.583 4.717 4.513 4.614 4.454 4.572 4.565 4.597 4.564 4.654
11 4.515 2.374 2.792 2.878 2.553 3.524 2.076 2.501 2.465 2.355 2.531
12 6.033 5.258 5.063 5.182 5.333 5.199 4.976 5.156 5.295 5.266 5.323
13 4.401 4.860 4.860 4.896 4.810 4.815 4.851 4.816 4.838 4.667 4.869
14 4.565 4.834 4.781 4.760 4.722 4.709 4.727 4.813 4.830 4.834 4.745
15 4.500 3.080 3.224 3.163 3.284 3.083 3.292 3.227 3.198 3.264 3.276
16 4.459 4.871 4.831 4.902 4.884 4.904 4.824 4.814 4.924 4.828 4.896
17 4.782 5.151 4.878 4.697 4.796 5.040 4.702 5.081 5.112 5.069 5.226
18 6.644 4.161 4.212 3.818 4.144 4.100 4.225 3.754 4.239 4.322 4.024
19 4.008 3.584 3.556 3.477 3.378 3.625 3.481 3.410 3.350 3.426 3.524
20 5.749 4.495 4.255 4.471 4.612 4.602 4.636 4.422 4.483 4.585 4.630
21 2.954 3.955 4.023 3.994 3.987 4.050 4.004 3.988 4.142 3.976 3.949
22 4.724 4.695 4.614 4.475 4.640 4.446 4.634 4.684 4.713 4.648 4.738
23 4.861 3.093 3.246 3.331 3.332 3.307 3.217 3.177 3.374 3.232 3.269
24 9.159 6.663 6.897 6.855 6.979 6.723 6.815 6.914 6.838 5.935 6.753
25 2.824 3.561 3.551 3.532 3.481 3.534 3.665 3.460 3.501 3.530 3.589
26 2.235 3.447 3.379 3.885 3.854 3.699 3.253 3.569 3.318 3.908 3.636
27 3.787 3.879 3.948 4.001 3.813 3.933 3.877 3.995 3.864 3.886 3.971
28 -0.165 2.223 1.387 2.537 1.597 1.579 1.668 1.144 2.243 1.560 1.903
29 4.365 3.094 3.129 3.114 3.193 3.300 3.073 3.093 2.980 3.033 3.348
30 6.982 5.675 5.787 5.894 5.612 5.740 5.858 5.771 5.831 5.757 5.685
31 5.556 5.301 5.270 4.615 5.310 5.035 5.118 5.153 5.258 5.291 5.335
32 4.605 4.573 4.719 4.662 4.716 4.676 4.675 4.738 4.700 4.672 4.622
33 2.381 3.548 3.412 3.653 3.445 3.360 3.588 3.044 3.376 3.438 3.157
34 5.016 4.218 4.500 4.187 4.278 4.380 4.159 4.271 4.125 4.229 4.552
35 0.255 4.359 3.760 3.930 3.943 4.133 4.023 3.860 3.708 3.905 3.959
36 5.937 6.256 5.967 6.022 5.707 5.951 5.823 6.201 5.880 5.974 6.002
37 1.196 2.548 2.474 2.630 2.585 2.649 2.775 2.834 2.651 2.763 2.706
38 2.475 1.733 1.599 2.736 1.656 1.478 1.194 1.244 1.460 1.506 0.863
39 3.525 3.756 3.936 3.838 3.532 3.809 3.707 3.594 3.881 3.987 3.801
40 6.946 5.956 5.906 6.126 6.070 6.061 6.039 5.838 6.061 5.970 6.090
41 6.519 5.594 5.675 5.756 5.605 5.442 5.719 5.612 5.550 5.777 5.722
42 2.001 3.367 3.206 3.042 3.281 3.084 3.526 3.232 3.237 3.201 3.085
43 6.167 6.271 6.102 6.098 6.375 6.030 5.893 6.118 6.007 6.252 6.053
44 4.459 4.370 3.978 4.349 4.195 4.029 4.290 4.272 4.362 4.064 4.157
45 4.673 4.812 4.694 4.780 4.719 4.781 4.768 4.755 4.775 4.827 4.708
46 5.617 5.137 5.233 4.709 5.181 5.183 5.062 5.255 5.156 5.352 5.136
47 1.358 2.374 2.509 2.383 2.532 2.310 2.382 2.444 2.279 2.383 2.207
48 4.228 4.970 5.083 5.018 4.959 4.962 4.874 4.977 4.965 4.901 4.946
49 4.475 4.939 5.101 4.928 5.039 4.986 4.859 4.681 4.964 4.835 4.932
50 2.682 2.569 3.143 2.506 2.529 2.555 2.527 2.818 2.361 2.476 2.442
51 4.297 4.049 3.871 4.026 3.986 4.122 4.063 3.730 3.998 4.071 4.126
52 4.702 4.628 4.616 4.629 4.679 4.618 4.741 4.666 4.601 4.575 4.732
53 4.804 4.141 3.797 3.890 4.066 3.893 4.026 3.798 3.927 3.824 3.939
54 4.741 4.824 4.785 4.779 4.807 4.844 4.775 4.781 4.776 4.781 4.800
55 6.083 4.155 4.093 3.964 4.036 4.138 4.154 4.061 4.136 4.104 4.218
56 4.401 3.818 3.868 3.929 3.912 3.680 3.921 3.914 3.741 3.809 3.980
57 6.101 4.915 5.040 5.128 5.289 5.281 5.074 4.913 4.990 5.191 5.161
58 3.561 3.721 3.788 3.630 3.090 3.713 3.474 3.655 3.645 3.658 3.701
59 4.376 4.059 3.943 4.116 3.882 4.249 3.971 3.893 4.007 4.007 3.975
60 7.960 6.806 6.571 6.804 6.743 6.744 6.778 6.938 6.655 6.008 6.584
61 2.475 3.952 4.012 3.953 3.788 3.637 3.873 3.925 3.740 3.910 3.961
62 4.183 3.578 3.494 3.439 3.546 3.615 3.459 3.480 3.711 3.076 3.526
63 2.857 3.432 3.399 3.469 3.535 3.561 3.736 3.475 3.563 3.450 3.614
64 0.776 1.512 1.697 2.993 1.795 1.480 1.996 1.875 1.729 1.811 1.729
65 6.190 5.070 4.998 5.048 5.067 5.004 5.123 4.997 5.071 4.961 5.026
66 5.520 4.967 4.926 4.902 4.972 4.949 4.863 4.971 4.865 4.992 4.914
67 4.613 4.737 4.696 4.701 4.676 4.709 4.600 4.710 4.740 4.765 4.696
68 0.670 2.601 2.557 2.176 2.867 2.636 2.897 2.495 2.984 2.400 3.237
69 6.056 4.975 5.054 4.398 5.145 4.983 4.980 5.165 5.134 5.062 4.937
70 4.598 4.998 5.063 5.090 5.061 5.139 5.086 5.099 4.993 5.021 5.111
71 5.317 5.269 5.143 5.631 5.466 5.459 5.201 5.442 5.513 5.412 5.557
72 4.635 5.719 5.338 5.653 5.653 5.825 5.510 5.527 5.507 5.748 5.604
73 4.529 4.002 3.837 3.880 3.747 3.887 3.959 3.934 3.949 4.098 3.999
74 5.700 6.163 6.121 6.077 5.781 6.067 6.162 6.129 5.985 6.072 6.117
75 0.325 3.407 3.521 3.391 3.453 3.426 3.665 3.396 3.467 3.000 3.479
76 3.984 3.699 3.093 3.912 3.800 3.994 3.923 4.045 3.712 3.615 4.023
77 2.208 3.579 2.979 3.518 3.374 3.211 3.450 3.443 3.397 3.467 3.162
78 1.653 3.933 3.897 4.058 3.960 4.054 3.937 3.962 4.021 4.053 3.909
79 0.088 4.400 3.353 3.396 3.194 2.943 3.427 2.901 2.637 3.015 2.956
80 4.196 2.537 2.444 2.475 2.621 2.454 2.434 2.290 2.458 3.006 2.648
81 5.336 5.305 5.388 5.403 5.311 5.268 5.303 5.322 5.375 4.969 5.359
82 1.105 3.023 3.058 2.901 2.869 3.078 2.931 2.948 3.022 2.848 2.922
83 5.846 3.499 3.112 3.297 3.190 3.635 3.339 3.556 3.025 3.330 3.000
84 4.113 4.065 4.056 4.102 3.917 3.946 3.965 3.955 4.142 3.986 4.025
85 2.631 4.104 3.904 3.904 3.923 3.713 3.944 4.063 3.976 4.053 4.060
86 6.261 6.258 6.119 6.165 6.159 6.111 6.249 6.087 5.989 6.302 6.058
87 5.048 5.045 4.966 4.332 4.896 4.492 4.941 4.884 4.935 4.660 4.780
88 4.858 5.019 4.859 5.027 4.957 5.010 4.995 5.016 4.972 5.041 4.953
89 4.779 4.721 4.620 4.648 4.658 4.703 4.649 4.665 4.669 4.696 4.577
90 3.835 4.804 5.159 4.971 4.821 5.071 4.935 5.011 4.786 4.938 5.107
91 5.064 3.535 3.495 3.296 3.044 3.046 3.362 3.337 3.319 3.187 3.357
92 4.003 3.867 3.928 3.800 3.862 3.801 3.962 3.789 3.846 3.926 3.882
93 3.404 4.251 4.292 4.204 4.205 4.291 3.959 4.385 4.198 4.214 4.214
94 4.951 4.631 4.367 4.467 4.582 4.405 4.546 4.551 4.704 4.297 4.455
95 5.505 4.264 4.422 5.387 4.332 4.452 4.267 4.637 4.348 4.621 4.591
96 1.857 4.534 4.547 3.978 4.207 4.539 4.268 4.122 4.271 4.300 4.215
97 4.632 5.279 5.369 5.159 4.837 4.883 5.319 5.254 5.397 4.999 5.042
98 5.177 5.326 5.384 5.396 5.283 5.001 5.295 5.000 5.360 5.286 5.373
99 5.978 5.410 5.242 5.296 5.283 6.034 5.508 5.532 5.231 5.575 5.347
100 4.146 3.339 3.255 3.160 3.171 3.599 3.599 3.353 3.172 3.296 3.243
101 4.954 4.988 4.988 5.054 5.096 4.965 5.003 4.981 5.012 5.091 5.134
102 5.806 5.265 5.251 5.294 5.351 5.122 4.915 5.136 5.280 5.303 5.127
103 5.033 4.698 4.724 4.715 4.755 4.703 4.710 4.837 4.846 4.675 4.732
104 4.395 4.250 4.204 3.925 3.989 4.240 4.394 4.079 4.217 4.005 4.129
105 5.093 3.438 3.343 3.364 3.468 3.602 3.278 3.329 3.382 3.105 3.305
106 3.250 4.164 4.348 4.447 4.106 4.180 4.260 4.228 4.482 4.326 4.313
107 2.760 3.993 3.955 4.112 3.994 3.963 3.983 4.005 4.035 3.975 4.093
108 1.182 4.689 3.303 3.331 2.998 3.198 2.492 3.500 3.838 3.647 3.158
109 4.028 4.415 4.230 4.377 4.362 4.560 4.491 4.665 4.382 4.452 4.295
110 5.190 4.149 4.315 4.294 4.240 4.281 4.260 4.053 4.232 4.866 4.395
111 4.988 5.007 5.110 4.951 4.906 4.992 4.861 4.870 4.880 4.895 4.821
112 6.799 6.366 6.438 6.637 6.538 6.614 6.583 6.247 6.647 6.484 6.691
113 5.414 2.347 2.138 1.970 1.997 2.109 2.676 2.012 2.578 2.031 2.300
114 4.414 4.010 4.023 3.843 3.851 3.780 3.898 3.693 3.884 3.908 3.965
115 5.635 5.043 4.886 5.059 4.977 4.992 4.827 5.124 4.846 5.058 4.814
116 4.883 4.092 4.053 4.310 4.455 4.181 4.127 4.180 4.289 4.101 3.927
117 4.712 4.145 3.627 4.045 4.040 3.943 4.113 3.879 3.990 3.958 3.982
118 4.758 4.809 4.771 4.655 4.739 4.739 4.755 4.691 4.808 4.713 4.661
119 3.147 3.114 3.389 3.385 3.032 3.086 3.129 2.516 3.190 3.300 3.254
120 5.580 5.065 5.210 5.197 5.174 5.163 5.171 5.388 4.985 5.365 5.433
