data_index lambdaa.observed lambdaa.predicted.repeat1 lambdaa.predicted.repeat2 lambdaa.predicted.repeat3 lambdaa.predicted.repeat4 lambdaa.predicted.repeat5 lambdaa.predicted.repeat6 lambdaa.predicted.repeat7 lambdaa.predicted.repeat8 lambdaa.predicted.repeat9 lambdaa.predicted.repeat10
1 342.000 357.846 347.549 347.335 344.777 335.585 351.848 346.210 354.865 345.539 334.735
2 336.000 344.616 345.614 338.367 345.744 344.725 344.409 341.719 347.055 348.077 344.614
3 434.000 422.972 425.596 427.627 427.224 427.198 426.883 423.508 431.957 428.127 429.650
4 320.000 309.987 309.647 308.967 307.162 309.310 315.428 317.582 310.566 318.151 319.778
5 317.000 332.189 333.691 336.016 347.894 332.248 332.580 330.043 329.025 342.484 342.334
6 432.000 411.229 413.072 416.625 412.625 416.303 423.824 414.859 424.422 417.254 413.042
7 419.000 425.693 433.211 423.146 432.771 438.276 418.478 435.181 429.282 428.818 437.118
8 554.000 563.574 559.208 559.714 549.722 557.318 545.498 563.549 564.778 566.131 565.055
9 438.000 460.210 454.824 458.340 460.423 452.439 457.352 453.115 453.922 461.118 468.072
10 315.000 321.940 319.616 320.914 319.697 319.726 320.381 319.900 319.632 317.421 320.217
11 325.000 381.724 371.279 365.156 374.682 371.835 367.179 370.137 376.686 380.712 312.345
12 492.000 520.501 509.891 517.324 567.250 505.638 494.389 517.452 503.063 515.492 514.398
13 370.000 364.093 367.485 366.179 366.881 365.165 367.584 365.419 365.389 369.708 365.505
14 424.000 424.242 420.148 421.411 418.692 420.564 417.457 420.939 421.129 421.242 414.002
15 400.000 396.266 396.419 394.602 397.860 394.295 397.803 395.290 395.440 394.438 395.336
16 406.000 406.079 407.487 406.071 406.598 406.562 404.997 405.922 405.762 406.115 406.352
17 429.000 418.543 421.858 420.349 420.163 422.007 422.900 418.390 419.072 421.472 404.256
18 450.000 343.519 396.537 393.908 363.690 383.295 352.028 387.259 375.956 359.716 346.840
19 342.000 355.562 346.997 346.913 350.354 349.429 353.916 347.467 356.190 362.390 350.435
20 302.000 300.982 344.505 294.428 298.689 301.566 346.999 301.301 306.517 282.662 303.160
21 437.000 440.205 439.753 446.126 438.847 439.609 439.549 443.447 439.587 443.256 437.466
22 407.000 408.383 407.509 407.039 405.928 406.344 405.695 408.134 406.324 405.957 408.492
23 384.000 378.243 379.422 380.294 380.034 383.373 377.888 380.051 380.947 379.772 377.517
24 371.000 373.619 367.918 369.061 368.218 368.600 368.622 369.628 373.428 374.989 367.473
25 417.000 335.266 332.735 328.986 326.736 333.188 328.714 337.036 336.779 333.555 330.601
26 425.000 428.200 436.421 433.929 429.707 447.221 432.697 428.035 432.419 430.234 447.978
27 350.000 349.405 346.303 346.375 346.295 347.919 345.298 340.634 352.089 339.346 344.883
28 444.000 446.997 447.617 447.450 447.267 446.324 444.427 445.766 445.720 448.438 448.396
29 379.000 368.570 381.001 373.675 379.501 375.301 376.577 372.447 359.637 373.924 374.330
30 400.000 412.538 409.058 411.107 413.767 408.783 407.655 410.365 411.960 410.295 411.092
31 378.000 383.966 387.259 387.816 386.896 390.664 392.056 384.883 389.066 386.722 383.122
32 364.000 369.644 369.882 367.280 373.216 369.760 364.873 371.307 368.579 371.811 370.111
33 360.000 362.279 362.187 362.116 361.817 361.043 362.997 362.900 361.494 361.461 362.198
34 382.000 393.957 392.862 393.051 393.924 392.946 394.247 393.858 390.030 394.929 393.012
35 527.000 503.940 503.949 479.533 502.356 466.420 504.878 507.879 499.336 508.857 513.171
36 408.000 405.628 405.767 404.886 406.849 406.353 405.365 405.636 406.182 405.973 405.657
37 421.000 401.871 390.346 402.970 407.795 357.526 402.033 402.160 402.310 402.074 401.801
38 346.000 344.285 346.239 346.145 340.224 346.775 343.181 347.297 349.371 348.093 345.704
39 478.000 578.421 548.515 578.192 573.270 599.350 575.589 562.029 571.814 584.141 576.447
40 420.000 425.686 431.643 425.915 430.838 432.957 430.885 427.254 425.887 426.520 427.940
41 430.000 461.670 460.419 459.469 462.732 463.592 456.380 453.782 460.337 460.201 460.561
42 623.000 623.777 614.353 613.642 617.598 620.044 618.297 589.811 610.294 613.345 617.043
43 457.000 437.227 462.745 440.446 439.922 440.654 442.635 441.992 444.217 436.300 460.132
44 424.000 421.232 418.767 423.957 422.474 419.495 424.071 421.140 424.985 420.440 423.083
45 456.000 467.435 472.424 467.905 433.022 469.200 472.096 468.020 466.794 469.317 467.099
46 411.000 407.101 406.208 404.592 406.219 405.938 405.376 408.414 406.378 408.228 405.794
47 413.000 433.095 429.481 429.425 430.707 434.692 425.879 429.762 416.488 432.901 415.562
48 332.000 326.122 325.982 321.945 328.120 325.612 328.775 329.453 326.417 327.943 325.747
49 489.000 480.491 480.107 483.310 482.760 481.987 481.086 488.181 474.651 480.169 483.367
50 425.000 429.822 426.072 431.927 434.529 434.719 440.293 434.231 428.022 437.152 438.617
51 359.000 363.476 349.007 347.944 345.150 348.085 358.945 344.782 349.888 349.857 346.193
52 418.000 417.557 420.459 419.300 419.692 418.937 418.975 418.540 419.511 420.043 420.263
53 325.000 321.393 321.251 322.487 320.727 320.566 319.918 320.462 321.906 321.026 320.881
54 447.000 458.212 445.436 459.631 456.894 457.327 454.635 461.481 458.389 456.423 464.038
55 464.000 442.477 437.945 454.069 442.617 442.362 440.287 431.147 434.588 432.372 442.164
56 431.000 423.885 422.967 422.568 424.297 417.052 425.181 424.619 423.480 420.347 422.842
57 332.000 336.295 345.342 344.480 341.982 338.763 344.629 343.500 341.605 339.749 347.065
58 329.000 366.697 367.495 372.244 396.173 368.094 377.315 360.504 385.501 387.917 368.494
59 315.000 307.937 307.129 310.212 312.164 306.319 317.311 306.911 304.316 309.149 312.654
60 396.000 391.014 401.198 391.588 393.452 391.571 410.634 391.577 392.211 394.339 398.773
61 390.000 385.709 385.601 385.161 384.536 385.139 387.048 385.488 384.655 386.407 385.987
62 423.000 442.233 441.421 447.730 448.380 441.134 441.485 442.392 445.261 442.385 440.285
63 430.000 447.449 437.886 437.302 439.552 438.363 437.972 450.852 440.877 451.327 441.300
64 429.000 432.336 433.564 430.085 435.501 422.318 430.311 433.233 432.405 424.828 430.769
65 467.000 460.714 453.448 456.851 455.345 460.419 459.329 453.742 459.148 460.477 460.539
66 602.000 581.033 574.131 548.913 572.068 587.080 573.271 573.933 568.818 605.793 575.715
67 461.000 482.707 483.491 448.126 490.924 485.904 446.935 440.926 407.725 482.530 489.702
68 342.000 351.471 352.469 350.447 354.689 352.899 350.224 354.259 351.744 352.834 352.346
69 545.000 525.493 530.805 529.169 530.928 524.264 532.617 532.557 368.303 534.968 529.544
70 415.000 416.766 415.315 410.785 413.485 413.502 414.721 414.109 414.703 414.322 413.330
71 365.000 374.026 373.916 368.430 374.619 373.679 374.152 379.097 359.103 386.866 363.144
72 429.000 429.879 437.014 432.614 434.171 440.401 433.710 431.526 431.538 444.296 435.104
73 336.000 342.033 341.602 342.698 341.879 342.755 332.347 343.909 339.731 341.125 340.205
74 302.000 282.446 283.628 291.327 273.305 281.974 287.602 279.055 279.365 287.556 281.591
75 426.000 428.486 430.720 425.669 426.041 425.955 428.173 426.426 420.143 425.640 426.822
76 364.000 378.935 380.306 377.255 379.476 381.111 382.537 381.225 382.836 376.816 380.626
77 451.000 439.695 441.248 440.037 438.153 440.802 441.434 441.306 440.473 439.068 440.888
78 573.000 565.577 561.402 565.423 565.755 561.864 569.587 567.992 565.386 568.154 562.085
79 447.000 438.958 450.162 428.917 450.777 436.556 448.154 439.135 437.295 447.643 443.322
80 322.000 327.388 336.117 323.619 344.921 328.554 335.520 343.018 326.140 327.259 325.152
81 586.000 573.888 573.758 572.083 569.245 571.450 575.666 565.676 541.502 573.304 580.762
82 459.000 457.361 440.423 462.260 458.126 480.808 440.653 454.276 460.999 451.585 459.898
83 405.000 394.312 397.281 395.676 398.441 397.263 397.696 421.022 392.886 418.915 397.235
84 434.000 444.344 430.202 444.760 442.805 439.425 435.650 428.114 440.063 428.535 441.436
85 441.000 461.263 451.184 446.442 452.694 438.268 451.808 451.846 462.336 455.633 454.623
86 403.000 408.972 403.963 404.249 405.098 404.035 399.993 410.665 404.835 407.406 406.665
87 450.000 427.423 429.098 435.090 442.195 440.762 434.185 430.477 434.918 441.248 437.272
88 372.000 370.060 366.906 367.234 370.568 367.714 366.253 369.868 367.389 367.762 368.227
89 400.000 431.162 447.934 432.394 435.193 458.616 440.771 445.777 447.029 449.671 447.620
90 545.000 567.219 563.595 568.196 571.102 557.578 553.972 568.874 561.247 546.259 558.328
91 411.000 418.214 402.501 419.269 419.771 420.051 415.836 419.080 420.384 414.435 416.898
92 344.000 343.814 347.715 345.019 342.255 342.972 349.614 342.240 342.932 347.011 341.599
93 502.000 524.867 526.646 519.416 531.969 524.579 531.159 529.583 535.497 525.362 528.000
94 401.000 456.848 432.529 438.147 436.184 439.348 453.594 434.728 439.189 437.946 437.066
95 407.000 391.515 393.099 388.880 394.399 398.687 388.479 400.762 393.233 390.017 392.740
96 444.000 430.733 433.444 432.256 433.789 442.171 430.410 433.510 432.737 432.923 433.046
97 321.000 318.656 322.581 314.601 319.892 318.772 319.435 319.076 317.378 317.599 322.076
98 584.000 577.024 577.992 578.280 578.175 581.897 573.652 588.047 576.398 580.708 582.369
99 480.000 457.123 456.552 547.808 549.909 454.233 457.355 452.678 455.962 447.771 456.080
100 510.000 482.289 489.204 476.608 487.775 487.924 493.326 493.673 487.474 500.462 500.882
101 408.000 403.576 404.229 404.955 400.391 404.159 404.737 415.116 400.482 401.757 399.048
102 323.000 323.898 322.599 321.043 325.737 322.423 322.385 323.432 324.214 325.023 321.454
103 438.000 451.624 459.639 445.215 444.833 462.874 497.767 458.682 433.879 456.892 443.062
104 417.000 421.578 418.980 419.632 421.369 420.369 421.744 420.459 424.896 421.545 422.351
105 429.000 414.066 414.683 416.051 413.676 416.714 415.098 416.353 418.230 416.289 416.270
106 434.000 430.837 425.276 430.235 429.835 429.217 431.492 430.056 425.728 432.836 428.605
107 442.000 428.344 430.460 427.523 426.233 430.113 430.841 429.038 427.009 430.607 435.684
108 410.000 414.920 413.663 413.287 414.077 415.153 411.089 410.856 413.290 412.679 412.503
109 335.000 387.280 385.601 386.057 384.751 391.720 385.951 393.493 388.079 385.490 391.806
110 515.000 540.990 528.498 544.891 532.914 534.119 532.846 549.841 539.405 527.628 525.829
111 400.000 402.148 400.785 401.165 401.397 399.117 399.418 399.734 399.580 399.248 399.179
112 429.000 432.352 422.475 423.804 421.786 431.404 432.210 429.110 429.921 439.872 439.064
113 432.000 454.886 456.160 444.765 454.982 453.084 455.429 455.330 454.926 453.847 451.578
114 335.000 331.465 330.661 329.382 330.463 321.026 329.141 325.712 322.926 327.494 324.792
115 395.000 415.354 414.351 404.277 417.559 400.767 406.260 412.814 411.628 403.530 411.015
116 341.000 343.074 340.367 338.219 338.327 333.895 340.131 338.323 335.947 335.529 340.588
117 425.000 428.698 427.932 430.574 433.813 427.293 432.027 426.351 430.282 427.743 428.812
118 351.000 365.539 368.570 363.390 362.123 366.428 361.631 367.261 365.951 364.370 366.623
119 315.000 319.047 319.297 318.263 318.156 320.084 321.680 318.816 318.830 317.041 319.345
120 320.000 333.220 325.327 329.524 328.070 329.467 330.031 327.447 323.992 328.339 345.971
121 588.000 551.115 586.607 571.994 539.284 561.564 556.822 564.719 564.204 558.479 571.395
122 469.000 455.067 449.014 450.965 454.773 446.522 446.323 445.848 447.758 447.583 443.198
123 321.000 349.993 352.147 345.871 344.581 347.730 349.991 351.420 344.930 351.521 349.107
124 310.000 317.680 324.801 319.198 319.445 321.347 317.379 357.399 348.941 326.152 347.958
125 362.000 411.864 414.008 425.966 408.744 424.121 413.479 430.090 421.683 411.089 408.521
126 332.000 327.994 331.206 332.304 328.490 332.583 356.269 335.404 357.700 339.337 335.304
127 307.000 350.334 348.281 355.531 356.810 355.405 358.975 358.671 358.009 352.373 356.217
128 400.000 397.987 395.261 400.928 399.404 399.906 398.790 398.499 398.760 398.398 399.666
129 490.000 492.832 509.979 508.099 515.338 508.228 513.830 492.096 508.364 503.822 495.348
130 354.000 350.275 350.071 350.261 350.244 350.274 350.271 350.080 350.072 349.233 350.248
131 326.000 334.562 336.751 326.622 334.048 336.220 337.697 334.858 335.862 337.897 328.278
132 326.000 331.640 331.039 329.394 327.940 329.158 328.878 330.953 330.764 333.753 325.231
133 409.000 404.946 402.167 405.390 402.180 406.483 403.910 407.955 407.066 404.717 404.106
134 562.000 455.317 476.442 470.316 464.911 470.525 467.712 456.974 466.806 462.012 465.953
135 332.000 338.666 338.150 338.942 339.608 339.286 346.287 343.023 336.617 338.886 339.930
136 472.000 441.693 450.493 445.672 431.748 432.078 426.618 415.588 446.545 447.697 429.213
137 405.000 413.261 414.746 414.753 413.858 412.771 413.574 415.027 413.456 412.675 412.949
138 394.000 398.410 399.789 399.878 397.093 399.509 400.128 402.965 405.241 402.726 400.785
139 324.000 328.052 326.205 325.837 326.257 327.067 327.662 325.077 326.658 325.697 326.079
140 555.000 555.019 552.756 552.181 549.375 550.062 554.178 558.562 553.108 551.345 555.717
141 324.000 319.496 321.293 319.142 320.282 319.268 320.223 321.653 322.392 320.063 320.924
142 422.000 412.545 422.435 422.525 410.013 412.364 413.855 410.466 408.226 418.944 407.774
143 429.000 428.994 422.529 424.578 427.401 443.984 430.379 420.794 429.211 433.138 421.192
144 314.000 332.234 316.678 322.065 317.944 318.221 312.829 312.594 315.541 302.090 319.349
145 445.000 446.787 452.921 446.682 447.550 450.261 441.440 439.456 443.986 447.435 449.717
146 420.000 423.219 421.374 421.889 430.197 421.857 421.703 424.448 425.120 426.218 420.673
147 350.000 351.093 349.967 349.634 351.111 348.468 347.439 348.275 351.548 349.061 351.105
148 381.000 343.912 345.333 348.468 340.088 352.284 331.809 347.678 343.702 349.322 345.264
149 340.000 352.394 345.568 344.411 345.324 345.513 342.574 343.136 341.858 346.037 343.828
150 462.000 463.831 456.060 451.885 458.258 462.944 460.280 452.183 462.503 462.567 456.208
151 545.000 545.236 542.423 543.938 542.292 536.780 542.333 542.980 544.536 543.005 543.519
152 401.000 409.345 405.590 408.340 403.221 407.394 405.412 411.996 407.674 408.423 406.136
153 450.000 446.951 503.025 443.939 502.337 501.729 502.002 500.527 501.241 502.393 500.546
154 495.000 526.769 536.147 538.583 529.888 538.711 545.721 555.244 558.042 543.373 534.774
155 415.000 414.290 402.275 405.120 424.102 404.860 408.787 412.399 422.801 412.560 408.060
156 580.000 556.518 550.922 529.397 570.155 521.038 570.849 566.868 569.431 554.112 564.893
157 412.000 401.998 399.450 406.628 404.901 399.356 406.869 401.269 401.079 410.590 400.839
158 446.000 477.928 478.986 475.553 479.100 482.279 479.315 473.528 479.116 479.306 478.781
159 330.000 325.252 324.678 324.788 329.890 325.127 325.598 325.937 326.723 329.865 324.759
160 325.000 339.649 336.036 327.624 330.639 324.186 341.591 334.598 331.243 327.872 334.465
161 316.000 330.755 328.398 331.238 331.178 330.074 341.762 330.337 331.323 328.746 335.652
162 408.000 405.140 407.637 406.695 407.120 406.166 400.578 407.485 403.600 406.415 405.382
163 428.000 413.039 415.304 413.892 411.228 411.966 412.095 409.546 417.577 414.178 411.202
164 396.000 509.758 484.660 492.150 490.012 489.979 495.613 496.729 487.568 509.561 492.071
165 385.000 362.604 358.607 325.609 360.917 358.674 361.599 324.505 357.391 357.445 357.659
166 335.000 334.685 333.414 335.949 332.019 335.907 335.781 335.039 335.716 335.070 335.517
167 339.000 322.739 322.084 320.732 324.208 315.832 319.896 323.069 319.401 326.149 324.138
168 419.000 411.384 397.164 411.814 412.420 396.689 415.090 415.575 412.708 412.635 398.004
169 321.000 313.960 314.510 314.307 313.828 314.481 313.350 314.638 314.506 313.261 315.029
170 419.000 419.394 415.772 414.007 416.237 408.801 419.209 416.271 417.890 415.364 419.243
171 423.000 421.798 421.056 422.343 425.891 419.522 423.375 422.977 420.819 420.163 420.617
172 416.000 418.946 419.192 420.487 418.813 419.736 438.824 418.971 419.695 437.481 421.235
173 434.000 440.933 437.218 435.071 439.788 439.526 440.086 453.372 442.703 432.064 435.648
174 329.000 344.422 349.428 346.809 344.295 348.053 333.498 342.557 347.160 352.570 341.273
175 450.000 426.742 430.502 430.621 434.634 432.641 440.600 433.344 430.868 430.960 433.241
176 333.000 321.063 320.086 320.084 320.937 319.782 319.605 319.807 320.882 319.290 319.517
177 420.000 418.543 416.271 416.862 417.757 419.212 417.229 415.233 417.022 411.141 415.110
178 315.000 317.841 318.595 318.116 326.647 321.004 315.288 316.469 318.597 316.700 318.105
179 349.000 346.611 342.214 343.931 344.664 338.029 344.146 340.658 345.697 343.630 344.377
180 431.000 368.890 374.781 379.303 374.992 370.223 361.545 357.929 373.555 383.948 381.469
181 407.000 395.803 397.791 392.547 395.716 397.692 396.825 400.269 396.812 393.874 393.010
182 424.000 424.521 424.696 425.325 431.319 424.542 423.890 424.109 425.921 427.552 425.435
183 425.000 423.857 422.917 420.658 422.149 423.331 424.788 423.475 419.277 423.229 423.213
184 588.000 570.794 578.186 567.789 572.526 576.454 576.095 568.183 570.154 570.514 580.414
185 332.000 330.561 332.206 329.319 326.989 317.968 327.963 317.122 328.823 329.080 326.510
186 379.000 435.891 418.166 412.988 409.991 412.688 416.842 413.141 416.140 435.793 417.807
187 586.000 592.581 589.054 590.575 592.521 591.249 591.386 600.371 588.490 588.399 600.809
188 528.000 543.805 547.405 563.764 524.936 547.777 558.295 512.344 541.321 546.284 537.749
189 425.000 411.237 410.462 419.510 421.212 414.109 413.376 409.344 411.637 410.335 407.471
190 398.000 411.203 391.800 394.907 390.367 394.928 395.186 391.219 392.824 397.719 390.588
191 492.000 511.472 507.420 505.319 504.466 503.517 504.770 508.144 501.244 502.674 507.582
192 395.000 400.671 400.902 400.613 400.838 399.825 398.568 406.823 399.416 401.284 399.395
193 503.000 458.242 456.621 454.025 453.836 456.200 456.743 461.505 455.994 455.739 457.230
194 402.000 396.427 394.091 394.444 393.759 393.799 394.948 395.041 395.286 395.909 395.337
195 316.000 326.061 323.334 325.588 330.152 324.022 326.522 325.073 324.419 327.772 326.007
196 537.000 535.461 537.036 521.294 517.260 535.924 540.682 520.133 524.563 532.659 527.444
197 426.000 425.742 423.869 425.469 418.758 426.353 428.779 422.619 425.116 425.046 426.724
198 414.000 446.967 438.712 435.934 437.061 436.553 436.451 437.477 436.307 437.024 436.085
199 460.000 485.732 482.543 552.577 554.231 488.320 488.507 489.063 490.125 488.831 489.994
200 438.000 429.140 430.573 431.920 429.529 430.051 430.389 428.164 432.436 434.400 429.966
201 418.000 415.974 412.568 411.486 415.083 413.935 413.501 413.048 414.233 408.011 409.320
202 432.000 416.417 417.382 413.875 417.706 417.682 432.951 416.798 417.112 417.956 417.131
203 422.000 423.908 424.318 425.674 424.289 425.729 422.759 426.647 425.288 427.545 426.808
204 450.000 428.969 427.176 445.688 429.022 422.364 436.494 425.735 437.770 433.549 433.004
205 362.000 386.580 382.572 383.599 402.678 385.147 383.340 405.341 385.736 395.407 375.364
206 500.000 508.528 505.407 512.957 448.557 516.201 513.075 503.162 500.739 507.157 503.406
207 361.000 379.047 380.020 367.094 367.433 372.173 379.765 379.472 379.417 382.731 379.090
208 439.000 439.958 435.062 433.916 444.833 439.846 436.378 440.583 438.043 439.737 447.282
209 382.000 467.516 463.774 457.021 456.468 471.272 473.098 470.088 462.387 473.105 457.225
210 446.000 448.606 446.491 444.993 448.518 447.597 448.447 446.070 448.975 445.624 448.685
211 420.000 425.396 425.945 426.784 422.751 424.880 425.570 426.438 425.909 426.294 427.471
212 420.000 422.277 423.749 418.691 429.368 419.751 428.235 422.183 418.765 419.285 418.676
213 488.000 444.153 441.873 444.942 442.337 444.664 442.506 441.913 446.613 441.116 443.764
214 395.000 396.243 395.183 392.773 396.714 397.137 398.121 395.080 394.028 394.263 395.327
215 399.000 400.860 399.969 400.033 401.213 399.872 391.988 400.394 402.176 398.569 399.247
216 356.000 354.724 354.180 354.810 355.657 355.500 356.099 354.084 355.050 353.691 354.833
217 440.000 440.143 438.869 435.884 439.598 442.804 437.382 440.863 439.922 434.090 423.186
218 342.000 345.839 331.044 329.919 330.886 339.638 328.117 327.809 332.465 321.709 323.150
219 535.000 518.237 518.180 518.707 499.479 513.512 516.376 491.753 513.421 523.933 478.042
220 525.000 457.229 477.384 479.599 484.599 478.652 477.789 481.004 474.785 477.424 475.472
221 526.000 509.297 516.385 512.047 516.516 515.924 518.811 514.291 505.220 499.275 514.989
222 318.000 322.323 321.414 321.197 321.391 320.183 323.306 323.336 321.987 322.827 324.274
223 518.000 448.761 451.286 416.541 463.825 449.837 458.307 437.860 391.303 455.149 439.737
224 366.000 351.691 353.980 352.988 352.173 354.242 351.514 346.910 351.821 352.323 351.785
225 349.000 355.588 357.775 353.340 355.375 354.846 356.402 354.993 353.800 357.269 349.655
226 396.000 399.184 400.196 400.208 398.229 399.620 400.466 399.555 398.066 398.606 395.200
227 380.000 379.265 380.124 379.247 379.811 377.564 375.368 378.580 379.250 380.438 380.047
228 375.000 376.072 374.769 376.006 377.298 372.676 375.875 376.641 375.696 378.233 376.900
229 455.000 453.429 456.653 447.696 455.498 451.794 451.921 454.412 455.295 452.652 453.410
230 428.000 438.944 432.298 426.882 431.627 430.956 433.532 432.655 431.572 429.342 435.466
231 334.000 342.567 344.324 341.341 338.310 341.610 335.861 336.060 339.592 340.951 343.830
232 337.000 334.016 332.257 332.844 329.234 331.883 327.136 329.932 333.103 333.277 332.264
233 418.000 419.585 422.751 420.582 420.048 420.244 440.114 420.537 419.843 439.260 419.601
234 310.000 333.181 380.548 340.674 325.196 332.440 318.276 345.770 311.036 314.238 349.933
235 395.000 392.856 389.616 393.042 394.654 394.770 392.314 394.337 393.399 394.116 396.064
236 450.000 421.900 404.324 412.261 405.125 412.939 403.541 423.643 411.376 398.903 415.814
237 368.000 368.651 368.376 367.310 368.097 370.536 367.345 369.218 368.476 367.615 368.146
238 468.000 456.275 454.326 457.280 453.902 461.652 461.058 457.151 456.361 455.342 456.717
239 305.000 318.154 317.028 313.290 314.923 314.373 315.321 313.824 317.118 316.261 314.918
240 303.000 311.201 341.536 314.368 309.834 321.131 317.461 310.700 308.154 313.039 338.435
241 316.000 322.288 330.073 330.350 337.311 327.105 339.741 343.631 330.394 335.006 334.507
242 360.000 349.379 346.642 350.189 350.323 349.465 350.243 348.038 347.633 348.407 348.482
243 466.000 443.923 460.245 459.609 451.995 452.639 452.839 456.607 453.446 446.662 449.547
244 422.000 442.013 437.066 443.919 440.492 442.469 439.291 428.106 434.173 448.896 441.006
245 418.000 405.586 404.971 403.313 412.304 404.206 409.795 407.268 400.386 404.620 408.135
246 409.000 421.019 415.747 418.441 421.932 418.779 423.095 415.525 421.203 422.296 416.464
247 326.000 353.854 342.364 345.202 348.224 350.159 354.084 351.662 347.385 349.159 344.063
248 328.000 314.674 341.099 314.127 314.598 314.869 314.548 314.523 314.968 322.496 314.701
249 369.000 362.103 359.119 362.283 362.053 361.966 358.311 362.272 363.072 364.799 361.278
250 346.000 329.755 326.852 326.617 327.512 326.495 327.302 324.216 326.475 327.848 324.123
251 407.000 407.965 405.559 408.661 406.050 407.620 406.560 408.554 405.367 406.579 406.456
252 414.000 405.575 405.792 401.996 406.149 405.551 405.421 405.582 405.200 405.169 405.117
253 501.000 465.844 482.753 478.484 484.738 492.901 475.102 484.392 469.270 478.577 482.495
254 421.000 420.266 420.312 419.811 420.049 411.305 423.052 419.572 418.097 421.422 420.278
255 316.000 299.981 308.335 304.674 304.040 300.981 309.814 312.396 304.193 309.968 301.653
256 328.000 327.028 322.732 328.568 330.398 327.783 327.184 326.041 328.335 325.205 327.181
257 445.000 484.855 525.679 449.450 524.646 540.011 511.629 501.547 532.700 534.694 527.119
258 371.000 354.186 363.199 338.095 349.727 357.347 359.332 366.778 342.488 354.473 363.344
259 484.000 488.544 503.079 508.961 497.098 503.016 497.037 499.688 501.176 497.587 501.646
260 418.000 410.213 414.196 413.193 413.665 409.465 411.994 408.136 414.433 412.586 411.899
261 371.000 373.063 373.044 368.018 374.633 373.058 373.265 375.631 365.986 374.790 373.216
262 331.000 325.934 323.788 325.366 327.373 323.097 325.700 324.216 324.448 326.514 326.232
263 586.000 542.907 557.386 552.526 550.295 545.295 552.369 551.725 549.654 562.762 553.442
264 434.000 443.819 441.085 447.761 452.810 431.750 443.764 449.423 449.521 453.304 450.958
265 412.000 440.727 443.296 437.842 441.615 441.573 439.368 437.468 445.082 440.701 442.915
266 483.000 472.030 472.571 467.122 466.963 473.821 470.603 464.630 481.340 479.638 478.147
267 393.000 367.602 365.690 367.824 366.805 367.377 368.901 367.019 367.672 367.780 368.004
268 386.000 386.049 383.043 386.481 388.363 386.475 389.652 388.895 385.636 378.615 388.278
269 344.000 377.493 373.845 371.883 373.211 379.208 372.277 376.643 379.222 362.378 378.802
270 392.000 404.998 405.329 405.380 405.376 345.459 405.318 405.169 386.522 400.506 405.297
271 460.000 426.397 426.532 431.052 435.912 425.287 431.125 429.731 424.914 412.255 409.519
272 321.000 317.798 319.857 322.261 323.820 323.061 322.297 331.817 329.254 327.515 320.955
273 311.000 312.552 310.158 309.703 310.953 309.370 307.937 311.048 311.139 304.626 327.978
274 391.000 401.092 399.613 395.377 378.983 393.208 383.474 385.771 406.551 392.570 403.941
275 431.000 427.087 423.529 385.694 419.387 418.882 429.611 422.480 420.925 422.709 417.082
276 357.000 359.585 359.342 358.533 357.803 359.155 358.839 359.579 357.775 359.541 359.199
277 414.000 426.130 423.586 422.987 424.583 428.491 425.521 422.953 430.728 424.488 423.066
278 452.000 427.355 437.277 422.193 439.701 426.599 438.117 428.742 424.756 443.075 436.029
279 437.000 410.336 400.635 411.257 406.926 419.114 416.102 382.032 398.491 414.620 412.957
280 315.000 310.414 310.839 309.082 309.535 311.526 309.882 308.335 310.897 310.885 310.949
281 435.000 445.766 447.256 442.531 448.805 454.854 444.124 447.214 439.915 448.947 448.543
282 448.000 450.979 439.196 457.043 470.973 464.161 462.477 475.052 469.914 465.712 482.805
283 416.000 420.613 418.576 418.596 422.846 419.527 420.005 421.968 421.270 423.030 420.766
284 328.000 341.750 333.509 333.824 331.090 333.210 333.298 337.713 340.190 331.703 331.396
285 390.000 397.766 399.707 397.197 397.361 398.148 398.467 396.853 397.327 397.668 398.088
286 310.000 300.970 309.018 302.528 301.362 302.608 297.447 303.028 310.021 301.417 298.762
287 365.000 368.115 367.540 368.014 367.116 368.792 363.698 365.590 366.414 366.172 366.884
288 402.000 401.116 411.107 411.675 379.576 411.953 414.225 374.211 410.435 416.700 414.297
289 372.000 376.542 376.788 378.869 377.443 378.523 376.694 372.804 376.811 377.674 378.718
290 428.000 435.490 439.612 441.608 435.855 439.294 437.579 441.848 439.493 441.360 450.229
291 267.000 415.410 420.515 426.628 411.876 420.136 434.975 419.719 414.284 404.260 430.308
292 330.000 329.939 338.873 323.895 327.334 328.296 325.640 328.318 327.203 329.392 324.936
293 598.000 596.271 592.286 593.570 593.931 603.234 590.462 597.528 553.644 599.599 595.057
294 392.000 375.038 362.434 363.748 361.312 361.924 353.168 365.126 359.513 352.668 356.958
295 430.000 461.088 451.591 453.114 453.606 459.014 502.483 474.122 454.264 452.069 452.602
296 340.000 347.181 347.258 349.642 349.676 347.361 358.150 347.053 346.601 351.576 347.576
297 312.000 313.631 302.868 303.579 302.168 308.436 307.483 298.506 307.825 319.586 303.296
298 327.000 329.036 325.225 324.712 324.634 326.636 326.615 323.048 328.969 326.531 328.023
299 342.000 345.563 340.613 341.673 343.673 341.594 338.358 338.810 342.806 342.757 337.751
300 417.000 421.213 422.756 419.030 422.638 421.133 421.661 423.520 422.764 417.769 423.651
301 318.000 330.157 326.795 327.620 324.111 316.984 326.664 316.470 327.711 325.810 326.545
302 329.000 320.963 318.155 312.379 318.599 326.395 318.823 315.919 321.424 316.963 320.462
303 339.000 343.605 333.868 340.261 346.344 342.050 346.272 336.868 348.370 340.380 349.789
304 334.000 313.949 318.797 311.554 324.239 319.586 317.664 315.694 322.392 317.210 326.445
305 346.000 345.559 341.634 348.868 340.175 349.857 342.560 339.772 344.688 339.713 344.099
306 420.000 422.586 426.095 427.541 430.404 416.112 425.482 427.828 425.050 427.086 423.942
307 371.000 374.655 372.582 376.183 374.988 375.896 373.215 373.217 372.910 374.217 372.291
308 560.000 580.839 582.155 578.322 591.563 581.450 585.725 577.479 591.676 580.515 568.243
309 512.000 508.829 501.859 494.977 498.372 489.483 492.857 495.288 480.619 493.672 490.914
310 410.000 414.812 408.786 407.874 411.612 401.891 415.392 412.758 409.524 407.887 405.590
311 473.000 477.899 477.900 477.899 477.901 477.901 477.902 469.622 477.901 477.900 477.262
312 427.000 426.772 424.852 426.819 423.623 426.070 424.400 428.565 424.664 427.799 423.676
313 326.000 333.794 297.953 319.897 295.586 321.266 276.490 302.182 332.777 289.913 314.995
314 405.000 394.063 395.400 393.733 387.836 393.365 391.481 393.572 392.229 393.936 395.483
315 442.000 415.807 439.725 412.094 412.207 415.323 403.703 415.428 407.460 411.943 405.719
316 330.000 324.455 327.758 325.223 329.261 324.754 324.375 327.330 323.911 325.263 328.355
317 328.000 336.443 335.508 336.435 330.849 336.322 334.994 327.182 336.562 334.867 334.021
318 436.000 436.701 434.828 434.816 438.963 436.447 434.448 434.409 435.736 436.198 435.644
319 410.000 411.330 410.967 408.244 408.654 407.038 405.066 408.091 408.815 410.728 408.750
320 462.000 442.824 445.181 454.748 452.832 444.978 442.921 442.407 455.979 444.419 443.121
321 471.000 472.883 466.418 468.766 469.831 464.970 469.317 464.945 465.384 464.953 470.477
322 427.000 426.896 426.895 426.898 426.897 426.894 426.895 426.894 426.897 426.896 426.895
323 464.000 470.411 466.417 453.466 464.348 463.944 462.113 467.767 465.378 458.980 463.843
324 446.000 377.797 408.107 415.403 406.749 395.572 404.831 422.081 413.619 409.401 391.477
325 583.000 586.677 584.764 582.328 582.873 583.185 589.290 585.145 540.651 583.572 583.529
326 562.000 483.542 476.564 492.332 562.266 507.705 474.645 495.225 469.463 566.195 475.364
327 313.000 318.930 323.730 322.403 323.797 319.520 319.319 319.041 321.894 320.198 324.702
328 422.000 427.004 426.898 423.230 426.691 426.687 426.666 425.694 425.120 424.337 425.955
329 382.000 330.261 360.755 376.900 376.442 365.050 368.283 345.264 374.880 364.285 354.937
330 398.000 446.954 453.092 437.238 454.864 443.006 434.260 437.951 444.588 436.201 439.348
331 371.000 374.070 371.662 373.988 372.492 373.670 374.192 375.794 375.301 373.229 376.887
332 414.000 410.959 408.272 409.697 404.647 406.491 408.280 407.727 405.431 411.277 408.739
333 440.000 437.142 431.990 449.813 438.133 439.280 439.161 440.267 442.241 436.876 439.062
334 599.000 548.180 594.612 593.778 593.304 593.712 587.102 590.582 591.894 593.126 587.558
335 353.000 353.809 350.937 352.324 347.718 352.463 351.070 351.307 351.690 350.132 353.389
336 404.000 346.780 401.977 398.590 404.080 355.800 396.232 425.423 392.932 398.065 396.210
337 406.000 410.909 409.480 401.888 409.120 404.966 417.059 403.481 409.565 408.754 408.264
338 324.000 335.552 335.953 333.856 335.705 334.576 335.248 335.188 333.725 333.812 331.543
339 337.000 338.645 334.607 337.754 337.318 337.469 336.079 337.048 335.792 337.050 337.755
340 395.000 404.083 400.225 406.300 404.504 400.306 403.580 403.315 394.027 394.524 390.390
341 407.000 411.280 412.067 410.421 412.347 409.940 410.141 412.000 411.253 411.522 406.659
342 330.000 330.725 337.550 337.733 335.231 335.165 334.789 323.362 336.808 335.216 338.356
343 417.000 391.798 399.267 391.333 388.278 396.153 389.793 395.982 396.080 381.258 389.016
344 395.000 398.159 399.029 396.995 398.379 397.832 396.726 396.554 394.534 396.424 398.093
345 503.000 404.760 405.549 399.869 406.383 405.586 404.393 407.885 404.507 403.633 407.698
346 448.000 443.623 448.515 449.084 443.303 448.144 448.970 432.705 442.623 451.162 437.410
347 363.000 363.932 361.790 365.443 365.953 366.795 365.126 367.231 366.608 369.680 363.505
348 386.000 385.714 382.804 387.097 376.459 384.321 380.866 384.307 386.536 382.424 384.125
349 330.000 331.014 331.713 334.592 337.034 333.973 331.767 329.945 330.637 331.621 331.086
350 488.000 326.742 329.726 292.324 320.620 332.002 348.845 331.402 326.755 334.232 327.759
351 479.000 471.925 477.873 489.781 494.723 489.135 477.639 492.154 475.121 468.553 487.966
352 338.000 369.723 376.135 409.537 383.386 380.892 384.275 378.039 368.237 438.748 444.000
353 456.000 460.217 457.864 457.805 451.726 452.554 444.853 451.778 452.183 452.973 420.682
354 418.000 412.314 417.552 416.758 412.162 414.527 412.420 408.654 415.964 410.533 416.148
355 322.000 318.692 319.877 319.557 318.704 318.552 320.847 318.511 318.749 318.928 318.452
356 321.000 322.468 309.620 308.674 307.906 307.436 309.670 310.145 308.929 309.321 307.342
357 335.000 331.380 328.916 336.268 326.761 332.631 326.537 326.700 325.062 325.880 330.447
358 394.000 396.988 395.762 394.298 394.313 394.400 393.679 393.883 393.940 396.876 393.033
359 398.000 428.385 430.168 379.059 432.218 439.222 432.382 429.735 430.604 428.697 426.904
360 421.000 402.214 391.202 387.731 388.194 403.411 400.707 391.648 399.970 388.037 388.277
361 364.000 376.770 376.613 377.370 378.481 375.354 380.026 379.429 375.761 379.451 376.875
362 322.000 327.281 327.225 326.504 326.993 329.909 323.447 327.244 319.722 327.056 328.717
363 446.000 461.614 451.743 463.806 461.550 465.157 468.264 457.274 457.934 453.293 465.870
364 340.000 337.327 338.160 340.416 336.487 339.015 338.361 333.220 339.100 336.497 340.629
365 340.000 334.540 337.272 340.442 341.123 337.749 326.050 337.662 333.009 328.016 330.016
366 452.000 439.226 453.522 455.261 448.501 438.881 447.115 458.413 462.531 391.221 443.116
367 367.000 381.077 386.461 384.157 379.954 385.194 382.788 389.935 374.503 384.849 384.697
368 425.000 423.320 401.686 420.681 421.726 403.038 421.058 424.328 422.005 423.327 390.955
369 399.000 370.194 369.713 368.382 369.252 369.198 369.512 362.688 372.099 369.034 370.045
370 420.000 413.488 417.915 412.785 415.701 410.963 409.058 411.452 412.266 412.694 409.601
371 526.000 542.394 544.575 534.758 541.734 546.555 550.166 538.527 557.284 541.133 543.568
372 343.000 348.942 346.277 351.612 349.213 345.635 346.608 344.366 347.954 348.762 350.415
373 420.000 405.380 437.819 406.960 429.338 415.973 445.160 434.586 446.121 404.790 423.344
374 403.000 380.130 391.755 396.007 402.953 400.385 397.990 392.826 394.099 398.279 393.815
375 495.000 527.546 514.930 514.692 512.272 514.127 517.308 505.024 502.053 525.016 515.523
376 564.000 508.059 507.186 508.375 530.021 502.282 429.700 500.483 501.269 497.146 435.516
377 420.000 467.575 467.671 472.540 465.525 459.466 514.124 475.699 459.985 454.141 454.129
378 414.000 411.989 404.803 408.188 407.341 407.585 409.262 409.661 407.257 411.344 410.519
379 328.000 340.089 339.392 334.282 337.405 344.966 331.873 336.450 331.537 332.030 323.667
380 546.000 447.463 443.841 437.284 443.390 443.951 445.943 438.186 448.041 450.942 445.828
381 323.000 321.202 320.017 316.312 316.908 317.209 322.038 321.739 318.891 318.012 322.346
382 413.000 412.073 412.597 415.200 413.144 412.343 413.035 409.930 415.060 413.222 421.156
383 360.000 359.231 360.169 363.965 355.671 363.716 364.938 378.036 361.213 362.857 365.474
384 411.000 410.671 411.316 411.251 410.785 408.919 411.521 410.243 411.670 411.387 410.972
385 346.000 336.565 345.402 343.036 343.532 340.583 342.425 344.066 343.667 344.720 348.362
386 449.000 464.622 449.768 452.170 438.589 441.370 443.028 448.195 443.366 451.729 451.335
387 389.000 376.186 387.586 375.493 372.964 372.365 371.357 372.525 374.563 376.724 377.650
388 340.000 357.014 357.218 341.137 345.968 357.192 357.220 357.251 361.916 357.520 357.072
389 343.000 342.615 337.024 337.191 341.922 342.078 342.293 341.611 341.297 341.713 334.666
390 404.000 412.050 407.667 409.582 404.975 407.876 402.709 408.475 414.083 404.252 411.278
391 451.000 462.980 479.802 463.693 472.130 464.994 472.367 466.742 464.799 468.545 469.801
392 359.000 358.938 352.707 360.073 358.686 357.661 359.730 358.537 354.796 354.978 360.586
393 410.000 404.577 412.979 411.780 407.743 399.480 403.010 403.710 407.472 406.553 405.001
394 340.000 369.018 361.904 360.030 364.260 355.070 362.803 361.573 370.366 363.602 360.117
395 504.000 503.600 503.411 533.868 518.179 507.277 508.001 504.281 520.734 528.456 511.022
396 546.000 546.743 545.923 565.822 507.103 541.530 540.637 544.025 539.077 543.762 547.127
397 392.000 384.169 377.176 382.659 381.683 383.622 386.154 383.949 383.634 377.112 383.824
398 413.000 408.931 406.467 409.864 411.788 411.930 411.559 411.642 406.515 411.726 411.769
399 325.000 305.814 305.960 309.180 366.650 315.144 306.853 331.764 304.139 305.819 305.322
400 297.000 323.627 323.597 320.568 323.694 320.844 324.744 321.900 323.854 321.140 323.186
401 397.000 396.974 395.684 393.652 396.020 393.785 394.061 402.255 393.935 393.332 395.004
402 428.000 419.647 410.775 411.825 409.802 418.613 408.795 412.068 413.830 414.574 413.200
403 440.000 437.074 436.135 436.289 436.292 436.667 439.777 436.097 437.439 435.869 436.488
404 604.000 608.049 621.681 618.007 619.528 613.829 618.036 625.289 617.212 616.811 616.058
405 442.000 436.495 433.895 443.708 435.791 441.994 424.540 444.325 444.888 434.515 429.748
406 462.000 470.363 459.633 474.557 476.234 471.037 474.201 467.380 472.085 479.485 472.023
407 491.000 482.536 474.890 480.003 472.835 485.199 473.954 475.408 477.825 478.132 483.095
408 495.000 518.780 502.502 516.573 510.871 515.093 520.096 530.256 508.443 516.889 510.633
409 394.000 392.132 394.492 338.501 396.751 386.718 388.682 329.697 389.602 385.804 386.573
410 320.000 324.666 323.649 322.921 324.396 324.424 323.572 324.035 325.217 323.971 322.790
411 445.000 444.069 437.212 442.122 442.624 442.449 442.322 444.629 437.786 437.753 443.336
412 350.000 346.460 345.644 346.390 348.316 347.123 346.282 346.718 357.993 349.515 353.934
413 332.000 333.381 325.904 327.186 331.506 338.357 325.024 339.930 335.521 333.280 330.947
414 411.000 408.978 407.433 407.876 408.796 408.211 409.109 407.426 417.680 417.404 409.910
415 341.000 355.620 351.577 343.604 345.613 344.866 353.325 358.063 339.230 354.461 353.294
416 452.000 455.471 451.176 453.066 455.874 453.827 456.016 457.301 453.041 454.135 453.353
417 398.000 407.460 403.136 408.427 406.771 405.640 408.604 404.609 407.383 408.066 406.202
418 357.000 352.406 353.158 353.280 353.172 359.213 352.302 352.037 352.729 352.749 353.341
419 410.000 440.407 443.291 461.510 440.502 441.352 464.582 436.713 457.118 440.675 437.391
420 411.000 478.174 476.285 475.172 481.490 470.447 408.617 473.436 478.211 473.963 473.817
421 316.000 329.035 320.139 316.252 329.612 324.490 313.221 330.776 314.157 314.415 316.579
422 454.000 437.155 439.952 433.346 437.606 441.183 442.898 437.073 440.570 436.734 447.072
423 492.000 492.842 496.604 503.782 500.411 495.277 500.704 496.438 506.195 502.838 502.600
424 405.000 410.427 411.904 409.374 410.802 412.253 413.514 409.909 408.331 408.739 408.375
425 357.000 359.542 359.850 368.881 361.889 362.806 368.685 361.436 361.105 360.577 362.587
426 424.000 432.727 429.068 429.782 435.281 431.670 432.010 426.986 429.758 433.937 431.355
427 335.000 329.245 333.077 329.523 326.257 329.553 331.851 330.692 332.946 334.557 332.115
428 438.000 450.126 461.045 442.513 461.157 463.413 454.375 455.285 454.139 449.718 452.400
429 525.000 498.383 496.261 437.894 500.998 493.760 491.354 500.306 494.711 502.403 436.344
430 331.000 394.623 395.136 401.361 399.844 395.666 394.405 399.202 387.766 398.094 394.659
431 431.000 396.338 388.422 405.311 387.146 404.679 410.760 406.495 402.753 404.762 407.928
432 591.000 588.988 590.975 589.139 593.860 591.793 590.967 601.792 601.323 586.638 602.177
433 414.000 424.140 423.829 428.272 427.041 425.209 429.027 432.528 429.012 427.190 420.380
434 388.000 386.710 387.287 389.525 387.961 388.322 389.052 389.909 390.015 388.532 391.043
435 585.000 588.592 588.364 589.515 593.631 591.744 600.306 597.055 592.835 589.355 594.204
436 398.000 396.889 396.415 396.897 399.558 396.468 396.602 397.937 396.766 397.340 397.137
437 441.000 448.602 451.155 449.941 449.390 446.312 452.877 452.805 449.498 450.797 453.045
438 309.000 323.661 323.838 323.107 323.634 325.105 323.766 323.426 322.886 324.398 322.466
439 518.000 515.113 514.193 514.264 515.586 506.833 507.291 513.399 509.237 497.800 512.895
440 416.000 411.353 414.454 410.513 410.454 414.323 411.143 411.283 410.216 413.709 413.137
441 412.000 408.515 415.847 409.769 409.020 407.070 410.590 408.790 410.069 408.318 406.274
442 385.000 384.560 389.905 389.678 388.076 397.717 399.325 391.429 389.446 390.691 390.895
443 325.000 329.883 325.722 330.663 324.530 331.108 330.223 329.159 325.844 330.387 322.798
444 325.000 318.019 321.931 325.882 321.624 322.042 318.851 315.046 312.391 320.099 323.135
445 328.000 341.017 340.591 340.194 340.026 337.826 347.945 339.158 339.847 349.815 336.489
446 397.000 391.767 392.038 388.783 389.489 392.075 383.310 392.386 396.371 389.706 391.052
447 407.000 407.489 407.710 411.607 406.751 406.598 409.381 408.946 409.501 410.525 408.410
448 491.000 427.869 433.704 419.568 431.932 428.600 435.571 434.197 438.753 435.602 446.287
449 328.000 325.374 328.718 328.724 319.752 323.600 319.749 342.309 326.580 323.324 326.245
450 430.000 431.905 432.079 433.632 434.752 433.695 432.584 432.650 432.716 432.354 408.103
451 413.000 401.347 408.015 400.801 405.252 411.347 418.995 418.828 406.497 399.577 408.641
452 364.000 370.358 367.146 377.095 368.493 367.354 369.777 375.340 361.147 360.351 363.054
453 404.000 401.873 401.626 399.468 401.880 403.559 400.200 400.734 402.807 397.398 398.216
454 431.000 438.410 441.761 440.008 441.122 438.813 439.304 442.086 440.281 436.177 439.652
455 461.000 456.544 457.632 457.697 459.433 460.423 455.161 458.467 453.415 464.617 457.914
456 346.000 348.446 342.720 343.709 343.823 342.430 342.516 340.868 342.614 339.628 344.383
457 461.000 466.017 467.988 468.283 466.386 467.980 467.947 463.405 467.765 466.131 467.784
458 446.000 444.118 441.937 442.892 442.663 441.131 442.461 447.697 438.178 443.309 447.349
459 334.000 334.714 326.186 327.301 334.404 336.099 332.754 334.374 333.047 332.960 333.156
460 368.000 351.835 352.092 347.317 350.815 347.571 353.711 351.153 355.378 349.736 348.644
461 421.000 350.990 344.732 345.598 346.067 342.813 343.668 341.835 348.369 344.025 337.593
462 536.000 570.278 559.595 563.307 568.067 562.608 567.954 569.087 565.006 571.955 561.573
463 399.000 406.146 400.179 406.380 403.991 406.616 401.962 404.035 448.210 439.289 403.976
464 584.000 615.002 593.397 612.479 615.291 611.767 610.597 617.140 612.130 611.143 610.634
465 592.000 586.191 586.795 587.626 586.687 578.996 584.543 587.359 593.628 588.046 588.243
466 450.000 455.771 452.163 452.084 445.470 447.739 450.136 454.948 451.255 450.765 454.924
467 359.000 356.674 356.756 357.783 356.814 355.388 358.268 354.361 355.854 356.403 355.998
468 325.000 319.154 318.135 319.110 318.644 317.459 323.793 316.486 317.159 318.317 320.532
469 315.000 393.836 394.031 395.925 389.078 393.550 395.365 395.195 410.222 392.685 393.173
470 411.000 425.910 418.916 419.830 417.966 427.913 416.321 410.012 414.983 411.849 418.082
471 548.000 548.072 537.621 537.232 520.463 538.226 546.344 551.345 547.597 533.613 544.771
472 450.000 454.370 453.938 456.292 453.771 453.281 456.136 446.651 459.486 460.635 459.446
473 310.000 337.435 339.199 338.688 339.791 342.708 341.906 342.739 340.560 340.167 339.753
474 362.000 351.902 352.183 354.068 352.519 351.616 352.277 358.158 352.076 352.066 352.325
475 322.000 334.979 331.521 331.616 330.888 341.576 334.231 334.933 329.941 340.696 330.847
476 396.000 394.945 396.985 397.949 407.354 395.097 395.757 396.213 394.984 405.807 397.033
477 408.000 408.793 409.599 412.175 407.802 410.603 412.073 411.073 410.076 410.721 411.536
478 540.000 533.304 526.005 522.877 530.898 532.384 521.979 522.387 526.786 533.497 522.928
479 399.000 404.638 405.191 396.281 403.383 401.811 404.042 405.120 404.013 402.754 402.517
480 448.000 455.503 452.361 451.864 464.483 455.214 459.697 454.400 452.549 461.989 454.193
481 460.000 408.775 409.545 402.840 403.361 406.035 403.946 398.450 402.369 403.788 405.822
482 331.000 333.905 327.866 325.848 328.669 331.177 328.972 328.388 331.917 327.170 330.676
483 448.000 435.460 443.378 444.435 444.680 443.079 440.930 449.644 445.961 452.142 451.005
484 444.000 407.627 411.271 379.419 406.338 410.872 411.986 417.066 379.493 390.412 419.665
485 336.000 354.899 346.776 342.095 348.458 350.666 348.019 347.880 347.139 349.785 345.083
486 502.000 515.891 523.092 515.271 507.967 527.371 513.766 508.206 478.090 466.885 512.794
487 409.000 441.580 448.495 469.313 446.024 453.728 472.077 441.235 462.695 444.254 448.311
488 405.000 400.320 407.671 398.685 403.427 401.639 406.281 401.329 399.176 400.201 404.006
489 555.000 555.619 563.920 551.748 557.584 558.983 563.494 554.656 549.711 564.381 554.390
490 427.000 426.897 426.898 426.894 426.897 426.898 426.896 426.897 426.896 426.896 426.897
491 452.000 439.198 442.612 442.694 429.718 436.215 440.556 436.339 437.492 443.890 447.330
492 329.000 343.209 341.635 339.016 336.043 354.533 335.483 340.946 339.625 339.394 337.376
493 491.000 501.950 501.075 499.249 496.969 509.237 500.757 511.450 498.764 511.356 506.866
494 440.000 456.636 443.684 440.760 442.976 455.754 439.885 441.391 441.421 434.365 447.483
495 363.000 352.002 352.255 347.053 350.319 348.561 351.630 360.447 352.832 348.305 343.320
496 432.000 435.176 440.901 436.968 432.262 436.079 437.595 437.524 440.264 439.273 441.818
497 514.000 494.214 509.871 508.034 510.863 507.138 509.076 495.287 501.267 505.630 508.071
498 536.000 546.994 541.843 551.222 546.552 539.348 557.757 552.094 547.897 537.577 540.479
499 462.000 458.151 458.931 460.336 453.389 457.815 457.889 456.879 457.166 458.069 454.977
500 510.000 534.415 524.939 525.468 513.817 517.590 514.194 504.765 531.762 500.919 486.224
501 357.000 356.002 358.307 359.070 359.376 349.992 352.270 355.558 353.408 351.233 364.535
502 418.000 429.843 425.556 426.288 427.616 426.773 429.026 427.067 429.941 423.414 425.350
503 406.000 452.206 437.051 463.631 449.271 443.060 461.846 454.703 460.630 466.105 450.099
504 464.000 456.631 457.138 457.699 459.127 457.710 457.322 458.111 457.369 457.282 461.346
505 400.000 399.908 400.899 400.628 400.347 401.124 399.055 398.291 399.924 398.540 400.311
506 400.000 376.229 378.086 377.298 368.521 376.172 349.467 371.813 369.935 369.437 378.827
507 333.000 347.076 344.618 343.200 333.497 340.123 338.164 330.122 341.709 340.162 340.259
508 452.000 483.419 482.481 492.853 482.764 456.787 483.215 480.774 483.967 479.371 480.266
509 586.000 564.361 550.872 565.233 545.805 552.277 550.299 544.175 548.239 549.454 556.729
510 461.000 456.510 458.513 458.886 447.502 454.989 456.358 448.228 450.387 459.743 451.351
511 606.000 561.901 598.027 597.189 599.405 588.399 596.924 596.946 595.544 595.613 599.508
512 338.000 342.762 350.205 366.929 345.708 345.626 339.357 341.113 347.716 371.893 377.753
513 368.000 384.680 383.703 386.655 387.931 386.820 380.768 387.327 388.535 386.651 385.242
514 442.000 453.770 450.468 441.631 451.077 442.523 446.767 446.340 445.093 421.272 441.574
515 417.000 416.102 428.523 415.144 422.396 440.077 425.976 431.701 418.384 395.456 422.825
516 328.000 324.073 322.259 331.021 324.265 323.392 329.153 321.746 324.736 322.948 318.036
517 477.000 488.303 488.455 487.201 492.520 492.145 493.808 498.392 492.145 491.597 493.067
518 350.000 316.593 323.409 320.762 325.392 327.168 326.309 309.474 332.110 321.774 325.569
519 421.000 418.137 417.818 417.804 417.123 416.061 416.389 416.821 417.542 418.109 417.123
520 592.000 558.859 557.118 586.634 549.471 560.036 544.686 556.112 554.703 543.245 558.319
521 422.000 426.195 422.271 419.508 418.511 441.495 420.349 420.464 419.847 428.742 444.143
522 473.000 467.976 470.233 469.889 461.049 477.099 483.642 479.178 463.361 473.939 472.864
523 567.000 568.222 565.673 568.565 572.111 574.905 570.642 572.490 565.523 568.423 569.204
524 425.000 480.373 461.516 481.354 477.478 477.856 478.092 481.118 476.522 461.811 468.764
525 429.000 429.530 425.867 429.343 433.612 425.425 428.201 431.024 424.517 429.567 429.936
526 351.000 347.555 347.813 345.460 346.490 346.137 345.780 346.773 347.128 345.480 347.467
527 416.000 417.051 417.120 416.936 416.299 416.732 414.556 417.095 417.921 417.376 415.985
528 354.000 348.860 349.438 348.697 348.821 348.816 349.595 348.971 351.355 350.737 349.997
529 524.000 514.528 509.624 512.850 513.715 531.713 511.847 508.907 532.023 515.829 523.866
530 334.000 348.289 348.131 345.023 343.143 342.604 347.664 346.071 346.755 347.324 346.263
531 462.000 468.087 456.726 461.776 453.944 456.187 460.135 457.677 459.953 453.944 460.497
532 477.000 485.154 470.734 465.656 456.861 479.256 477.140 475.714 475.991 476.328 515.475
533 528.000 514.324 521.917 517.193 507.142 520.706 517.001 509.404 510.571 517.203 515.329
534 335.000 348.468 347.438 371.520 362.035 346.904 353.809 354.785 338.711 348.154 371.720
535 323.000 330.396 331.096 326.204 328.908 334.831 332.089 330.536 325.985 329.760 331.464
536 412.000 446.763 434.970 444.295 447.463 431.133 438.942 444.334 447.048 444.998 441.768
537 551.000 544.950 546.475 543.498 547.417 539.744 544.383 547.475 544.660 546.566 548.550
538 406.000 410.842 413.536 407.108 412.908 411.360 412.260 412.348 410.565 411.423 404.274
539 502.000 491.716 485.900 488.282 492.486 491.610 487.141 489.126 497.011 489.521 498.333
540 415.000 406.289 405.020 407.245 406.671 406.365 406.220 406.667 404.487 405.532 406.208
541 336.000 329.556 336.206 330.974 336.261 335.087 336.346 335.653 337.399 333.662 333.400
542 312.000 318.525 319.475 320.367 319.315 321.314 317.936 317.520 317.662 312.969 318.773
543 330.000 322.669 324.061 326.846 323.300 323.069 319.741 323.330 323.300 324.442 320.758
544 508.000 467.437 497.861 463.603 499.880 504.289 465.467 501.291 503.219 507.123 463.681
545 588.000 576.677 581.000 581.689 580.642 582.669 586.997 586.853 589.357 582.945 584.818
546 410.000 419.174 416.091 419.291 412.151 414.909 421.264 412.059 416.364 420.238 409.891
547 540.000 543.643 551.067 541.261 536.684 541.898 542.478 535.846 544.135 543.921 545.522
548 362.000 363.539 354.455 362.497 364.453 363.691 362.973 354.817 362.665 364.003 355.848
549 404.000 405.453 404.307 405.526 404.648 404.777 405.887 407.182 405.521 405.490 405.363
550 370.000 363.933 365.435 361.713 363.006 363.070 361.017 360.990 361.025 359.579 361.008
551 482.000 417.700 433.857 432.864 423.776 421.923 403.194 438.677 440.471 425.130 430.729
552 398.000 399.944 399.323 398.205 401.313 398.320 399.119 398.759 397.700 398.598 397.975
553 466.000 446.276 446.216 455.155 440.897 445.964 439.209 443.349 442.560 438.696 446.922
554 405.000 405.839 402.004 402.735 405.854 405.078 400.804 401.626 410.519 400.781 408.800
555 576.000 550.169 558.612 561.773 547.768 573.697 555.666 566.110 552.110 557.403 560.689
556 457.000 453.187 394.030 417.807 401.726 415.522 463.686 431.768 407.810 412.793 414.237
557 478.000 472.903 473.102 472.900 472.902 472.903 472.900 469.622 473.101 472.903 472.902
558 431.000 444.801 430.663 425.979 424.189 430.766 432.485 422.126 432.318 423.419 429.675
559 411.000 341.374 333.927 333.585 337.611 326.659 332.721 334.582 338.194 332.905 338.512
560 409.000 391.033 388.875 392.008 392.989 393.323 392.086 390.188 395.600 389.202 398.163
561 375.000 378.440 382.058 383.485 372.694 372.235 413.129 374.124 375.227 384.258 372.712
562 400.000 369.720 361.658 345.975 360.206 362.447 362.406 380.628 381.082 360.305 361.566
563 331.000 327.826 327.674 328.961 330.583 327.612 328.890 329.412 328.158 329.790 328.140
564 412.000 394.990 422.321 400.934 395.740 399.264 402.332 388.120 396.754 401.965 421.012
565 485.000 495.634 491.668 495.652 486.004 495.216 492.656 497.315 490.827 484.200 497.481
566 407.000 413.895 413.469 413.399 417.031 413.894 415.235 412.884 414.507 414.171 411.322
567 405.000 403.350 396.957 403.869 401.157 401.719 399.125 398.572 398.823 399.942 401.509
568 406.000 406.521 406.041 406.208 405.598 405.631 406.731 405.892 406.788 405.777 405.780
569 342.000 338.068 338.703 337.074 339.723 349.324 334.471 339.178 339.789 340.675 339.588
570 321.000 322.918 324.312 322.598 323.036 323.906 321.951 323.986 323.295 322.873 322.572
571 361.000 367.229 363.849 371.215 366.133 364.892 365.862 372.307 366.013 367.150 366.918
572 387.000 392.121 390.741 391.057 390.772 392.128 390.623 392.524 390.840 392.856 392.003
573 323.000 318.347 317.793 320.162 317.184 320.309 319.751 318.821 317.913 321.898 319.175
574 390.000 394.937 393.640 394.335 390.766 391.688 388.034 395.711 392.967 396.291 389.153
575 440.000 458.426 466.379 469.318 461.654 465.965 464.766 452.415 477.291 467.352 456.108
576 332.000 341.223 337.162 338.198 339.471 338.740 339.515 339.965 339.333 339.297 337.976
577 456.000 475.681 472.052 470.372 470.264 474.532 459.059 471.662 467.568 475.473 475.199
578 488.000 435.776 437.101 451.519 430.385 403.335 470.149 424.385 452.673 427.823 453.076
579 332.000 333.578 329.777 359.040 331.947 326.981 327.985 335.896 334.123 321.724 327.262
580 316.000 318.947 313.102 315.736 328.242 330.569 315.108 316.517 319.341 327.394 314.093
581 459.000 424.061 425.213 415.903 412.936 429.196 429.572 420.627 425.622 421.107 426.010
582 335.000 326.230 329.136 325.247 323.949 332.496 326.985 327.033 325.322 323.678 325.615
583 332.000 298.735 295.587 292.062 309.078 302.254 299.827 306.848 311.850 304.548 298.375
584 459.000 457.911 463.226 447.487 464.735 467.122 459.435 457.511 467.859 449.687 464.682
585 396.000 418.008 408.874 419.702 418.630 408.642 422.931 418.713 406.469 415.177 415.581
586 489.000 488.358 486.293 496.544 488.700 492.297 488.407 487.865 493.913 492.178 484.311
587 417.000 412.883 404.751 418.758 408.772 411.539 415.361 408.127 399.587 415.792 418.429
588 404.000 404.592 402.828 402.918 404.164 403.291 403.501 406.165 403.123 404.743 404.832
589 400.000 400.608 397.561 400.221 402.290 402.238 400.550 400.386 451.281 442.518 396.887
590 357.000 357.627 356.982 359.108 359.132 355.556 358.692 357.641 357.816 356.474 352.122
591 437.000 378.155 419.999 419.322 428.607 421.730 383.394 416.571 431.940 340.243 373.992
592 542.000 549.054 549.702 549.488 549.713 551.972 554.168 551.955 555.350 548.917 552.669
593 419.000 419.097 418.176 420.139 421.860 420.327 419.862 418.233 420.433 420.732 419.470
594 350.000 383.074 365.608 367.768 367.092 365.958 368.119 366.474 363.377 368.598 370.890
595 424.000 420.868 422.235 422.154 423.156 416.178 422.935 426.099 420.728 422.372 424.058
596 443.000 395.036 400.606 398.616 399.241 410.738 394.171 396.090 413.806 397.502 377.648
597 439.000 436.535 436.774 435.981 438.793 436.638 435.288 432.127 437.484 431.272 428.442
598 324.000 314.150 317.044 312.927 316.912 314.448 314.677 321.378 323.631 313.368 311.257
599 311.000 306.304 301.795 301.074 306.077 304.859 301.270 303.202 310.495 306.020 310.893
600 331.000 334.897 336.128 334.296 336.058 331.955 337.039 335.958 336.063 336.585 338.328
601 428.000 426.489 423.585 429.016 425.216 425.168 428.899 421.531 432.376 424.829 425.102
602 400.000 403.695 403.042 401.181 401.144 404.009 402.824 403.979 408.998 407.495 405.348
603 309.000 297.803 280.199 282.067 282.344 274.928 277.399 280.108 281.944 295.604 262.177
604 375.000 371.081 369.966 371.341 371.203 370.553 370.095 362.489 370.400 371.186 370.528
605 450.000 417.927 426.255 432.533 419.753 425.155 422.907 419.322 425.790 413.528 425.376
606 388.000 379.429 383.154 380.428 386.680 379.971 387.476 386.432 381.731 371.636 388.462
607 323.000 326.953 327.892 319.353 320.057 321.107 321.279 342.414 319.031 319.409 319.738
608 448.000 435.888 435.596 430.014 441.897 435.832 437.851 441.010 435.233 436.290 435.697
609 372.000 385.710 384.390 383.141 390.192 384.116 375.442 384.268 383.563 383.768 392.893
610 328.000 324.710 327.754 329.023 326.431 323.973 331.454 332.770 325.924 327.932 326.669
611 460.000 454.246 455.741 454.771 454.290 454.436 455.152 454.110 450.673 450.447 454.082
612 504.000 498.763 511.795 498.745 515.762 510.676 521.967 491.251 492.416 503.420 503.841
613 433.000 455.241 455.637 455.529 460.157 450.512 465.456 453.700 466.308 453.172 463.664
614 564.000 557.742 561.388 559.103 569.591 565.771 556.860 562.403 558.160 557.574 558.553
615 439.000 426.065 423.421 419.130 426.383 413.150 423.074 420.014 434.205 426.846 423.778
616 440.000 445.695 445.950 447.406 450.369 436.211 444.005 438.304 444.281 442.848 447.500
617 484.000 466.051 465.124 463.605 473.909 473.965 463.274 475.108 464.886 464.621 462.173
618 396.000 414.250 412.983 412.117 410.261 412.271 405.182 420.603 414.537 421.600 406.072
619 435.000 414.413 415.800 417.214 415.296 415.430 413.925 413.611 413.730 415.969 416.240
620 397.000 374.852 376.442 378.868 376.082 374.846 380.105 376.918 377.507 374.208 385.551
621 420.000 438.875 441.762 444.445 440.759 444.253 445.750 440.957 410.900 433.446 442.757
622 408.000 393.251 381.090 361.507 385.362 377.918 385.493 376.554 384.278 388.970 387.264
623 437.000 446.915 446.175 445.999 446.704 449.787 442.064 445.135 447.797 442.905 443.195
624 406.000 391.725 391.715 383.513 398.019 402.846 397.829 400.050 403.711 387.979 409.094
625 393.000 400.451 400.125 400.429 400.720 399.710 398.773 399.663 404.028 400.438 400.936
626 452.000 465.131 468.780 471.766 468.319 473.528 471.815 472.157 462.177 461.953 474.401
627 466.000 445.604 439.852 440.196 442.805 445.830 447.787 438.270 445.768 432.251 443.413
628 410.000 418.977 436.147 435.219 435.804 427.662 439.898 436.925 430.550 433.916 434.525
629 447.000 436.061 439.956 432.605 435.534 433.349 433.170 437.185 436.373 435.931 437.184
630 487.000 479.320 479.703 485.871 480.975 457.175 470.077 483.684 473.740 469.272 481.096
631 420.000 427.637 439.390 430.274 427.789 425.751 431.293 431.409 433.952 429.642 433.526
632 565.000 570.446 569.164 572.202 570.597 572.071 577.852 575.365 574.911 572.328 572.755
633 309.000 320.999 319.662 319.705 321.923 320.128 320.555 322.428 320.637 319.411 317.212
634 437.000 429.006 429.280 390.826 424.794 435.314 425.578 426.335 426.891 429.305 427.881
635 481.000 481.623 487.647 486.171 484.118 486.225 488.407 487.513 488.796 485.360 485.735
636 390.000 400.695 394.955 399.783 402.243 399.088 401.638 401.162 388.672 398.924 398.631
637 329.000 323.654 324.476 323.104 323.697 323.850 324.320 324.504 323.269 324.735 326.850
638 349.000 352.021 351.553 351.086 350.942 351.369 351.151 351.749 352.237 351.685 352.002
639 336.000 340.181 337.182 337.339 337.698 336.700 338.678 340.429 337.321 336.104 335.571
640 550.000 541.659 539.133 539.740 545.341 540.979 539.009 538.637 373.816 539.209 541.598
641 315.000 318.817 321.701 317.284 320.098 320.582 320.675 317.618 319.851 319.191 320.214
642 420.000 435.206 418.718 431.607 422.614 435.084 421.770 437.407 413.066 432.706 425.756
643 466.000 456.768 462.166 454.009 462.053 443.160 464.952 462.209 464.340 461.777 466.272
644 315.000 282.261 272.558 280.802 287.973 283.709 292.644 323.893 320.928 279.147 276.986
645 345.000 357.632 356.537 355.488 355.320 345.043 359.411 355.730 357.504 357.129 357.181
646 451.000 467.799 465.447 432.528 471.887 465.278 462.866 472.752 463.673 471.448 467.914
647 337.000 363.108 360.077 363.672 398.430 360.622 362.427 362.647 361.452 360.923 363.100
648 439.000 388.290 400.738 390.680 387.557 391.816 390.262 397.029 397.024 384.257 391.530
649 330.000 328.257 330.101 331.074 329.107 320.472 332.432 331.534 330.295 328.684 331.122
650 538.000 541.881 540.529 518.688 527.274 525.050 521.016 529.430 534.252 518.372 530.794
651 326.000 348.874 349.140 358.598 342.496 340.177 338.809 335.980 342.393 342.001 335.641
652 392.000 436.743 429.642 421.311 421.572 426.960 427.753 392.029 416.589 422.439 433.441
653 366.000 352.452 392.195 380.553 382.106 381.308 375.452 393.257 379.407 368.750 377.885
654 318.000 314.527 313.536 312.421 316.964 317.564 313.231 325.828 312.298 315.124 319.088
655 561.000 534.107 539.046 542.373 522.295 529.682 540.800 536.214 535.388 537.500 528.831
656 436.000 445.816 434.831 436.385 436.007 431.322 436.032 436.765 433.924 436.547 435.537
657 463.000 450.268 450.403 456.629 447.507 454.298 451.233 457.200 453.912 460.563 453.369
658 348.000 347.505 348.188 347.062 346.753 345.974 345.622 346.219 347.583 347.558 348.691
659 313.000 313.155 314.939 312.218 313.253 310.064 319.143 313.091 317.004 312.568 314.756
660 451.000 449.794 455.945 452.793 453.816 455.917 456.234 455.143 452.169 451.779 450.290
661 384.000 392.398 389.744 391.127 402.924 389.859 393.972 390.709 392.863 398.948 393.412
662 459.000 450.449 449.838 449.905 450.016 450.182 449.606 452.770 449.302 447.044 449.325
663 421.000 367.658 355.654 364.748 376.334 355.057 348.874 359.168 368.804 363.414 368.406
664 481.000 476.897 485.132 475.975 475.707 480.439 488.620 480.662 479.782 481.559 477.134
665 320.000 316.610 325.793 319.709 317.855 319.071 321.002 318.100 318.226 318.259 319.812
666 310.000 335.307 347.404 341.051 326.775 344.951 361.860 343.654 358.177 350.815 359.480
667 402.000 403.784 406.174 405.741 405.777 406.288 407.180 400.291 407.101 403.199 403.675
668 530.000 449.875 473.386 445.245 505.074 443.319 468.789 465.445 479.568 392.368 476.246
669 583.000 553.379 572.202 554.465 561.293 559.154 554.318 564.322 564.488 506.929 558.858
670 421.000 422.851 422.365 432.158 426.099 421.122 426.539 428.955 424.446 424.207 426.098
671 415.000 411.695 413.352 412.570 414.242 416.462 411.714 414.811 415.122 413.022 414.514
672 387.000 398.023 391.546 396.464 397.189 397.501 396.331 400.135 394.765 398.857 399.734
673 584.000 565.808 566.120 533.279 566.497 562.802 569.716 546.025 562.252 560.906 566.623
674 307.000 308.224 303.997 311.145 318.117 308.244 322.065 309.916 309.388 312.548 310.240
675 424.000 417.314 418.261 418.006 422.322 418.495 415.171 418.447 416.458 413.534 416.341
676 449.000 448.423 438.616 438.865 443.352 439.432 436.672 443.955 441.177 432.707 437.259
677 610.000 529.141 546.745 538.349 499.601 540.042 533.605 518.563 538.678 548.093 540.032
678 505.000 510.550 510.832 517.700 507.150 512.164 506.647 508.633 518.499 509.786 513.313
679 408.000 407.449 408.376 406.367 408.280 408.316 407.221 408.209 407.595 409.905 405.716
680 377.000 385.432 388.532 395.678 394.206 377.958 389.093 377.682 379.591 389.519 386.517
681 502.000 465.638 463.525 472.640 445.481 470.092 474.104 462.914 466.887 456.014 463.451
682 319.000 311.876 313.985 315.712 314.201 314.018 312.444 316.859 311.672 314.070 308.414
683 394.000 399.988 402.717 402.879 398.532 394.688 400.275 400.655 399.515 401.189 403.033
684 290.000 307.120 309.276 298.742 283.760 292.846 304.046 289.340 311.706 276.576 292.765
685 407.000 409.900 409.958 412.175 412.790 410.349 410.646 411.271 412.084 411.071 410.272
686 444.000 368.733 362.939 352.230 380.013 364.118 364.374 364.245 345.249 371.155 361.116
687 322.000 323.655 323.298 321.483 322.467 331.204 324.514 323.591 326.767 326.757 325.146
688 331.000 310.695 308.990 299.626 318.576 316.453 311.534 298.971 306.164 318.377 328.177
689 402.000 392.056 396.777 404.214 392.155 395.921 392.412 397.997 392.742 392.050 391.042
690 320.000 331.901 332.630 332.244 331.019 336.809 332.034 331.146 330.713 334.361 332.260
691 386.000 384.149 381.899 376.784 383.890 381.278 377.821 374.234 382.564 383.420 383.176
692 364.000 447.974 440.540 434.075 435.051 431.986 436.551 434.771 433.981 435.972 433.434
693 328.000 326.254 327.544 327.519 327.166 327.128 328.017 329.440 328.027 327.670 324.783
694 312.000 319.031 328.986 320.616 323.701 318.445 323.234 322.057 319.702 320.140 322.633
695 378.000 380.005 386.004 371.628 375.348 377.033 375.234 386.764 378.758 375.138 379.537
696 331.000 330.782 327.545 331.960 332.369 333.414 332.413 332.443 332.266 329.822 330.604
697 330.000 329.231 340.423 337.966 353.633 334.579 336.938 338.758 343.358 343.924 347.759
698 451.000 447.897 446.312 439.107 447.375 430.763 440.567 446.190 439.590 434.951 450.231
699 313.000 369.686 358.606 369.075 363.511 357.330 356.615 361.980 362.681 344.171 372.460
700 408.000 394.603 401.018 400.099 403.012 407.922 403.586 399.535 404.723 402.128 401.682
701 440.000 434.039 441.116 439.717 443.425 447.426 446.769 443.555 440.430 443.393 414.945
702 375.000 375.452 372.347 374.816 375.760 373.516 371.665 373.035 375.573 375.389 370.010
703 462.000 462.697 467.859 461.946 462.123 462.554 461.915 461.647 461.876 462.477 464.408
704 450.000 451.306 428.492 426.118 428.019 424.717 425.994 425.439 425.389 427.558 425.681
705 417.000 413.994 416.130 416.219 410.766 413.765 413.615 411.197 416.894 412.105 415.866
706 452.000 424.188 435.696 425.276 418.010 433.017 428.150 426.198 425.974 421.458 434.175
707 526.000 508.537 522.921 515.802 510.147 517.577 506.905 507.792 504.893 524.765 520.464
708 460.000 478.249 478.600 473.137 480.265 476.340 472.113 472.331 473.638 470.687 477.166
709 428.000 426.397 425.998 431.864 430.247 428.872 423.700 427.802 431.961 433.824 434.792
710 310.000 348.203 376.276 378.778 366.379 381.567 380.260 359.229 403.453 379.776 378.778
711 412.000 405.896 404.496 406.641 408.895 405.273 404.026 407.651 403.284 404.106 405.751
712 320.000 336.695 337.598 338.793 335.482 342.055 351.502 341.773 339.108 336.845 341.446
713 468.000 488.059 484.941 491.778 488.759 488.002 487.093 486.403 483.817 490.450 495.350
714 316.000 318.029 310.502 309.087 321.248 314.627 317.830 311.163 317.789 320.609 321.816
715 602.000 588.903 592.044 592.166 594.266 593.257 594.716 593.763 595.492 593.218 594.557
716 328.000 328.439 330.597 333.328 327.441 335.619 331.735 329.897 331.523 331.961 330.280
717 579.000 537.460 521.794 521.820 522.470 530.357 535.533 506.577 535.946 534.693 522.908
718 354.000 352.151 348.916 350.770 349.580 348.163 349.503 351.177 347.858 348.899 342.426
