data_index Htime.observed Htime.predicted.repeat1 Htime.predicted.repeat2 Htime.predicted.repeat3 Htime.predicted.repeat4 Htime.predicted.repeat5 Htime.predicted.repeat6 Htime.predicted.repeat7 Htime.predicted.repeat8 Htime.predicted.repeat9 Htime.predicted.repeat10
1 4.857 4.516 4.540 4.525 4.613 4.485 4.482 4.456 4.459 4.614 4.494
2 2.679 3.426 3.252 3.177 3.321 3.330 3.051 3.023 3.203 3.532 3.281
3 4.721 3.708 4.372 4.825 4.458 3.646 3.660 4.994 3.792 3.629 3.657
4 4.999 6.194 6.427 6.454 6.056 6.348 6.390 6.505 6.038 6.320 6.461
5 2.954 5.031 4.983 5.017 5.255 4.964 4.923 4.965 5.044 4.898 5.134
6 4.732 4.829 4.810 4.972 4.904 4.726 4.765 4.914 4.788 4.665 4.801
7 2.542 3.871 3.255 3.571 3.483 3.352 3.386 3.475 3.489 3.694 3.429
8 4.437 4.276 4.351 4.289 4.280 4.359 4.520 4.193 4.286 4.159 4.140
9 4.511 4.892 4.835 4.737 4.748 4.787 4.530 4.902 4.577 4.554 4.639
10 4.561 4.634 4.569 4.622 4.603 4.639 4.795 4.539 4.668 4.517 4.621
11 4.515 3.507 3.467 3.316 3.274 2.780 3.253 3.380 3.123 3.346 3.641
12 6.033 5.124 5.229 5.240 5.254 5.315 5.196 5.240 5.151 5.216 5.246
13 4.401 5.530 5.402 5.473 5.695 5.567 5.393 5.614 5.246 5.582 5.381
14 4.565 4.210 4.126 4.324 4.281 4.194 4.114 4.215 4.102 4.148 4.212
15 4.500 2.967 3.035 3.206 3.385 3.398 3.324 2.949 3.071 3.118 3.318
16 4.459 4.180 4.319 4.153 3.940 3.989 4.328 4.342 4.251 4.164 4.405
17 4.782 5.205 5.106 5.415 5.314 5.395 5.504 5.216 5.453 5.281 5.249
18 6.644 3.948 4.164 4.160 4.166 4.332 3.963 4.003 3.845 4.477 4.433
19 4.008 4.332 4.066 3.920 4.150 4.280 4.971 4.260 4.060 4.005 4.122
20 5.749 4.951 5.285 5.191 5.015 4.921 5.181 5.268 5.081 5.131 5.244
21 2.954 5.166 4.826 4.691 4.668 4.879 5.002 4.587 4.776 4.775 4.863
22 4.724 5.123 5.199 5.296 5.075 5.121 5.341 5.217 5.203 5.184 5.146
23 4.861 3.231 3.012 3.112 2.991 3.047 2.956 3.181 3.351 2.961 3.161
24 9.159 6.094 6.116 5.451 5.943 6.038 5.706 5.799 5.703 6.220 6.189
25 2.824 3.164 3.244 2.930 3.620 3.257 3.779 3.474 3.675 3.556 3.389
26 2.235 3.242 3.128 3.185 3.429 3.033 3.539 3.200 3.533 3.558 3.314
27 3.787 4.551 4.124 4.620 4.457 4.369 4.397 4.281 4.181 4.171 4.036
28 -0.165 0.947 0.916 1.623 0.902 0.730 1.682 1.580 0.905 1.719 0.957
29 4.365 3.418 3.138 3.146 2.951 2.935 2.959 2.901 2.775 2.979 3.060
30 6.982 5.982 5.355 6.011 5.427 5.543 5.140 5.625 6.195 5.804 5.145
31 5.556 5.431 5.472 5.475 5.441 5.468 5.485 5.432 5.600 5.339 5.490
32 4.605 4.606 4.567 4.556 4.587 4.485 4.542 4.652 4.561 4.586 4.554
33 2.381 3.454 3.431 3.404 3.373 3.735 3.509 3.425 3.545 3.522 3.536
34 5.016 4.206 4.445 4.470 4.320 3.867 4.375 4.251 4.353 4.294 4.395
35 0.255 4.235 4.238 4.117 4.141 3.796 4.188 4.117 3.986 4.141 3.738
36 5.937 5.297 5.211 5.050 5.604 5.165 5.452 5.111 5.276 5.236 5.212
37 1.196 2.444 2.523 2.557 2.645 2.305 2.818 2.715 2.624 2.894 2.571
38 2.475 0.589 0.753 0.764 0.717 0.908 0.627 0.837 0.726 0.424 0.646
39 3.525 4.548 4.288 4.724 4.417 4.516 4.550 4.906 4.495 4.693 4.771
40 6.946 6.007 5.378 5.239 5.707 5.233 4.944 5.152 5.186 5.588 5.433
41 6.519 5.193 5.147 5.555 5.677 5.734 5.583 5.250 5.430 5.525 5.741
42 2.001 3.324 2.908 3.137 3.083 3.068 3.347 3.326 3.506 3.409 3.071
43 6.167 5.371 5.285 5.673 5.766 6.054 5.523 5.669 5.173 5.537 5.557
44 4.459 4.171 3.985 4.077 4.118 4.078 4.902 4.188 4.002 4.172 3.972
45 4.673 4.771 4.608 4.611 4.849 4.672 4.629 4.707 4.692 4.746 4.734
46 5.617 5.649 5.597 5.579 5.568 5.552 5.613 5.581 5.469 5.628 5.565
47 1.358 3.449 3.165 3.012 2.913 3.016 3.198 3.065 3.299 3.243 2.996
48 4.228 4.719 4.619 4.754 4.636 4.771 4.647 4.587 4.794 4.489 4.735
49 4.475 4.651 4.242 4.571 4.534 3.645 4.738 4.837 4.736 4.888 5.063
50 2.682 1.848 2.003 2.113 2.036 1.945 2.128 2.218 2.403 2.044 2.001
51 4.297 4.634 4.487 4.552 4.707 4.582 4.165 4.513 4.401 4.199 4.139
52 4.702 4.130 4.419 4.564 4.413 4.327 4.394 4.542 4.377 4.223 4.306
53 4.804 3.930 3.973 4.030 3.894 3.988 3.941 4.024 3.877 3.997 3.984
54 4.741 5.084 4.965 4.991 5.112 5.087 5.143 4.979 5.080 4.914 4.994
55 6.083 5.542 5.423 5.334 5.512 5.391 5.616 5.239 5.379 5.394 4.856
56 4.401 5.028 5.018 4.874 5.031 5.073 4.990 4.933 5.294 5.016 4.869
57 6.101 5.711 6.137 5.945 5.793 5.903 5.920 5.890 5.626 5.766 5.726
58 3.561 2.869 3.391 3.107 3.020 3.064 3.300 2.877 3.045 3.495 3.095
59 4.376 3.981 3.687 3.616 3.717 3.747 3.611 3.636 3.659 3.749 3.550
60 7.960 5.730 5.880 5.156 5.671 5.765 5.126 5.869 5.620 5.723 5.938
61 2.475 3.991 4.037 3.914 3.945 3.716 3.959 3.966 4.007 3.945 3.789
62 4.183 2.909 3.249 2.780 2.697 2.833 2.622 3.013 2.862 2.784 2.848
63 2.857 3.579 3.436 3.344 3.320 3.735 3.029 3.551 3.533 3.619 3.182
64 0.776 0.345 1.437 1.269 1.317 0.730 1.088 0.552 0.412 -0.065 0.200
65 6.190 5.689 5.537 5.672 5.582 5.237 5.244 5.540 5.766 5.718 5.480
66 5.520 4.885 4.692 4.861 4.935 4.865 4.825 4.871 5.046 4.979 4.915
67 4.613 4.876 4.755 4.998 4.807 4.831 4.967 4.759 4.840 4.785 4.835
68 0.670 2.550 2.968 3.076 2.984 2.502 3.051 2.673 2.665 2.890 2.525
69 6.056 5.140 5.287 5.199 5.185 5.169 5.133 5.188 5.145 5.100 5.246
70 4.598 5.066 4.923 4.944 5.025 5.308 4.891 5.034 5.081 5.040 5.089
71 5.317 5.532 5.537 5.517 5.541 5.681 5.314 5.566 5.650 5.475 5.483
72 4.635 5.876 5.801 5.903 5.970 5.704 5.649 5.456 5.756 5.825 5.661
73 4.529 4.902 4.898 5.089 4.860 5.012 5.017 5.025 4.999 5.036 4.935
74 5.700 6.470 6.485 6.379 6.370 6.579 6.113 6.227 6.515 6.072 6.528
75 0.325 3.124 3.215 3.116 2.964 3.148 3.088 3.129 3.115 3.605 3.310
76 3.984 3.060 3.540 2.850 2.882 2.655 2.814 3.252 3.041 3.352 3.332
77 2.208 2.955 3.281 3.025 3.230 3.140 2.972 3.510 3.574 3.417 2.915
78 1.653 4.282 4.287 4.291 4.281 4.217 4.309 4.338 4.440 4.346 4.378
79 0.088 3.368 3.487 3.561 3.473 3.369 3.448 3.281 3.473 3.533 3.184
80 4.196 2.764 3.062 3.163 3.067 3.090 3.140 3.363 3.375 3.513 3.074
81 5.336 5.451 5.183 5.349 5.302 5.404 4.723 5.449 5.069 4.776 4.853
82 1.105 2.487 2.892 2.931 3.081 2.898 2.833 2.872 2.887 3.070 2.913
83 5.846 4.490 4.407 4.899 4.551 4.245 4.693 4.827 4.480 4.665 4.372
84 4.113 4.094 4.202 3.791 4.460 4.065 3.955 4.322 4.043 4.334 3.827
85 2.631 3.521 3.522 3.404 3.247 3.666 3.483 3.384 3.346 3.467 3.613
86 6.261 5.311 4.878 5.254 5.266 5.293 5.242 5.636 5.297 5.456 5.299
87 5.048 4.709 4.871 4.823 4.745 4.736 4.696 4.691 4.992 4.772 4.778
88 4.858 5.513 5.491 5.576 5.606 5.419 5.488 5.484 5.611 5.568 5.564
89 4.779 4.592 4.671 4.767 4.744 4.750 4.668 4.733 4.720 4.804 4.693
90 3.835 4.029 4.241 3.844 3.905 3.879 4.463 4.354 3.947 3.865 4.149
91 5.064 2.699 3.079 2.970 3.058 2.968 2.738 3.000 2.818 3.031 2.788
92 4.003 4.641 4.759 4.632 4.787 4.667 4.608 4.659 4.590 4.750 4.642
93 3.404 4.274 4.381 4.427 4.321 4.319 5.087 4.335 4.507 4.328 4.446
94 4.951 4.788 4.621 4.748 4.740 4.621 4.756 4.703 4.769 4.664 4.678
95 5.505 4.718 4.731 5.214 4.990 4.807 4.736 4.930 5.113 5.192 4.958
96 1.857 3.843 4.072 4.261 4.207 4.042 4.189 4.242 4.126 4.417 4.293
97 4.632 5.755 6.133 6.148 5.786 6.061 6.204 6.466 6.220 6.023 6.495
98 5.177 5.275 4.958 5.349 5.369 5.162 5.175 5.238 4.723 5.215 5.052
99 5.978 4.791 4.763 4.630 4.717 4.837 4.825 5.020 4.590 4.626 4.745
100 4.146 3.085 3.650 3.721 3.036 3.429 3.142 3.457 3.512 3.362 3.579
101 4.954 5.422 5.330 5.079 5.449 5.362 5.225 5.255 4.993 5.030 5.247
102 5.806 5.554 5.497 5.465 5.420 5.710 5.867 5.499 5.356 5.484 5.428
103 5.033 4.845 4.853 4.556 4.773 5.099 4.442 4.832 4.752 4.851 4.701
104 4.395 4.152 4.070 4.178 4.155 4.218 4.198 4.052 4.348 4.175 4.070
105 5.093 3.104 3.260 3.418 3.469 3.443 3.127 3.530 3.131 3.128 3.605
106 3.250 5.154 4.885 4.885 4.728 4.683 4.893 4.839 5.000 4.848 4.710
107 2.760 3.956 3.813 4.304 4.367 4.025 4.516 3.643 3.818 3.834 3.953
108 1.182 4.373 4.368 4.253 4.373 4.173 4.289 4.170 4.283 4.211 4.271
109 4.028 5.095 4.920 4.919 5.026 4.826 5.099 4.951 5.053 4.736 4.975
110 5.190 4.274 3.396 3.709 3.624 3.933 3.552 3.656 3.632 3.569 3.535
111 4.988 4.521 4.576 4.900 4.457 4.700 4.484 4.658 4.604 4.424 4.495
112 6.799 5.031 5.139 4.997 4.976 4.905 4.813 4.590 4.876 5.336 4.963
113 5.414 4.420 4.234 4.127 4.240 3.912 4.887 4.409 3.955 3.985 4.497
114 4.414 3.544 3.440 3.431 3.613 3.920 3.357 3.239 3.305 3.338 3.359
115 5.635 4.456 4.358 4.394 4.625 4.396 4.498 4.600 4.278 4.315 4.528
116 4.883 4.923 5.394 5.347 5.517 5.037 5.007 5.124 5.165 5.158 5.075
117 4.712 4.249 4.327 4.273 4.713 4.396 4.324 4.269 4.393 4.176 4.224
118 4.758 4.906 4.900 5.053 5.026 5.025 4.846 5.027 4.896 4.965 5.034
119 3.147 3.127 3.132 3.401 3.523 3.380 3.617 3.281 3.862 3.125 3.679
120 5.580 5.621 5.669 5.793 5.595 5.675 6.067 5.824 5.723 5.765 5.510
