data_index logt12.observed logt12.predicted.repeat1 logt12.predicted.repeat2 logt12.predicted.repeat3 logt12.predicted.repeat4 logt12.predicted.repeat5 logt12.predicted.repeat6 logt12.predicted.repeat7 logt12.predicted.repeat8 logt12.predicted.repeat9 logt12.predicted.repeat10
1 0.088 1.585 1.629 1.463 1.479 1.623 1.545 1.502 1.638 1.555 1.584
2 0.255 2.659 2.586 2.672 2.703 2.675 2.832 2.627 2.866 2.576 2.958
3 0.325 3.074 3.493 3.484 4.053 3.318 3.588 3.443 3.450 3.393 2.967
4 1.105 2.791 3.214 3.065 2.864 3.018 2.856 2.926 3.149 2.924 2.895
5 1.182 0.866 0.848 0.801 0.797 0.822 0.889 0.854 1.013 1.053 0.777
6 1.196 2.070 2.223 2.912 2.091 2.648 2.034 2.389 1.965 2.003 1.867
7 1.358 2.305 2.429 3.076 2.210 3.031 2.260 2.232 2.230 2.174 2.222
8 1.653 3.947 3.963 3.920 3.683 3.625 3.793 3.707 3.813 3.695 3.961
9 2.208 3.363 3.463 3.491 3.164 3.506 3.462 3.879 2.980 3.723 3.587
10 2.235 3.179 3.687 3.431 2.923 3.359 3.306 3.409 3.254 3.544 3.452
11 2.381 4.061 3.776 4.106 3.858 3.687 3.886 4.017 3.983 3.956 3.925
12 2.408 3.029 3.109 3.051 3.047 3.334 2.994 3.101 3.039 3.149 3.191
13 2.542 3.095 3.086 2.940 3.541 2.996 3.150 2.982 3.002 3.119 3.521
14 2.631 4.242 3.777 4.132 4.230 4.223 3.653 4.332 4.246 4.286 4.213
15 2.679 3.213 3.251 3.416 3.734 3.519 3.017 3.468 3.303 3.228 3.363
16 2.682 2.206 2.465 2.184 1.995 2.299 1.596 1.918 2.076 2.044 1.948
17 2.760 4.332 4.280 4.284 4.154 4.283 4.035 4.144 4.141 4.300 4.070
18 2.857 3.456 3.534 3.255 3.622 3.525 3.009 3.626 3.245 3.364 3.408
19 2.954 4.847 4.746 4.690 4.812 4.683 4.716 4.674 4.538 4.719 4.687
20 2.954 3.562 3.534 3.491 3.473 3.523 3.495 3.534 3.447 3.487 3.556
21 3.147 3.706 3.783 2.824 4.244 3.752 3.653 3.462 2.953 3.617 3.511
22 3.250 4.101 4.018 4.030 3.944 4.071 4.055 3.957 3.896 3.759 3.970
23 3.404 4.903 4.871 4.886 5.459 4.970 4.964 4.753 4.886 4.764 4.832
24 3.561 3.859 4.299 3.789 3.813 3.955 3.882 3.834 3.540 3.862 3.868
25 3.787 3.123 3.557 3.414 3.319 3.493 3.367 3.358 3.346 3.273 3.416
26 4.003 3.752 3.793 3.782 3.673 4.047 4.020 3.735 3.946 3.684 3.685
27 4.028 5.660 5.636 5.562 5.580 5.455 5.381 5.750 5.576 5.580 5.489
28 4.104 4.074 4.007 4.046 4.973 4.064 4.082 4.117 4.063 4.055 4.065
29 4.113 3.565 3.653 3.639 3.730 3.778 3.981 3.722 3.407 3.588 3.750
30 4.146 3.255 3.782 4.690 3.773 3.701 3.764 3.849 4.653 3.800 3.724
31 4.183 4.263 4.331 3.066 4.120 3.801 3.602 4.300 3.608 4.196 4.074
32 4.196 2.429 2.099 2.252 2.056 1.819 2.091 1.923 1.980 1.999 2.123
33 4.228 5.032 5.306 5.204 5.122 5.218 5.150 5.081 5.191 5.221 5.204
34 4.297 4.446 4.545 3.845 4.625 4.130 4.276 4.213 4.822 4.354 4.346
35 4.359 3.889 3.829 4.164 4.055 4.042 3.857 4.054 4.083 4.211 4.183
36 4.376 3.699 3.181 3.240 3.748 2.948 3.245 2.851 3.021 3.104 3.256
37 4.401 2.859 3.515 3.634 3.502 3.583 3.491 3.495 3.477 3.215 4.078
38 4.401 4.559 4.560 4.559 4.559 4.559 4.560 4.559 4.559 4.559 4.559
39 4.405 4.387 4.303 4.349 4.492 4.498 4.392 4.524 4.571 4.382 4.356
40 4.414 2.459 2.260 2.525 3.158 2.488 2.564 2.475 2.872 2.582 2.584
41 4.459 4.797 3.360 4.601 4.776 4.852 4.811 4.786 4.736 3.515 4.774
42 4.459 4.502 4.501 4.502 4.599 4.502 4.501 4.524 4.501 4.565 4.506
43 4.500 3.583 3.562 3.764 3.720 3.689 3.389 3.538 3.424 3.602 3.580
44 4.511 4.632 4.805 4.736 4.843 4.816 4.859 5.000 4.927 4.744 4.895
45 4.561 4.955 4.806 4.951 4.779 4.779 4.857 4.732 4.742 4.787 4.689
46 4.565 4.487 4.620 4.789 4.702 4.628 4.615 4.613 4.748 4.712 4.572
47 4.598 5.212 5.078 5.280 5.840 5.659 5.045 5.337 5.092 5.734 5.103
48 4.605 4.575 4.524 4.634 4.538 4.542 4.405 4.522 4.455 4.472 4.449
49 4.613 4.726 4.648 4.609 4.646 4.503 4.648 4.585 4.622 4.752 4.480
50 4.635 5.019 5.032 5.122 5.138 5.150 4.843 4.990 5.042 4.936 5.285
51 4.673 4.599 4.590 4.579 4.705 4.712 4.728 4.573 4.590 4.535 4.744
52 4.702 4.433 4.518 4.772 4.543 4.469 4.419 4.426 4.421 4.433 4.385
53 4.712 3.602 2.802 3.757 3.293 3.762 3.541 3.794 3.779 3.002 3.759
54 4.732 4.933 4.933 4.934 4.933 4.903 4.764 4.933 4.716 4.933 4.933
55 4.741 4.159 4.121 3.928 3.799 4.089 3.739 4.033 3.953 4.018 3.852
56 4.758 4.957 4.953 4.848 4.932 5.011 4.766 4.865 4.904 4.979 5.020
57 4.779 4.440 4.395 4.391 4.316 4.525 4.382 4.565 4.485 4.540 4.469
58 4.804 3.976 4.201 3.958 4.079 4.438 4.022 3.671 4.203 3.976 4.238
59 4.857 4.837 5.009 5.100 5.043 4.802 5.006 5.144 5.057 4.945 4.856
60 4.858 4.741 4.444 4.894 4.552 4.429 4.328 4.578 4.532 4.320 4.487
61 4.861 3.481 3.371 3.471 3.337 3.379 3.048 3.411 3.185 3.529 3.273
62 4.878 3.918 3.918 3.819 3.852 3.849 4.174 3.842 3.954 3.869 4.004
63 4.951 4.097 4.091 4.140 4.146 4.228 4.018 4.193 4.141 4.148 4.201
64 4.954 5.263 5.198 5.256 5.306 5.258 5.204 5.276 5.251 5.271 5.219
65 4.988 4.813 4.999 4.461 4.963 4.920 4.982 5.001 5.016 4.964 4.618
66 4.999 4.827 5.037 4.946 4.992 4.993 4.797 4.851 4.805 4.675 5.000
67 5.033 4.655 4.696 4.666 4.705 4.662 4.764 4.695 4.716 4.633 4.675
68 5.064 3.054 3.103 3.074 3.050 3.339 3.097 3.197 3.044 3.118 3.074
69 5.093 3.011 3.529 2.751 2.953 3.341 3.472 2.855 2.943 3.085 2.822
70 5.177 5.528 5.657 5.476 6.247 5.691 5.533 5.892 5.704 6.252 5.611
71 5.317 6.231 4.514 6.134 5.989 6.212 5.446 5.711 6.290 5.385 6.120
72 5.414 2.348 2.574 2.491 2.431 2.506 2.535 2.567 2.544 2.500 2.566
73 5.505 3.669 3.467 3.589 3.780 3.489 3.638 3.394 3.457 3.514 3.561
74 5.520 5.121 5.134 5.134 5.223 5.278 5.111 5.247 5.275 5.161 5.210
75 5.700 5.120 5.045 5.148 5.005 4.996 4.926 4.948 5.224 5.101 4.983
76 5.749 4.618 4.642 5.062 4.743 4.567 5.008 4.651 4.632 4.742 4.675
77 5.937 6.588 6.286 6.542 6.274 6.744 6.277 6.598 6.536 6.269 6.648
78 5.978 5.210 5.746 5.630 5.769 5.576 5.621 5.660 5.626 5.740 5.735
79 6.167 5.477 5.814 5.790 5.674 5.973 5.127 5.647 5.596 5.670 5.676
80 6.190 5.557 5.599 5.618 5.494 5.275 5.494 5.507 5.595 5.502 5.613
81 6.519 5.573 6.208 5.714 6.436 6.312 6.074 6.324 6.515 5.713 6.126
82 6.644 3.152 3.563 3.584 3.398 3.550 3.633 3.636 3.581 3.734 3.716
83 6.799 5.786 6.257 6.255 6.920 6.868 6.850 7.072 6.988 6.848 6.826
84 6.946 6.347 6.011 5.275 5.712 6.026 5.729 5.961 5.626 5.612 5.987
85 6.982 5.645 5.340 5.475 5.389 5.802 5.627 5.555 5.558 5.776 5.731
86 7.960 4.918 5.281 5.262 5.278 5.317 5.308 5.513 5.294 5.491 5.684
