data_index lambdaa.observed lambdaa.predicted.repeat1 lambdaa.predicted.repeat2 lambdaa.predicted.repeat3 lambdaa.predicted.repeat4 lambdaa.predicted.repeat5 lambdaa.predicted.repeat6 lambdaa.predicted.repeat7 lambdaa.predicted.repeat8 lambdaa.predicted.repeat9 lambdaa.predicted.repeat10
1 342.000 328.170 324.011 330.716 331.860 333.358 338.849 338.455 330.137 326.896 331.998
2 336.000 337.245 340.915 337.809 344.721 340.237 344.445 341.968 319.765 342.923 339.168
3 434.000 423.937 430.053 428.047 430.912 430.328 430.090 430.558 428.948 423.875 428.075
4 320.000 324.758 325.495 327.139 333.266 320.736 323.367 331.097 326.216 329.557 332.302
5 317.000 310.634 305.885 314.265 306.649 312.857 303.966 309.748 318.794 314.514 318.305
6 432.000 451.899 452.098 452.100 452.098 452.097 452.098 452.098 452.099 452.099 452.099
7 419.000 440.881 440.106 441.154 441.204 440.615 440.543 440.260 440.920 440.833 440.624
8 554.000 558.344 553.986 563.140 565.981 566.752 556.266 564.155 556.259 564.098 555.282
9 438.000 458.857 441.532 455.618 437.097 468.094 451.405 453.708 457.403 449.183 450.820
10 315.000 314.867 315.640 310.837 314.082 315.191 316.044 317.113 314.917 316.550 313.546
11 325.000 329.755 329.289 330.135 327.446 332.724 327.737 327.115 328.890 331.497 329.237
12 492.000 463.280 459.127 455.547 468.048 449.246 492.047 469.316 458.467 466.139 432.635
13 370.000 370.585 371.837 369.850 376.034 375.299 374.537 369.800 370.826 369.658 372.896
14 424.000 424.240 425.060 425.552 425.152 424.761 424.676 423.459 423.647 421.161 425.884
15 400.000 400.886 401.514 399.717 398.557 399.625 400.729 394.913 400.584 400.348 399.385
16 406.000 403.819 403.799 403.940 405.926 404.217 401.287 404.708 406.548 403.160 402.624
17 429.000 428.888 429.624 429.311 429.989 430.036 428.524 429.575 408.171 430.839 430.208
18 450.000 446.389 438.099 448.754 440.513 436.766 431.131 439.250 439.904 431.846 434.217
19 342.000 335.172 333.037 341.021 337.330 335.836 339.590 345.581 331.978 333.784 331.429
20 302.000 338.808 330.212 329.933 334.384 331.625 331.567 332.771 336.487 327.982 331.094
21 437.000 440.715 415.894 410.987 438.699 441.257 438.423 436.758 438.197 439.957 439.740
22 407.000 411.465 409.636 408.128 410.805 412.986 409.386 413.220 411.468 409.533 410.799
23 384.000 389.900 390.709 390.101 390.100 390.422 390.101 390.101 393.053 395.743 390.101
24 371.000 378.103 373.233 376.368 375.704 374.888 376.303 376.584 376.364 377.462 376.515
25 417.000 318.985 325.582 321.019 324.140 314.153 326.435 316.925 319.030 318.225 324.748
26 425.000 433.290 431.181 430.420 428.396 431.698 435.793 428.364 429.090 424.080 427.701
27 350.000 311.816 332.389 312.711 314.125 325.767 336.975 334.729 324.317 310.803 332.765
28 444.000 454.606 458.127 445.884 458.161 451.856 450.091 450.156 437.170 452.332 452.337
29 379.000 388.551 398.307 394.200 394.917 397.206 394.765 392.447 393.625 399.542 392.669
30 400.000 410.344 411.596 411.022 410.019 409.438 411.236 410.584 409.998 412.217 410.141
31 378.000 368.802 352.073 361.851 373.167 362.861 366.345 367.560 370.842 368.044 358.207
32 364.000 366.942 357.022 373.646 368.074 365.733 365.950 367.134 362.554 366.126 367.209
33 360.000 356.311 359.677 355.486 360.803 353.984 354.850 356.454 361.156 356.713 358.439
34 382.000 407.301 419.821 416.707 403.627 410.038 413.480 412.695 425.719 418.663 405.164
35 527.000 537.366 540.418 541.281 543.140 539.805 538.719 540.790 549.840 544.236 535.726
36 408.000 406.661 411.804 407.429 406.760 407.116 405.621 406.651 407.830 407.048 405.792
37 421.000 376.988 398.278 395.737 396.885 395.655 387.316 397.745 358.689 404.008 356.678
38 346.000 339.494 329.839 334.103 331.082 337.168 333.790 329.906 332.934 330.458 333.766
39 478.000 528.883 518.320 527.253 525.985 519.906 527.422 540.854 531.454 524.987 523.679
40 420.000 452.762 445.047 441.622 441.800 442.176 446.493 444.972 440.848 452.615 443.535
41 430.000 440.098 440.099 440.099 440.098 440.098 440.099 443.876 440.099 440.098 440.099
42 623.000 582.016 584.031 581.149 579.895 580.545 583.898 584.261 581.961 587.167 577.932
43 457.000 451.357 448.522 454.307 450.964 450.357 449.230 450.027 453.202 445.641 453.013
44 424.000 414.248 414.794 412.403 422.485 417.463 412.995 414.363 416.782 414.190 420.582
45 456.000 459.600 468.984 472.730 465.170 462.345 481.835 461.184 459.813 461.971 470.578
46 411.000 407.843 410.808 411.930 410.048 410.412 413.157 412.638 409.575 404.709 416.741
47 413.000 435.715 426.937 439.099 433.237 430.088 438.051 439.306 432.655 415.078 432.002
48 332.000 354.149 354.872 342.917 353.072 351.920 350.144 365.658 352.954 348.147 349.152
49 489.000 488.900 488.900 488.900 489.100 489.099 488.900 488.900 488.899 488.899 488.373
50 425.000 410.117 424.006 408.215 392.262 391.107 405.763 404.475 400.660 418.449 411.902
51 359.000 365.078 369.802 370.272 385.390 365.532 365.817 372.350 373.013 369.001 369.463
52 418.000 420.704 423.083 415.870 419.485 420.831 421.729 422.318 420.451 419.278 421.378
53 325.000 326.646 328.621 329.038 326.131 329.586 329.163 324.796 326.612 325.963 328.979
54 447.000 456.366 449.305 453.693 459.360 455.346 446.399 455.715 452.983 447.209 450.432
55 464.000 458.892 457.157 458.765 457.797 459.402 462.051 458.908 463.078 457.390 464.392
56 431.000 430.816 430.732 430.656 431.679 430.840 430.675 430.615 430.686 430.407 430.616
57 332.000 315.677 314.310 322.140 312.826 307.857 315.823 321.189 327.716 315.869 318.492
58 329.000 437.755 426.773 442.739 430.565 428.630 432.805 431.783 432.534 410.770 429.057
59 315.000 318.440 319.698 313.129 313.539 315.576 316.003 315.674 312.782 313.054 314.053
60 396.000 394.245 392.380 391.441 393.686 391.935 396.375 390.240 386.622 386.559 395.394
61 390.000 380.522 384.015 382.843 386.630 385.196 382.703 382.679 387.259 383.159 383.092
62 423.000 423.941 429.740 424.443 420.305 431.148 424.178 422.700 426.772 420.423 420.093
63 430.000 446.939 433.057 446.367 438.031 445.981 441.516 438.629 440.444 450.270 448.200
64 429.000 428.548 428.359 428.562 428.506 428.191 428.256 428.230 428.142 428.202 428.397
65 467.000 458.666 460.370 459.328 460.654 456.887 460.120 460.276 459.809 460.020 461.339
66 602.000 587.224 585.680 577.953 581.055 572.926 587.537 582.138 579.692 572.401 580.584
67 461.000 473.918 479.149 443.938 483.190 480.120 480.588 479.065 478.066 494.744 479.334
68 342.000 339.712 343.319 342.838 345.790 344.039 342.125 343.209 342.254 343.917 338.146
69 545.000 513.748 543.179 539.766 542.087 535.955 538.920 531.117 535.409 550.535 535.020
70 415.000 416.102 416.101 416.101 416.621 416.102 417.031 416.100 416.885 416.745 417.153
71 365.000 364.078 371.219 370.394 371.872 367.289 365.086 371.903 378.343 375.217 370.954
72 429.000 415.226 414.098 420.694 411.672 414.831 411.539 417.593 416.572 420.839 417.765
73 336.000 350.818 346.608 345.631 347.648 347.390 345.631 343.978 347.101 342.701 344.316
74 302.000 302.859 299.813 305.228 301.922 303.297 296.800 303.371 306.783 298.811 301.774
75 426.000 430.258 423.742 426.468 425.113 427.757 429.378 426.363 422.736 429.265 423.234
76 364.000 389.192 379.532 384.631 393.399 389.841 391.318 396.144 373.316 386.825 391.228
77 451.000 433.214 433.415 433.441 434.500 432.719 435.750 435.969 432.493 434.747 424.266
78 573.000 570.458 579.443 567.197 568.906 575.751 570.580 568.850 568.558 566.642 572.131
79 447.000 446.900 438.071 446.899 441.058 444.052 446.900 440.989 440.532 446.900 446.900
80 322.000 343.743 338.853 347.656 341.144 345.575 338.029 339.019 344.357 350.486 336.805
81 586.000 591.362 594.556 601.332 593.922 593.357 593.994 597.983 590.546 595.864 596.724
82 459.000 463.114 462.794 465.128 461.621 461.613 460.370 461.602 461.102 461.300 460.580
83 405.000 396.835 395.230 394.267 397.821 393.993 394.259 391.683 393.961 396.923 392.882
84 434.000 436.037 437.905 437.080 433.754 441.653 435.658 441.242 433.637 441.068 433.696
85 441.000 460.516 454.903 458.061 458.929 462.159 457.139 460.793 458.767 458.519 459.272
86 403.000 402.505 402.799 402.427 402.516 402.461 402.100 402.099 404.366 403.044 403.263
87 450.000 449.224 441.107 441.769 443.768 442.124 441.761 450.035 438.361 450.291 434.402
88 372.000 372.586 371.090 369.938 374.812 371.618 365.506 374.053 375.289 369.816 371.240
89 400.000 428.930 412.709 413.476 416.305 413.796 411.946 401.562 411.341 402.679 407.621
90 545.000 546.771 559.990 557.579 557.822 558.856 549.406 555.998 562.899 560.066 574.607
91 411.000 407.072 410.505 409.497 407.565 412.613 410.400 410.704 407.668 409.043 404.594
92 344.000 355.179 347.696 355.813 357.466 350.414 354.276 354.871 349.911 353.951 354.432
93 502.000 515.422 512.306 520.256 521.422 515.061 514.881 515.879 516.455 516.595 518.316
94 401.000 428.484 411.167 413.148 415.177 394.234 420.659 417.267 416.948 394.425 421.102
95 407.000 405.082 400.070 397.811 396.410 398.803 405.592 403.503 407.202 403.709 398.313
96 444.000 437.388 434.214 436.944 432.144 436.053 436.871 434.104 435.136 435.294 435.535
97 321.000 316.240 323.096 317.770 321.891 322.771 319.241 317.164 321.359 316.390 323.306
98 584.000 582.912 586.113 580.028 585.384 586.837 586.709 588.510 583.650 584.205 585.559
99 480.000 481.049 475.978 473.430 466.240 474.173 464.326 475.254 476.259 477.794 476.730
100 510.000 492.503 568.798 518.298 490.951 518.251 521.631 514.889 512.314 526.964 518.063
101 408.000 403.954 404.725 405.227 405.484 405.100 406.726 406.310 405.661 406.389 405.748
102 323.000 329.022 320.891 328.382 325.905 326.080 329.679 328.884 328.360 329.667 328.991
103 438.000 413.473 409.548 417.097 411.207 418.835 406.750 415.280 410.989 405.701 408.587
104 417.000 417.920 418.525 418.716 418.990 417.940 418.002 418.798 418.856 418.461 418.806
105 429.000 411.145 408.600 409.355 406.739 413.569 411.174 406.354 416.402 407.552 413.140
106 434.000 436.120 435.902 439.494 442.352 440.778 439.854 441.805 438.667 440.779 436.402
107 442.000 450.373 452.872 442.753 459.204 444.452 440.986 440.209 443.745 432.186 438.299
108 410.000 413.459 420.017 412.603 411.856 414.820 416.737 417.351 413.291 419.021 413.133
109 335.000 393.815 393.681 387.622 382.733 405.812 395.943 405.023 407.330 391.518 390.155
110 515.000 513.047 551.611 519.268 501.138 525.273 558.312 524.478 554.634 515.157 501.365
111 400.000 396.698 396.102 396.107 396.103 396.024 396.102 395.903 396.570 396.101 396.102
112 429.000 423.395 433.609 427.707 422.965 427.210 423.899 425.487 430.998 428.003 432.711
113 432.000 446.999 444.661 449.187 447.325 446.453 457.474 443.695 449.049 447.784 446.042
114 335.000 339.018 342.582 339.308 341.319 342.801 341.603 341.221 340.241 342.925 343.736
115 395.000 400.912 400.360 395.937 402.010 404.621 401.223 398.993 401.772 393.637 405.035
116 341.000 355.302 354.975 362.361 357.373 349.992 361.628 358.970 355.062 360.509 365.351
117 425.000 424.497 424.762 424.272 425.584 424.723 425.512 425.208 426.353 425.064 425.484
118 351.000 358.320 355.036 356.406 352.266 363.618 357.355 355.268 358.025 359.737 354.054
119 315.000 308.506 310.815 310.252 311.357 318.584 313.571 308.996 309.261 309.338 310.301
120 320.000 314.101 313.900 314.101 314.100 314.099 314.098 315.900 314.099 315.899 314.099
121 588.000 579.134 583.792 580.290 578.027 576.105 562.063 582.523 578.417 581.060 575.903
122 469.000 445.806 437.018 443.898 447.440 429.542 443.731 450.740 445.819 445.658 438.504
123 321.000 356.578 355.304 351.149 350.911 358.995 357.808 354.562 356.835 356.477 360.883
124 310.000 441.126 434.682 454.608 435.403 409.901 447.844 463.934 426.385 427.524 453.903
125 362.000 390.918 385.418 385.041 386.257 389.521 384.123 380.000 394.692 389.350 390.583
126 332.000 370.639 384.428 377.911 385.797 390.935 378.310 386.142 378.899 372.293 376.655
127 307.000 344.402 339.073 344.124 343.215 335.750 346.986 347.134 332.292 342.748 345.624
128 400.000 399.447 400.547 398.414 399.335 397.524 396.065 396.248 396.644 395.542 398.326
129 490.000 495.985 490.220 497.196 495.847 491.491 497.792 496.253 496.588 494.396 493.636
130 354.000 374.281 375.533 370.441 373.952 378.242 378.017 376.517 377.023 378.499 375.422
131 326.000 330.958 329.541 331.009 328.949 330.720 330.241 327.852 327.634 332.899 329.304
132 326.000 323.851 325.159 324.917 322.867 322.340 327.491 324.912 324.372 321.930 328.933
133 409.000 406.100 403.444 403.185 403.066 405.327 403.366 407.165 404.259 405.413 405.395
134 562.000 491.613 492.819 485.315 491.110 486.298 486.232 495.793 489.802 483.069 490.985
135 332.000 344.033 346.428 351.711 354.197 351.721 358.499 357.882 349.303 351.760 369.767
136 472.000 497.656 486.344 484.007 513.894 487.648 509.421 497.680 496.721 499.433 480.642
137 405.000 410.475 410.796 411.740 411.407 411.386 412.150 411.851 409.225 410.615 411.720
138 394.000 395.546 394.940 397.526 394.007 393.623 397.743 399.651 399.782 399.596 397.609
139 324.000 330.903 331.101 335.703 331.455 331.101 334.401 331.102 331.103 331.103 331.102
140 555.000 545.255 547.328 551.671 549.323 546.834 544.159 552.794 554.208 547.508 545.812
141 324.000 322.394 314.584 326.178 329.746 322.266 324.022 325.192 322.723 325.089 318.012
142 422.000 436.081 435.537 448.044 451.443 469.201 438.051 428.699 455.713 450.840 469.914
143 429.000 416.061 423.156 415.112 420.715 417.786 418.388 414.155 418.792 418.533 417.856
144 314.000 316.100 316.099 316.097 316.099 316.099 316.099 315.900 316.100 316.098 319.900
145 445.000 454.987 457.261 456.723 452.940 456.888 457.264 455.837 455.783 456.202 463.545
146 420.000 425.247 426.196 426.570 429.192 429.554 425.524 423.978 426.374 430.309 428.270
147 350.000 343.405 346.772 343.542 343.080 342.837 345.393 345.253 351.235 345.752 345.519
148 381.000 390.121 376.734 396.841 377.065 379.470 380.731 381.570 381.506 381.653 387.366
149 340.000 324.332 320.772 322.621 321.196 326.212 308.975 315.202 320.980 319.593 314.568
150 462.000 467.429 473.233 467.694 475.811 470.042 468.738 467.572 471.304 467.636 469.225
151 545.000 545.288 535.977 531.347 546.197 527.196 541.575 541.502 544.447 539.424 536.826
152 401.000 404.397 403.610 413.192 403.918 403.570 403.295 402.662 406.416 404.713 404.770
153 450.000 456.423 438.253 461.472 474.021 459.060 460.357 452.175 466.371 461.177 468.949
154 495.000 530.186 533.617 529.218 528.279 529.434 525.336 526.682 529.609 549.892 528.214
155 415.000 418.380 416.282 417.004 425.407 413.377 424.202 421.663 424.685 422.972 438.249
156 580.000 533.537 542.099 550.170 554.105 538.646 538.995 527.165 542.329 545.955 542.886
157 412.000 414.277 418.177 408.320 413.716 421.997 417.714 419.190 413.634 415.477 419.507
158 446.000 466.377 469.212 469.551 469.334 469.260 469.039 469.225 468.826 470.068 468.649
159 330.000 312.239 313.138 314.768 341.105 303.878 301.196 312.422 305.775 325.528 296.372
160 325.000 342.016 348.073 338.387 333.270 343.607 341.487 340.183 336.768 336.969 342.524
161 316.000 324.515 320.404 322.191 326.763 332.916 326.244 324.686 326.127 323.680 324.767
162 408.000 404.276 405.156 403.342 406.631 400.864 402.736 401.273 401.663 400.432 411.380
163 428.000 424.106 434.133 429.012 424.475 422.395 424.773 423.466 418.909 424.882 428.339
164 396.000 432.859 446.844 432.467 439.623 437.169 435.543 442.060 429.556 430.663 453.905
165 385.000 356.105 335.117 331.635 345.319 341.736 343.705 342.115 348.031 337.188 337.169
166 335.000 336.504 337.663 336.139 334.728 335.611 337.631 337.692 340.584 338.038 336.386
167 339.000 334.519 330.647 335.303 334.077 328.192 334.466 331.893 334.858 333.348 335.969
168 419.000 432.038 427.523 427.451 426.864 428.217 425.812 425.809 428.796 427.757 450.244
169 321.000 327.243 316.066 314.156 312.232 316.937 316.598 316.338 314.570 313.395 317.583
170 419.000 422.199 419.796 420.676 420.195 420.466 420.330 417.317 422.014 420.331 418.892
171 423.000 429.956 420.691 434.895 428.262 430.006 427.879 428.387 426.018 428.534 434.223
172 416.000 416.405 404.400 414.949 415.158 413.500 413.557 415.290 412.516 414.865 413.266
173 434.000 396.708 392.379 389.714 377.464 388.163 389.073 395.697 390.896 424.810 384.311
174 329.000 318.996 330.566 329.464 318.399 328.670 318.273 321.228 321.910 324.610 330.391
175 450.000 420.713 421.431 419.285 426.925 420.971 424.872 423.324 425.620 424.948 425.736
176 333.000 326.100 329.541 327.739 325.899 325.900 330.241 327.852 327.634 326.100 326.099
177 420.000 424.654 423.625 416.492 419.481 424.578 421.011 415.064 423.113 419.994 408.648
178 315.000 319.515 313.100 313.100 313.100 313.101 313.101 317.800 313.100 313.101 313.101
179 349.000 332.104 331.398 330.358 334.517 335.731 333.249 347.164 333.498 339.879 331.335
180 431.000 425.435 421.129 423.296 421.616 426.193 422.060 419.623 426.223 427.106 417.717
181 407.000 393.658 393.931 394.926 394.778 393.665 394.001 394.947 393.616 395.289 393.582
182 424.000 423.500 423.750 425.160 422.910 424.230 424.740 423.632 424.078 424.160 422.914
183 425.000 419.469 421.595 426.162 422.296 428.040 421.351 427.007 426.378 422.702 425.522
184 588.000 596.550 587.612 595.802 588.463 590.773 584.983 584.918 580.707 593.658 589.841
185 332.000 349.007 348.449 346.340 346.318 353.628 345.140 345.751 340.344 348.123 346.052
186 379.000 359.888 354.663 344.020 355.249 356.408 354.532 354.827 356.061 355.968 357.988
187 586.000 593.987 586.845 594.951 587.609 589.529 586.864 598.524 589.997 587.089 591.154
188 528.000 578.901 543.106 578.900 578.900 526.497 526.860 578.900 518.002 578.901 578.901
189 425.000 430.180 425.856 429.846 428.520 425.440 434.243 436.749 429.768 441.937 427.565
190 398.000 411.777 400.642 390.456 388.531 394.483 402.596 400.318 402.921 398.216 400.753
191 492.000 514.353 495.038 519.799 506.127 530.778 511.635 518.063 498.006 517.057 538.265
192 395.000 398.016 397.891 396.935 396.882 398.718 396.980 397.062 399.650 401.527 400.207
193 503.000 461.289 453.878 459.968 459.495 458.152 458.183 459.089 459.865 459.865 464.010
194 402.000 403.354 404.243 403.100 403.100 403.100 404.110 403.582 404.366 403.023 403.101
195 316.000 316.566 316.073 315.031 315.019 315.903 308.429 311.601 312.457 311.278 315.756
196 537.000 511.231 524.497 519.889 526.011 515.211 519.145 515.011 519.434 528.103 510.687
197 426.000 422.497 420.706 430.871 422.727 424.147 423.381 422.887 422.682 423.495 433.641
198 414.000 416.935 418.595 420.466 419.173 420.823 417.535 417.037 421.319 415.936 418.093
199 460.000 478.873 478.181 479.356 476.785 478.003 477.526 479.129 476.666 479.239 477.888
200 438.000 437.625 430.000 431.696 436.150 428.257 432.299 437.739 430.530 437.260 432.948
201 418.000 417.000 417.001 417.653 416.413 418.439 419.903 417.963 417.532 417.939 414.137
202 432.000 411.234 409.981 427.375 413.351 413.348 422.097 431.052 415.516 414.334 416.477
203 422.000 415.645 421.756 417.529 418.577 420.625 421.145 418.646 420.646 412.642 417.240
204 450.000 433.224 433.996 432.937 439.971 433.294 434.111 427.509 436.585 432.572 446.247
205 362.000 351.934 354.548 369.877 349.714 350.668 346.391 356.807 353.936 348.171 352.102
206 500.000 463.642 475.920 482.380 484.394 484.383 417.276 473.841 472.657 473.326 421.601
207 361.000 377.289 388.480 376.329 380.577 376.614 376.972 379.211 379.835 378.244 379.991
208 439.000 444.634 441.631 448.358 451.564 451.802 440.303 449.740 454.562 450.727 439.902
209 382.000 456.641 447.535 458.882 453.164 450.878 455.736 446.775 446.286 443.099 450.377
210 446.000 447.143 447.109 447.537 446.962 446.968 447.053 447.347 447.267 447.078 447.099
211 420.000 428.396 428.141 430.007 430.965 436.194 434.565 428.623 434.428 434.613 431.308
212 420.000 424.853 424.871 424.064 426.133 425.187 425.778 425.687 425.582 424.305 423.784
213 488.000 377.304 377.997 364.665 371.978 385.979 371.377 371.197 383.730 378.468 379.145
214 395.000 395.891 396.177 394.992 393.075 394.946 396.863 400.361 396.333 394.702 396.838
215 399.000 396.490 393.776 394.913 394.843 396.093 395.388 395.476 391.847 395.917 395.051
216 356.000 351.746 352.399 348.658 350.309 350.461 345.933 347.261 351.009 349.711 351.750
217 440.000 441.768 441.305 441.412 441.088 441.730 440.919 432.483 442.539 440.881 442.010
218 342.000 346.979 358.432 339.916 353.079 334.793 357.992 351.279 330.374 363.346 343.431
219 535.000 539.110 532.347 548.094 536.677 536.151 548.276 536.381 541.454 532.470 539.594
220 525.000 515.128 565.321 496.719 499.241 487.222 499.366 501.699 500.907 499.463 494.803
221 526.000 512.871 511.073 512.474 508.275 507.445 510.828 511.073 515.439 500.170 500.285
222 318.000 323.852 321.887 322.107 321.348 324.632 323.946 323.848 321.608 323.234 322.712
223 518.000 454.810 432.127 432.103 446.183 462.667 453.875 461.449 460.384 441.341 437.314
224 366.000 347.557 351.410 352.632 353.358 346.306 351.007 343.176 346.303 356.865 354.044
225 349.000 358.188 360.635 363.550 358.953 354.620 361.463 359.261 356.331 358.223 362.452
226 396.000 399.290 398.354 399.465 398.953 397.594 397.411 399.913 398.193 399.040 397.948
227 380.000 384.802 388.436 389.818 388.561 387.890 390.464 387.982 388.850 388.291 388.173
228 375.000 366.103 383.462 377.226 375.388 375.835 373.761 372.367 377.889 375.824 375.660
229 455.000 454.585 470.383 463.810 463.773 469.875 463.721 467.439 467.278 466.870 463.338
230 428.000 437.676 437.214 437.012 437.578 431.058 427.311 440.256 441.619 450.997 435.524
231 334.000 330.796 327.977 330.466 331.534 328.067 332.113 330.557 331.730 331.498 331.313
232 337.000 343.836 340.267 340.498 340.035 337.736 339.044 340.746 341.788 339.482 342.563
233 418.000 414.358 406.507 416.225 416.719 416.669 411.107 415.085 412.645 411.376 415.025
234 310.000 297.333 317.262 318.110 318.063 319.436 320.019 323.629 320.143 344.560 323.175
235 395.000 400.848 399.363 399.502 396.647 402.521 399.237 396.399 399.005 397.449 398.587
236 450.000 468.102 467.188 465.678 477.304 461.659 474.264 469.277 468.314 466.415 466.582
237 368.000 371.838 371.414 380.525 380.568 379.753 378.891 372.292 380.207 375.350 377.344
238 468.000 453.679 452.832 465.698 460.015 450.646 460.961 467.579 460.331 452.465 446.844
239 305.000 306.781 302.749 303.615 308.902 303.829 304.715 308.118 302.336 308.187 306.709
240 303.000 315.128 322.246 313.523 316.083 315.137 317.562 316.325 315.523 345.856 312.910
241 316.000 308.100 302.698 309.564 313.396 317.605 303.178 302.839 312.206 298.308 305.676
242 360.000 369.261 374.735 379.592 363.161 376.249 370.350 364.563 358.817 368.701 366.805
243 466.000 459.915 452.260 458.191 461.687 455.332 460.055 456.100 459.188 460.799 462.727
244 422.000 443.090 445.860 437.914 443.110 440.639 445.129 442.107 439.731 443.730 438.602
245 418.000 421.024 412.664 414.141 421.149 413.026 417.345 407.437 420.277 420.034 410.118
246 409.000 413.168 412.714 410.764 410.774 414.046 412.542 412.977 412.345 412.143 409.983
247 326.000 350.607 358.614 348.583 352.476 353.336 356.305 357.628 345.113 360.868 358.513
248 328.000 337.776 337.038 337.948 330.339 328.091 332.765 334.636 325.840 336.405 360.452
249 369.000 389.184 381.611 388.314 385.444 386.100 388.684 389.179 391.796 385.337 400.289
250 346.000 338.556 336.384 337.943 340.174 337.213 337.367 334.906 341.378 342.529 337.732
251 407.000 403.301 405.445 403.171 407.007 406.692 407.179 404.706 408.789 407.211 405.936
252 414.000 380.208 381.808 384.309 378.536 389.687 351.859 384.394 387.738 386.658 389.256
253 501.000 475.986 484.669 470.452 481.078 480.205 475.155 479.348 473.079 475.489 467.518
254 421.000 416.169 417.798 418.595 417.402 418.888 415.601 417.083 419.697 418.922 417.650
255 316.000 318.780 318.881 322.926 317.956 320.645 317.352 323.491 322.673 323.404 318.599
256 328.000 315.162 316.462 314.469 315.924 315.814 316.518 314.432 321.575 315.524 314.761
257 445.000 467.126 464.035 471.140 410.512 468.523 468.646 473.341 459.353 469.760 446.096
258 371.000 347.852 331.066 345.112 340.888 345.521 337.812 349.969 333.581 335.679 325.644
259 484.000 469.780 455.664 472.492 476.075 456.735 470.282 473.164 464.888 458.503 468.406
260 418.000 415.901 415.100 416.101 415.540 415.666 415.902 415.901 415.102 415.896 415.315
261 371.000 374.367 382.807 375.342 377.250 376.103 370.985 376.369 373.843 377.857 382.898
262 331.000 315.060 315.509 316.645 312.217 311.048 315.150 319.156 320.308 312.197 318.614
263 586.000 552.015 557.479 553.032 555.494 554.190 555.328 558.355 547.297 546.614 552.927
264 434.000 446.291 438.096 444.266 444.249 454.102 445.131 441.914 445.310 447.481 433.830
265 412.000 446.838 440.567 441.792 446.141 444.863 446.196 438.908 445.288 439.196 448.439
266 483.000 456.859 456.587 457.515 457.880 456.809 461.562 465.096 461.154 455.603 464.859
267 393.000 370.258 387.441 371.483 367.898 368.920 374.437 371.013 370.638 368.669 380.789
268 386.000 385.112 383.737 382.768 383.735 383.698 389.284 386.480 384.318 384.474 391.092
269 344.000 355.949 353.182 355.098 353.384 365.861 371.336 369.499 353.613 351.336 350.770
270 392.000 357.703 391.142 393.368 393.669 378.984 398.266 393.317 346.104 408.913 346.176
271 460.000 447.384 455.548 457.812 463.058 448.649 453.003 441.896 454.506 471.253 456.378
272 321.000 330.155 327.194 329.270 329.161 326.852 327.220 326.381 330.675 331.248 326.973
273 311.000 326.901 326.900 326.900 326.900 326.900 326.901 326.901 326.901 326.899 326.900
274 391.000 339.130 337.568 345.667 344.246 340.980 346.626 341.523 344.769 341.145 339.956
275 431.000 418.758 416.325 417.100 414.097 418.061 415.462 405.874 414.446 417.086 414.535
276 357.000 347.481 347.702 342.780 344.661 346.045 336.029 348.250 347.868 345.383 343.688
277 414.000 455.755 435.901 449.691 437.761 437.696 437.899 438.581 450.187 444.235 435.729
278 452.000 437.520 435.562 441.913 435.957 438.859 435.601 441.683 441.729 441.874 434.990
279 437.000 393.715 391.020 395.761 400.444 386.872 382.070 396.967 390.513 412.195 389.517
280 315.000 319.027 314.577 314.294 315.280 314.937 315.598 316.171 312.805 312.824 311.780
281 435.000 443.547 436.613 441.544 440.106 439.581 434.599 443.565 431.990 443.268 437.356
282 448.000 464.087 461.946 453.291 462.862 462.385 461.805 460.502 460.424 466.164 439.327
283 416.000 422.821 419.725 418.239 420.461 419.568 419.687 420.331 420.283 419.811 419.349
284 328.000 344.513 343.822 347.364 345.380 339.148 347.760 341.277 351.591 346.444 345.949
285 390.000 397.849 401.580 398.771 400.357 401.149 400.343 398.936 397.533 402.089 399.831
286 310.000 319.898 316.100 316.100 316.100 316.098 319.899 316.100 316.098 315.899 319.900
287 365.000 356.295 371.534 366.242 366.711 367.436 365.570 362.807 369.339 364.508 361.845
288 402.000 418.479 420.232 421.320 424.684 419.286 430.124 423.918 415.494 423.396 421.104
289 372.000 392.669 401.447 401.648 389.789 398.437 407.455 398.971 398.710 394.907 374.807
290 428.000 450.136 448.303 447.568 458.101 447.866 445.145 443.127 444.694 447.474 446.589
291 267.000 454.471 427.660 453.081 435.338 430.494 442.702 425.961 436.201 434.496 427.539
292 330.000 333.116 332.665 335.871 337.394 332.471 335.147 335.156 333.477 332.480 334.269
293 598.000 605.149 604.298 623.951 612.730 602.788 601.703 604.375 615.806 619.916 614.266
294 392.000 402.448 386.130 401.900 397.031 401.969 401.468 397.872 401.955 400.250 397.485
295 430.000 510.597 556.351 512.529 509.905 509.999 510.903 506.755 500.814 509.065 509.889
296 340.000 387.482 391.491 386.737 379.428 398.453 365.491 399.253 391.597 396.396 389.624
297 312.000 358.126 331.468 336.600 352.900 338.191 337.285 323.805 335.032 336.580 330.759
298 327.000 311.100 311.100 310.901 311.101 311.101 311.100 310.899 311.100 311.100 310.900
299 342.000 367.627 365.183 362.523 360.502 382.794 360.592 364.142 361.044 366.271 373.963
300 417.000 415.235 412.213 413.105 415.516 412.511 412.312 412.644 411.381 411.580 411.117
301 318.000 317.859 318.969 318.950 317.230 316.823 318.369 321.841 317.612 316.173 317.421
302 329.000 312.282 316.917 304.318 306.831 316.760 312.595 313.252 312.965 308.881 312.103
303 339.000 321.414 306.894 308.581 310.876 309.344 287.447 305.797 317.964 312.977 298.534
304 334.000 328.464 329.033 332.009 330.673 329.569 341.711 324.557 341.271 330.627 326.510
305 346.000 352.408 353.869 359.662 347.209 349.941 358.391 356.999 372.849 351.676 350.341
306 420.000 425.239 423.275 421.616 426.275 422.446 425.511 424.153 421.851 425.752 422.713
307 371.000 390.233 381.717 390.696 379.687 385.751 381.878 381.354 382.170 385.110 396.373
308 560.000 575.355 560.462 573.282 572.364 574.782 574.967 580.465 574.941 580.589 586.056
309 512.000 484.736 487.558 483.264 493.658 483.170 489.377 496.766 496.504 502.621 489.908
310 410.000 410.053 410.100 409.900 409.900 409.899 409.899 409.900 409.132 409.154 409.898
311 473.000 465.849 466.852 468.083 463.972 457.908 466.781 464.735 456.823 470.978 469.115
312 427.000 423.869 425.245 425.524 424.659 425.791 427.203 424.454 425.797 424.372 427.105
313 326.000 351.838 352.612 354.328 357.409 342.222 350.496 354.573 346.534 348.076 356.945
314 405.000 390.223 393.159 392.023 394.768 393.680 394.953 393.855 387.890 391.999 381.427
315 442.000 461.930 475.894 461.486 465.811 463.647 461.882 462.352 468.826 468.558 470.050
316 330.000 334.765 330.804 329.561 332.031 333.542 333.635 331.446 332.096 327.590 326.949
317 328.000 332.044 333.111 329.153 333.048 332.587 335.160 331.248 330.119 332.473 332.163
318 436.000 432.184 431.177 431.847 427.325 433.178 433.288 434.803 430.108 430.781 436.002
319 410.000 410.698 413.547 410.138 409.626 410.935 409.505 411.081 412.673 410.906 410.462
320 462.000 473.968 474.080 470.226 471.529 476.606 464.442 462.374 472.178 479.123 475.286
321 471.000 455.443 462.306 460.737 461.511 464.245 465.075 458.949 469.545 459.559 464.677
322 427.000 424.426 422.002 426.248 424.377 424.412 426.901 426.901 426.901 424.633 426.900
323 464.000 457.605 459.543 457.935 456.463 460.220 457.682 456.715 455.364 457.974 458.260
324 446.000 452.480 434.859 438.302 426.613 443.869 442.314 448.985 434.694 445.101 444.440
325 583.000 563.037 565.602 562.290 560.361 564.795 563.704 564.306 559.944 557.319 562.515
326 562.000 519.678 521.718 516.664 517.237 517.099 519.167 523.160 519.247 506.074 514.402
327 313.000 317.883 328.105 312.375 315.599 317.487 318.114 318.597 306.633 311.189 324.338
328 422.000 420.496 425.036 423.968 426.880 424.898 419.424 419.878 428.166 426.842 425.883
329 382.000 385.595 393.006 374.704 393.160 393.152 381.455 369.381 389.512 374.742 376.818
330 398.000 416.278 418.436 420.065 410.966 412.257 412.354 409.890 419.057 412.905 414.933
331 371.000 399.489 394.018 390.982 396.424 388.912 400.586 401.528 399.871 400.147 407.068
332 414.000 408.962 411.353 409.615 409.859 417.786 412.892 414.090 415.253 415.185 400.245
333 440.000 437.327 438.082 440.107 437.183 427.514 437.706 438.472 438.954 436.657 445.330
334 599.000 599.531 597.186 597.094 594.642 598.794 599.020 599.051 593.517 603.113 594.397
335 353.000 342.906 345.527 343.619 345.381 346.249 342.586 342.055 344.920 347.138 344.977
336 404.000 485.536 459.417 474.153 473.167 463.697 472.481 470.570 444.339 471.312 457.461
337 406.000 414.841 414.219 414.684 414.273 413.031 413.347 412.074 414.571 412.037 415.382
338 324.000 329.098 329.099 329.100 329.099 329.099 331.181 329.099 329.099 329.099 329.099
339 337.000 337.541 344.488 337.240 334.757 336.028 337.461 336.713 336.052 336.382 340.534
340 395.000 399.742 405.444 396.508 401.116 401.568 395.193 396.361 402.111 400.771 396.886
341 407.000 420.649 416.618 414.388 418.675 415.249 421.471 428.001 418.738 418.277 419.673
342 330.000 349.447 355.585 349.379 352.680 351.783 349.648 351.585 349.914 353.739 351.224
343 417.000 417.235 418.464 417.290 417.511 416.890 417.552 417.160 417.818 416.095 416.689
344 395.000 398.152 399.841 399.465 398.865 398.991 399.523 397.201 398.086 398.578 398.587
345 503.000 409.708 411.644 422.701 416.525 409.915 413.458 418.529 415.704 405.367 413.971
346 448.000 475.859 472.703 465.023 463.753 460.331 466.626 463.041 470.182 472.797 467.295
347 363.000 361.209 359.298 353.518 362.244 364.707 369.790 352.930 362.552 356.095 367.454
348 386.000 375.131 374.866 376.918 373.755 377.463 377.423 378.426 375.548 378.493 377.197
349 330.000 333.502 332.484 331.763 333.952 334.180 333.028 330.618 332.786 333.373 333.808
350 488.000 347.715 334.555 329.440 330.191 328.245 327.122 327.731 328.623 329.340 326.017
351 479.000 464.446 465.093 463.646 464.909 476.142 473.251 468.963 472.095 466.848 465.503
352 338.000 327.685 335.601 319.832 316.756 322.596 327.385 340.186 326.801 325.915 356.817
353 456.000 465.159 469.481 468.570 473.147 427.876 465.754 460.226 488.859 454.018 470.373
354 418.000 434.641 412.219 413.080 413.902 416.475 413.857 409.729 417.688 420.858 419.850
355 322.000 324.899 327.001 324.899 325.099 325.098 324.900 325.098 324.899 324.906 325.100
356 321.000 315.533 315.039 319.418 320.951 315.402 321.984 316.837 316.733 316.884 321.845
357 335.000 342.360 337.601 334.099 340.124 346.965 337.819 345.410 348.382 360.159 339.740
358 394.000 387.086 393.441 387.164 394.753 389.782 387.616 388.336 388.870 392.253 390.813
359 398.000 401.108 386.464 393.239 391.327 392.395 389.693 405.735 408.954 379.881 391.838
360 421.000 436.041 430.067 438.931 388.961 431.230 432.059 428.215 432.765 440.833 367.392
361 364.000 371.851 380.878 381.708 382.534 373.038 379.380 378.693 369.898 380.380 371.808
362 322.000 343.886 342.344 339.344 353.115 352.448 338.339 339.141 347.150 345.082 362.550
363 446.000 467.231 466.679 461.474 461.550 459.332 459.219 462.523 461.301 460.954 462.494
364 340.000 334.114 332.675 332.735 333.438 332.421 331.485 329.414 328.585 331.714 331.664
365 340.000 357.796 399.658 389.321 394.914 394.287 398.428 400.075 396.815 394.281 390.012
366 452.000 416.773 421.104 431.478 409.625 423.141 424.110 436.460 424.430 415.612 431.808
367 367.000 371.477 376.725 370.478 365.503 369.014 372.470 372.339 370.446 371.491 375.576
368 425.000 430.076 429.876 428.196 429.107 437.299 424.168 440.082 430.059 432.102 456.853
369 399.000 367.223 366.276 373.302 364.670 360.391 359.226 368.177 367.986 357.243 373.295
370 420.000 418.176 417.104 414.581 419.776 415.842 416.706 415.647 417.011 418.386 412.730
371 526.000 543.000 534.485 542.372 541.254 534.527 538.583 542.849 541.664 540.383 546.053
372 343.000 350.271 343.732 342.840 332.017 338.993 343.532 345.419 341.721 344.496 347.419
373 420.000 407.087 408.932 402.943 407.321 410.835 409.484 403.258 404.787 402.702 410.627
374 403.000 382.567 375.494 377.451 370.141 370.529 367.580 365.992 369.831 369.632 345.782
375 495.000 485.760 484.849 483.279 485.995 488.614 484.567 485.652 481.231 483.456 486.261
376 564.000 436.491 450.477 443.497 446.571 440.976 451.207 448.657 441.075 444.784 442.482
377 420.000 542.980 535.521 526.305 545.941 535.277 525.094 540.853 545.993 539.200 539.687
378 414.000 418.999 419.336 420.683 413.514 418.000 420.756 415.407 419.675 419.666 418.502
379 328.000 337.432 330.009 330.358 334.831 332.132 328.263 329.802 330.028 328.552 330.526
380 546.000 473.229 463.426 478.808 468.960 468.377 477.604 478.810 459.951 467.913 469.936
381 323.000 312.914 316.449 315.919 316.275 316.448 317.238 316.551 315.549 316.633 317.688
382 413.000 410.758 410.326 410.090 409.921 410.464 409.597 411.133 410.602 410.398 411.075
383 360.000 404.200 402.973 403.204 406.780 399.431 400.735 390.852 411.233 405.823 391.882
384 411.000 406.192 414.194 410.549 406.218 408.929 409.435 402.707 409.122 409.139 406.126
385 346.000 335.432 337.887 335.678 336.554 335.464 337.608 333.827 340.475 331.708 337.156
386 449.000 449.785 444.944 450.337 448.892 455.509 439.409 448.698 456.175 450.549 448.472
387 389.000 347.438 348.751 347.857 341.730 339.307 341.521 340.370 344.036 341.833 339.956
388 340.000 333.380 339.626 340.795 330.753 336.471 330.011 350.120 340.469 334.201 362.864
389 343.000 334.161 339.391 340.069 339.913 327.823 343.727 339.734 340.498 333.239 339.254
390 404.000 405.762 405.516 404.320 405.977 402.365 400.789 406.284 401.830 407.478 407.760
391 451.000 455.634 456.130 455.742 457.292 458.721 458.881 457.916 456.037 453.924 455.414
392 359.000 357.101 357.102 357.100 357.100 357.101 357.100 357.100 357.100 357.100 357.101
393 410.000 410.100 410.099 409.733 409.898 407.599 409.899 409.901 409.491 406.043 409.900
394 340.000 334.626 336.462 334.995 338.605 337.229 334.426 331.976 335.525 335.579 335.496
395 504.000 531.168 536.010 535.076 523.443 529.381 543.289 528.828 531.149 519.692 537.086
396 546.000 469.280 456.790 517.879 461.714 467.731 520.923 461.912 469.955 469.865 459.816
397 392.000 393.176 394.399 403.420 391.378 397.668 391.433 391.750 391.698 390.686 392.330
398 413.000 426.973 428.629 423.938 426.526 432.796 428.600 423.296 430.606 428.317 425.202
399 325.000 326.194 323.867 329.385 326.297 331.586 323.979 328.755 326.978 330.502 324.223
400 297.000 291.814 292.045 294.847 292.771 292.182 292.281 288.529 292.115 300.961 291.633
401 397.000 399.018 399.385 393.785 396.407 393.124 394.947 398.403 396.704 397.846 397.776
402 428.000 411.016 400.084 395.053 413.595 415.913 417.641 410.556 415.584 406.079 416.363
403 440.000 441.824 438.831 437.582 456.478 431.860 436.392 437.941 434.376 437.198 438.219
404 604.000 608.360 608.428 608.797 608.692 609.308 608.311 608.001 602.842 608.186 607.813
405 442.000 453.653 449.772 451.319 448.154 448.754 449.434 450.883 450.886 449.123 446.970
406 462.000 460.572 463.229 466.766 461.331 464.250 463.729 462.365 458.368 471.924 465.726
407 491.000 477.139 474.112 475.798 460.810 474.808 486.508 477.840 480.929 479.242 489.274
408 495.000 515.178 535.517 525.616 534.939 534.677 536.009 529.721 535.024 505.447 509.135
409 394.000 428.249 433.909 444.944 415.671 445.309 414.901 411.720 425.340 431.272 431.018
410 320.000 316.242 322.295 341.993 319.114 321.207 339.657 320.505 322.540 318.567 322.215
411 445.000 444.109 444.383 444.496 444.622 444.165 444.369 444.553 444.589 443.895 444.319
412 350.000 329.038 329.735 330.309 333.242 333.104 331.090 325.522 330.081 329.496 331.505
413 332.000 328.122 327.203 328.076 327.222 325.202 327.967 327.156 323.223 326.781 325.589
414 411.000 418.646 421.364 422.173 423.476 420.446 422.402 421.265 420.347 418.264 420.228
415 341.000 358.953 356.533 382.891 363.646 372.551 354.598 360.660 373.507 373.629 362.751
416 452.000 449.659 445.758 449.982 450.543 449.055 449.886 455.538 447.083 449.864 447.525
417 398.000 389.191 390.435 383.950 386.617 387.520 392.477 391.436 389.684 393.382 390.483
418 357.000 351.632 350.365 357.697 350.186 350.570 350.671 348.412 350.417 356.585 349.912
419 410.000 416.455 414.764 414.513 411.715 418.657 413.000 412.891 415.893 412.133 412.909
420 411.000 424.624 430.304 424.001 412.137 415.373 426.168 428.843 413.474 429.938 417.154
421 316.000 319.898 313.900 314.100 314.099 314.100 319.899 314.099 314.098 314.099 314.099
422 454.000 434.922 434.854 435.492 435.273 435.226 434.765 436.004 434.407 435.578 435.883
423 492.000 472.934 497.588 471.373 477.537 470.915 471.227 465.129 473.577 514.756 472.672
424 405.000 416.668 416.044 416.032 417.688 419.585 421.471 428.001 418.413 417.137 417.815
425 357.000 368.527 377.018 367.480 366.232 372.733 368.981 366.793 371.325 371.420 367.879
426 424.000 423.607 422.535 418.393 418.515 416.175 423.493 418.483 420.027 422.328 421.190
427 335.000 326.539 325.761 323.861 315.526 323.723 331.652 335.085 328.706 324.134 324.612
428 438.000 439.310 435.595 431.025 437.969 434.714 435.952 436.669 438.270 437.075 434.997
429 525.000 501.474 470.417 496.586 496.425 450.504 482.433 493.891 501.707 485.761 483.611
430 331.000 399.560 405.561 398.952 408.020 401.711 401.362 398.808 401.969 395.538 399.175
431 431.000 389.304 404.749 402.641 394.434 404.487 416.008 403.400 401.628 404.358 379.218
432 591.000 589.860 590.272 598.265 593.562 590.310 594.119 607.761 592.763 594.004 591.319
433 414.000 419.875 418.957 416.717 416.980 416.868 419.247 418.913 417.319 417.339 417.561
434 388.000 385.351 389.142 384.608 388.132 387.811 384.430 383.727 386.496 387.223 387.443
435 585.000 598.382 569.976 598.085 599.654 588.629 557.363 594.182 597.963 578.638 596.487
436 398.000 397.574 396.489 398.651 398.109 398.753 398.045 397.253 396.317 399.568 397.958
437 441.000 364.492 367.815 371.007 382.733 359.184 366.378 365.445 366.524 391.518 371.184
438 309.000 321.782 317.384 311.155 316.762 312.477 306.569 311.895 311.761 308.160 311.912
439 518.000 508.173 520.186 520.909 513.086 508.645 505.906 523.355 508.971 515.452 520.392
440 416.000 415.235 415.100 415.101 415.100 415.758 417.902 417.372 416.062 415.281 416.896
441 412.000 419.587 423.220 420.132 419.296 423.180 421.914 422.522 420.812 421.203 423.168
442 385.000 378.350 366.880 389.792 379.574 392.978 371.454 380.608 395.772 387.029 400.341
443 325.000 322.098 327.001 322.100 322.098 322.099 321.900 322.099 322.099 322.099 322.099
444 325.000 339.625 330.475 328.856 334.594 333.984 333.452 332.650 331.519 329.279 330.965
445 328.000 323.189 325.427 337.952 323.307 321.901 325.432 326.493 333.963 338.135 323.524
446 397.000 394.578 395.254 394.146 396.395 399.190 402.602 395.570 396.139 395.603 399.686
447 407.000 412.849 412.019 410.953 412.399 412.780 412.237 412.651 411.164 411.228 411.222
448 491.000 481.539 496.888 489.398 506.447 516.949 512.419 514.235 492.034 513.328 484.080
449 328.000 310.391 321.619 312.433 309.422 311.056 313.224 314.515 312.516 310.706 312.479
450 430.000 432.229 431.808 434.005 427.259 428.045 427.423 428.065 428.187 428.214 427.756
451 413.000 393.213 397.153 395.788 394.305 392.174 397.410 396.184 397.833 401.898 396.366
452 364.000 360.405 363.422 359.995 360.854 360.408 361.198 359.519 361.799 356.122 359.103
453 404.000 401.915 403.358 399.574 400.901 399.857 402.149 400.147 398.470 399.472 397.744
454 431.000 438.475 438.600 439.525 438.249 442.264 439.717 443.624 439.377 438.090 438.012
455 461.000 448.138 449.849 449.884 448.033 448.299 454.363 443.767 445.515 456.142 447.273
456 346.000 366.445 365.082 369.832 371.079 367.326 365.986 374.347 367.071 376.850 371.820
457 461.000 454.188 454.795 457.620 454.949 456.917 452.608 455.893 458.021 455.556 455.524
458 446.000 453.653 448.643 448.266 450.233 449.928 449.217 449.807 451.044 449.123 450.990
459 334.000 332.151 331.079 331.544 334.602 338.191 331.676 335.028 331.577 331.040 332.141
460 368.000 361.167 345.064 360.921 349.639 353.525 351.403 359.411 357.571 359.186 355.453
461 421.000 364.306 371.163 359.932 376.306 360.998 361.447 368.834 366.243 367.748 361.278
462 536.000 538.920 540.503 539.598 544.187 536.987 540.576 541.288 535.875 536.975 541.702
463 399.000 412.797 416.595 415.856 417.329 415.495 415.274 411.828 412.327 418.240 423.387
464 584.000 582.623 582.623 581.487 571.908 576.919 574.300 582.039 578.622 579.530 582.233
465 592.000 586.143 587.089 586.677 588.251 586.319 585.946 587.229 585.126 586.779 586.151
466 450.000 444.002 441.995 444.598 446.657 444.212 448.094 448.461 446.280 447.367 445.896
467 359.000 344.515 351.246 353.387 351.592 353.983 349.565 351.782 351.243 351.727 346.712
468 325.000 322.928 322.298 324.203 323.701 323.742 325.684 330.503 323.401 321.287 321.328
469 315.000 331.223 336.557 330.508 333.868 330.750 332.964 332.355 351.483 330.677 328.582
470 411.000 433.781 431.225 420.471 437.431 443.574 432.329 435.839 429.394 432.439 435.780
471 548.000 544.137 551.230 553.702 544.118 557.739 551.123 549.410 558.905 552.564 554.692
472 450.000 444.826 445.500 442.526 445.691 443.074 444.432 445.432 445.911 441.645 446.082
473 310.000 338.480 334.409 328.100 333.362 329.431 338.710 323.114 325.582 347.325 350.653
474 362.000 338.935 341.858 339.739 352.981 340.417 343.755 343.418 338.095 352.379 348.667
475 322.000 352.249 330.984 330.421 349.184 337.410 333.636 333.552 331.140 331.187 324.688
476 396.000 392.189 392.682 391.266 392.390 390.789 393.643 392.519 389.631 393.074 392.735
477 408.000 414.049 413.501 416.006 411.934 418.657 415.070 413.368 415.893 416.562 412.641
478 540.000 525.241 524.288 522.292 518.327 524.649 520.297 521.523 519.116 525.398 521.662
479 399.000 384.422 385.440 390.796 384.630 391.210 390.522 386.698 387.654 379.737 390.331
480 448.000 451.256 450.827 449.479 450.677 449.983 448.543 452.377 449.734 451.659 452.454
481 460.000 407.167 406.424 407.660 404.084 404.382 407.983 404.322 408.902 402.514 404.475
482 331.000 330.471 330.999 335.703 330.198 330.748 328.463 332.764 333.048 328.485 330.200
483 448.000 446.136 445.758 452.268 444.928 447.165 441.892 445.934 444.462 445.362 447.149
484 444.000 418.361 403.302 417.887 409.127 405.477 413.075 414.334 410.097 392.002 401.074
485 336.000 331.041 329.069 333.846 329.034 338.782 333.409 331.742 327.025 339.414 327.965
486 502.000 451.457 445.724 443.175 468.420 455.196 432.464 445.843 456.550 452.604 451.056
487 409.000 407.811 410.157 410.589 411.865 409.719 405.064 404.342 405.907 417.199 405.759
488 405.000 407.298 410.917 408.531 406.451 409.871 406.014 408.151 408.496 408.345 406.661
489 555.000 583.446 579.410 584.388 583.551 578.228 581.948 583.274 574.734 574.514 576.391
490 427.000 426.741 422.002 426.901 426.808 426.901 426.901 425.378 426.900 426.901 424.717
491 452.000 446.993 442.897 445.627 447.392 448.988 442.864 446.646 446.751 448.087 448.051
492 329.000 314.383 320.667 313.655 320.087 314.630 315.332 311.787 317.429 319.110 319.461
493 491.000 508.402 491.966 494.224 499.579 498.389 491.065 497.083 500.463 502.835 492.351
494 440.000 439.988 442.053 457.348 447.649 445.652 438.847 435.873 453.396 469.019 459.008
495 363.000 338.599 337.928 332.657 338.829 340.432 332.931 331.866 332.232 333.284 340.249
496 432.000 434.094 432.630 426.867 434.101 426.126 431.328 431.641 429.657 432.251 424.509
497 514.000 530.589 524.429 524.692 528.194 524.389 520.020 513.768 516.971 523.320 530.130
498 536.000 582.899 582.899 582.898 582.897 582.899 582.899 545.057 582.900 582.899 582.898
499 462.000 461.897 461.898 457.989 461.898 461.898 461.898 461.898 461.898 461.898 461.898
500 510.000 534.329 564.414 535.207 531.559 527.272 565.922 531.949 571.378 530.746 533.896
501 357.000 376.149 366.240 368.855 380.317 362.167 371.626 371.153 368.958 371.354 377.504
502 418.000 417.327 413.185 416.864 417.698 414.843 414.867 418.490 416.859 415.891 417.085
503 406.000 430.062 430.643 430.308 425.202 412.986 428.504 433.148 425.428 423.666 425.697
504 464.000 431.183 443.086 441.672 444.548 428.490 446.999 453.139 440.297 428.031 436.642
505 400.000 399.144 399.170 398.386 396.478 396.986 397.813 397.540 396.307 396.164 397.797
506 400.000 381.235 376.879 382.066 372.622 376.132 376.551 376.120 379.823 375.896 378.136
507 333.000 343.433 330.837 331.829 331.179 336.999 335.902 339.060 340.748 338.755 340.899
508 452.000 479.739 498.234 492.045 487.028 496.221 493.742 492.333 491.986 492.652 472.406
509 586.000 573.864 570.742 576.980 574.806 585.099 559.420 588.131 559.734 559.785 577.765
510 461.000 434.008 448.764 448.614 444.956 445.022 446.086 448.237 442.329 446.194 445.812
511 606.000 600.395 601.559 598.353 602.208 597.617 597.434 596.223 598.265 599.144 598.659
512 338.000 369.973 367.729 360.062 357.764 356.096 362.704 357.825 366.201 360.828 368.622
513 368.000 387.869 383.509 384.942 403.644 394.557 396.592 396.895 400.670 392.435 396.504
514 442.000 450.443 450.397 444.273 447.070 452.369 455.627 447.348 450.587 455.624 449.589
515 417.000 404.827 405.081 404.875 406.107 407.309 426.514 400.791 403.965 405.927 403.785
516 328.000 330.547 333.111 325.706 330.621 330.754 326.697 325.944 329.633 332.003 327.741
517 477.000 507.974 503.001 506.277 496.270 527.142 506.157 508.641 504.312 507.651 497.706
518 350.000 336.642 330.266 330.186 342.615 339.819 332.991 327.632 335.437 330.330 335.569
519 421.000 408.793 411.644 411.981 413.905 409.765 411.877 410.237 413.526 410.849 405.605
520 592.000 591.859 587.023 591.259 601.580 590.098 588.422 604.235 590.901 567.805 598.825
521 422.000 428.414 428.633 430.574 428.479 430.053 435.793 430.426 430.269 429.466 427.742
522 473.000 477.679 475.701 501.146 482.267 476.692 477.175 504.818 478.218 477.578 477.367
523 567.000 545.476 535.472 547.492 547.239 545.951 540.052 541.806 544.841 538.989 546.331
524 425.000 440.192 436.759 433.601 439.816 436.430 433.089 437.182 440.754 446.749 437.295
525 429.000 443.496 448.736 455.271 447.598 454.805 453.141 443.678 448.260 448.650 443.164
526 351.000 356.141 356.343 357.752 358.450 359.153 355.961 358.883 357.129 358.294 360.032
527 416.000 419.899 419.596 418.300 419.825 419.195 419.034 415.812 419.438 419.899 419.900
528 354.000 348.124 340.767 345.868 340.979 343.724 341.419 343.613 347.289 344.198 345.453
529 524.000 502.853 513.262 513.471 504.159 514.865 507.767 506.747 510.415 513.414 499.191
530 334.000 349.984 340.069 355.291 348.043 343.005 351.858 343.214 346.039 360.506 347.122
531 462.000 461.899 461.899 457.989 461.898 461.898 461.897 461.898 461.897 461.897 461.898
532 477.000 452.165 430.021 435.006 438.397 429.577 434.407 437.581 435.047 436.836 431.131
533 528.000 491.512 492.922 490.880 492.211 494.198 489.823 500.658 488.579 491.058 492.251
534 335.000 343.240 345.784 343.935 342.336 348.594 357.316 345.076 344.457 352.236 348.800
535 323.000 330.480 326.078 342.297 326.500 328.795 334.772 331.962 351.101 323.727 360.057
536 412.000 419.899 419.899 419.899 418.039 419.899 419.899 419.899 419.036 418.637 420.099
537 551.000 556.219 550.249 545.052 551.397 552.702 555.110 557.101 550.747 546.481 531.117
538 406.000 406.838 408.790 403.447 407.996 409.472 408.198 413.108 406.304 412.077 408.960
539 502.000 484.176 483.219 487.963 488.486 486.735 490.209 487.734 486.290 491.753 486.446
540 415.000 413.236 415.660 413.139 413.450 414.918 414.491 413.458 414.610 411.719 416.782
541 336.000 330.353 334.909 334.383 334.460 335.279 336.858 335.440 332.605 334.234 333.152
542 312.000 323.348 328.431 320.329 326.284 327.477 326.107 325.574 334.946 325.543 322.900
543 330.000 330.716 329.564 330.952 330.749 329.231 328.579 331.160 330.554 329.731 330.546
544 508.000 501.387 500.439 477.957 501.332 456.903 507.309 498.255 503.941 499.742 507.899
545 588.000 590.918 590.987 590.997 586.146 593.048 591.864 591.797 590.547 586.907 594.573
546 410.000 434.876 431.660 431.037 433.487 437.476 432.242 434.021 442.226 434.471 435.964
547 540.000 514.873 513.227 514.438 507.447 508.378 513.967 513.329 530.691 510.875 519.627
548 362.000 373.599 372.361 371.097 377.253 368.087 367.187 373.701 370.757 371.352 371.104
549 404.000 404.024 404.763 404.476 402.864 404.658 404.644 402.438 405.120 406.542 403.885
550 370.000 372.526 369.659 375.861 372.021 374.884 372.629 371.722 376.094 372.477 375.864
551 482.000 447.815 432.492 436.424 441.909 452.609 444.257 449.688 450.141 444.737 445.587
552 398.000 397.543 396.552 396.668 398.869 399.249 398.343 398.385 395.533 398.604 396.892
553 466.000 482.965 481.028 478.903 479.518 466.729 494.901 479.705 483.334 477.602 470.926
554 405.000 402.900 402.799 402.101 402.900 402.900 404.110 402.391 402.900 403.023 403.101
555 576.000 572.154 567.391 562.592 563.279 563.443 566.012 562.748 563.269 565.946 561.054
556 457.000 409.901 410.100 410.100 411.934 410.001 411.815 409.900 413.582 410.101 411.168
557 478.000 471.640 465.228 466.308 460.384 457.908 466.781 470.423 456.823 464.724 472.901
558 431.000 451.794 446.525 446.998 450.907 445.761 449.836 440.039 432.884 449.617 445.053
559 411.000 373.956 370.882 372.418 363.536 369.358 375.781 368.792 370.115 371.567 373.844
560 409.000 405.423 406.985 405.562 408.488 406.921 403.798 405.677 405.670 404.437 407.683
561 375.000 394.967 386.015 388.186 392.576 403.841 384.343 395.613 381.432 388.978 383.759
562 400.000 397.697 393.152 411.807 396.319 397.429 395.393 400.419 382.306 394.903 376.550
563 331.000 322.902 320.891 323.102 323.103 323.103 322.902 323.102 323.103 322.902 322.901
564 412.000 368.085 378.535 379.356 366.995 373.081 376.692 372.553 367.784 374.771 376.788
565 485.000 512.447 502.392 497.642 505.446 486.327 499.684 498.131 495.022 500.385 499.019
566 407.000 406.334 409.803 407.164 404.975 410.169 408.800 406.157 406.062 407.198 405.735
567 405.000 407.960 402.652 401.956 402.655 409.027 407.489 403.438 403.040 399.945 408.945
568 406.000 407.197 407.155 407.176 406.484 407.233 406.180 409.724 407.609 407.093 408.928
569 342.000 341.868 342.064 342.218 345.386 343.768 339.786 344.875 342.929 344.425 344.783
570 321.000 320.099 320.100 320.100 320.099 320.099 320.101 320.099 320.099 320.098 320.100
571 361.000 367.143 365.473 364.415 365.488 366.382 367.112 364.712 367.565 366.239 365.240
572 387.000 388.096 393.187 394.552 394.495 391.333 393.356 393.252 396.537 391.127 388.862
573 323.000 321.281 321.432 319.964 317.898 319.617 317.146 316.818 328.343 319.757 315.896
574 390.000 399.704 394.635 400.887 400.102 406.343 401.209 404.056 402.986 405.216 396.898
575 440.000 480.024 483.413 483.159 480.366 493.222 483.759 484.684 483.642 501.787 472.785
576 332.000 345.952 344.199 344.992 335.950 347.270 345.808 343.373 343.967 337.774 351.208
577 456.000 440.520 430.249 443.824 440.584 435.916 451.380 436.571 447.353 432.444 443.999
578 488.000 493.465 464.290 463.402 427.367 469.375 463.933 472.507 477.325 462.330 459.452
579 332.000 382.831 357.151 379.976 369.052 378.990 377.135 374.713 367.421 371.065 356.644
580 316.000 276.353 303.069 298.194 303.372 307.106 300.774 290.257 303.037 300.327 296.362
581 459.000 412.170 417.948 418.617 408.896 406.508 408.968 418.015 408.520 409.136 429.460
582 335.000 335.757 333.867 334.223 332.224 332.046 331.777 333.794 329.013 335.999 335.142
583 332.000 322.329 331.906 332.860 330.380 331.740 328.954 336.080 325.326 337.688 332.912
584 459.000 464.349 473.747 464.658 459.342 463.386 457.206 458.275 458.007 461.855 461.724
585 396.000 386.260 383.484 386.768 389.788 388.350 383.645 381.821 388.624 385.566 389.495
586 489.000 488.899 489.099 488.901 488.900 488.900 488.899 488.900 488.901 489.099 488.373
587 417.000 393.120 418.886 411.988 410.243 417.179 413.517 421.141 411.337 409.029 374.166
588 404.000 403.673 401.237 401.652 400.263 405.504 402.421 402.092 402.439 404.114 403.670
589 400.000 415.726 419.369 411.865 420.875 418.042 418.407 410.524 413.084 416.015 424.942
590 357.000 359.100 359.099 359.100 359.101 358.901 359.101 359.101 358.902 359.101 359.100
591 437.000 444.382 445.866 442.856 440.941 444.489 449.603 443.115 450.357 441.780 438.691
592 542.000 541.316 542.836 540.126 542.522 550.560 541.358 550.527 535.654 544.127 541.886
593 419.000 415.910 416.790 418.504 416.817 416.449 420.624 422.662 416.684 420.786 416.315
594 350.000 368.281 367.503 373.610 375.638 373.944 379.200 372.169 374.201 371.980 376.919
595 424.000 419.818 427.010 425.147 420.460 420.988 416.882 420.871 421.904 421.187 425.062
596 443.000 469.723 467.279 465.793 466.457 474.601 467.847 477.603 472.237 476.920 469.091
597 439.000 435.141 435.570 435.648 435.846 435.416 436.056 428.809 435.167 435.271 435.726
598 324.000 335.380 333.039 328.875 328.961 326.751 321.495 326.096 322.920 326.524 332.376
599 311.000 323.976 318.420 322.266 307.160 325.422 318.193 329.808 325.917 315.475 320.257
600 331.000 323.614 325.020 323.022 323.521 320.866 325.424 321.663 323.016 322.934 323.117
601 428.000 428.970 432.048 429.840 432.514 426.918 427.599 427.510 429.106 426.595 427.372
602 400.000 409.103 410.157 410.589 409.104 409.719 409.102 412.278 408.902 417.199 409.103
603 309.000 320.042 317.531 318.036 323.777 316.441 315.334 321.940 318.610 319.560 323.999
604 375.000 363.548 352.729 361.127 363.199 378.297 364.271 361.166 360.451 354.163 365.758
605 450.000 451.291 442.811 448.600 446.983 447.242 451.010 449.444 442.272 447.383 444.191
606 388.000 383.765 380.136 378.693 381.020 374.497 377.515 380.547 375.351 375.942 379.495
607 323.000 339.062 365.105 367.305 376.508 367.878 360.530 360.976 355.404 357.700 358.401
608 448.000 439.487 439.876 440.752 443.768 441.801 442.307 443.028 436.322 443.611 440.764
609 372.000 395.664 403.376 404.806 406.330 410.916 395.328 415.040 409.219 410.172 402.942
610 328.000 331.827 327.704 326.559 330.233 327.672 326.626 326.938 327.442 331.295 331.343
611 460.000 449.756 460.227 461.065 460.129 461.016 460.850 460.668 459.977 460.656 459.821
612 504.000 518.241 514.582 524.844 526.299 526.289 505.398 519.345 519.581 505.331 516.867
613 433.000 437.528 441.253 437.080 439.886 439.976 435.108 440.805 428.183 438.885 437.409
614 564.000 567.956 575.110 570.716 569.564 585.695 568.491 569.909 572.280 566.147 579.987
615 439.000 456.199 461.420 460.122 461.072 473.901 422.881 456.352 447.255 452.044 468.947
616 440.000 421.554 426.348 423.210 424.647 422.178 422.663 427.275 418.928 414.959 415.545
617 484.000 489.860 490.978 492.167 491.253 486.525 489.151 486.902 493.766 490.030 487.999
618 396.000 406.027 404.777 404.660 412.991 404.836 400.445 401.322 406.500 406.125 398.380
619 435.000 416.167 411.611 415.365 412.701 410.743 417.434 410.440 411.543 416.719 410.421
620 397.000 385.748 392.954 382.638 386.807 387.980 396.978 379.377 387.355 388.997 384.642
621 420.000 416.099 416.099 418.300 419.592 416.099 417.731 417.830 417.522 418.637 416.098
622 408.000 398.957 384.968 395.398 381.341 389.551 392.044 397.780 379.403 385.315 388.511
623 437.000 439.601 441.133 436.615 440.893 439.171 439.664 439.053 440.135 439.805 439.533
624 406.000 367.663 368.832 385.086 350.271 370.905 368.924 368.376 373.020 367.753 347.936
625 393.000 414.761 418.629 419.322 418.626 416.358 359.435 420.895 420.057 420.341 421.992
626 452.000 464.776 455.941 457.155 456.563 465.105 462.881 464.851 464.205 464.044 460.182
627 466.000 451.569 459.887 451.250 482.024 452.242 451.562 453.315 459.111 456.288 456.432
628 410.000 443.136 433.331 433.416 432.667 439.022 439.194 440.626 449.448 436.970 438.917
629 447.000 446.900 438.071 446.899 441.058 446.900 445.982 440.989 440.532 446.996 446.901
630 487.000 439.729 442.746 439.068 443.499 434.618 432.838 436.929 439.221 436.517 439.353
631 420.000 427.164 431.754 426.993 427.913 427.136 426.557 426.270 429.486 425.297 436.295
632 565.000 572.944 579.296 583.515 569.858 586.864 577.244 576.669 578.870 575.502 575.908
633 309.000 304.901 301.755 304.901 304.901 304.901 304.901 304.902 304.901 304.902 304.901
634 437.000 441.320 442.249 446.451 445.074 452.212 444.467 443.011 441.245 445.003 440.816
635 481.000 477.737 484.105 481.545 483.686 481.138 480.002 483.356 482.485 478.826 481.729
636 390.000 387.356 389.472 389.138 388.844 390.281 390.704 384.101 393.053 395.743 389.779
637 329.000 324.100 324.098 324.099 324.099 324.099 331.181 324.097 324.099 324.099 324.099
638 349.000 341.512 342.182 341.845 339.610 340.457 343.450 343.498 342.107 340.516 343.305
639 336.000 328.654 327.735 327.770 331.109 324.120 326.126 328.628 330.919 328.064 337.544
640 550.000 526.277 557.338 556.899 553.541 544.768 551.521 558.856 562.482 558.985 558.510
641 315.000 308.567 310.983 310.172 311.750 310.360 312.843 320.234 311.708 308.446 313.453
642 420.000 426.575 417.478 422.487 421.306 423.507 424.385 419.275 423.490 419.462 417.345
643 466.000 455.576 452.260 463.066 459.447 461.431 451.257 460.649 448.719 461.500 458.004
644 315.000 322.823 325.552 322.603 309.441 325.753 304.324 322.034 344.095 325.039 312.276
645 345.000 357.460 356.867 332.311 356.003 358.338 354.579 359.016 352.917 351.809 344.636
646 451.000 457.581 466.040 459.867 460.261 456.013 460.272 462.874 458.394 459.023 460.693
647 337.000 359.264 353.872 356.395 346.602 351.546 355.012 364.152 356.423 357.444 354.233
648 439.000 386.337 395.617 391.072 394.741 394.475 394.943 396.173 397.100 394.482 395.027
649 330.000 334.628 330.507 334.631 333.756 330.865 331.665 331.728 335.057 328.182 331.163
650 538.000 561.444 566.791 539.096 559.256 570.102 572.167 560.739 561.959 558.798 575.912
651 326.000 387.394 376.803 373.438 379.290 366.962 366.536 385.348 369.874 376.788 372.302
652 392.000 386.635 382.348 388.663 385.465 378.083 373.704 379.791 381.630 382.209 372.274
653 366.000 408.857 399.877 389.870 401.955 395.215 402.867 385.020 396.538 402.651 402.483
654 318.000 298.513 301.682 286.947 314.220 296.042 269.622 312.794 303.158 307.416 302.548
655 561.000 540.168 540.856 540.090 548.289 553.392 550.582 565.061 541.155 541.170 549.967
656 436.000 425.015 429.805 427.102 420.628 418.223 419.821 421.020 426.806 422.954 430.653
657 463.000 444.142 447.421 445.732 446.665 447.644 446.196 448.297 446.870 441.236 448.541
658 348.000 352.865 350.938 350.995 352.703 350.104 352.649 355.720 351.735 353.219 352.914
659 313.000 319.515 315.101 315.101 315.102 315.101 315.100 317.800 315.100 315.100 315.101
660 451.000 440.431 441.412 439.917 435.933 438.138 443.152 440.602 432.801 444.702 447.240
661 384.000 385.063 387.514 387.661 386.317 390.714 381.940 383.030 382.546 380.575 399.162
662 459.000 461.209 454.614 457.182 454.944 458.470 454.227 460.268 455.964 456.921 456.060
663 421.000 363.416 353.832 349.350 350.473 348.769 352.286 349.430 356.593 347.625 348.949
664 481.000 479.077 476.786 477.553 476.256 476.949 477.964 474.975 478.249 475.147 473.955
665 320.000 321.100 321.100 321.099 321.100 321.101 321.099 321.100 321.099 321.100 321.099
666 310.000 356.453 369.332 371.672 359.384 342.595 360.719 352.680 357.751 359.034 369.575
667 402.000 401.211 401.429 403.173 402.612 405.774 403.753 400.785 405.222 400.391 400.626
668 530.000 455.829 459.162 441.868 412.883 453.947 449.535 444.289 449.342 453.379 450.949
669 583.000 536.098 536.098 536.098 536.099 535.899 536.098 545.057 536.098 536.099 536.100
670 421.000 415.664 416.846 418.329 417.286 415.427 417.199 415.271 415.733 415.254 416.868
671 415.000 419.899 419.898 419.900 418.900 419.899 419.899 417.830 419.899 419.899 419.341
672 387.000 385.797 385.295 385.039 404.469 384.899 383.610 385.769 382.259 391.233 385.322
673 584.000 584.276 588.844 584.155 584.086 584.787 584.477 582.493 584.277 585.558 580.103
674 307.000 319.301 315.644 315.584 316.192 316.182 317.048 315.833 316.536 322.030 315.568
675 424.000 427.593 427.009 423.831 426.608 424.113 428.312 428.844 425.050 427.582 425.929
676 449.000 445.166 449.017 458.481 450.146 453.301 448.884 451.707 456.893 448.673 450.271
677 610.000 491.980 499.424 487.307 479.236 487.953 495.614 495.554 507.048 500.005 486.628
678 505.000 500.196 502.534 503.986 506.631 498.578 497.513 502.361 510.392 489.611 502.944
679 408.000 408.667 405.588 408.041 409.560 408.078 405.122 408.071 409.948 409.028 405.255
680 377.000 395.673 397.317 390.407 395.656 386.604 391.394 403.983 398.430 393.713 377.884
681 502.000 451.631 442.982 448.320 442.709 447.041 414.130 442.046 444.384 436.076 425.710
682 319.000 321.766 319.267 334.532 334.735 320.517 320.015 320.149 318.662 323.216 327.390
683 394.000 399.680 400.494 401.155 404.889 394.073 399.663 396.351 399.963 399.799 400.835
684 290.000 293.161 292.228 300.438 305.945 295.816 301.222 285.871 305.287 297.322 297.575
685 407.000 413.316 410.499 416.006 412.616 418.657 413.000 419.300 415.518 413.174 414.948
686 444.000 452.914 455.183 447.222 449.319 459.806 456.405 455.335 450.643 456.579 460.178
687 322.000 341.770 345.649 349.937 352.402 356.882 342.046 337.990 346.552 337.443 374.406
688 331.000 322.538 320.957 318.944 325.889 322.473 324.400 323.383 327.532 316.764 325.957
689 402.000 397.818 397.837 395.675 396.786 398.040 393.424 395.058 397.201 401.032 396.604
690 320.000 327.457 329.337 330.684 328.102 329.502 330.032 330.250 330.773 329.281 330.358
691 386.000 389.062 376.710 391.257 393.168 395.036 390.742 390.909 381.844 371.126 389.383
692 364.000 435.220 425.542 425.885 426.533 426.092 426.474 427.056 426.720 424.569 423.314
693 328.000 297.643 328.262 334.295 329.048 326.126 326.154 304.863 329.457 328.662 326.523
694 312.000 315.522 326.417 313.565 315.831 318.145 316.721 316.359 315.268 311.819 327.836
695 378.000 363.114 362.351 367.485 365.711 372.284 371.318 364.612 366.669 368.813 371.845
696 331.000 324.888 316.814 332.574 325.444 328.031 325.801 328.999 327.957 329.313 329.747
697 330.000 319.123 324.795 329.127 327.095 324.158 318.929 319.647 323.482 326.197 310.968
698 451.000 432.726 440.979 438.011 439.277 429.381 431.885 438.368 435.085 443.454 442.862
699 313.000 336.053 347.013 345.852 353.528 339.588 327.076 343.063 350.668 332.231 334.783
700 408.000 401.294 401.528 399.001 400.515 401.279 398.851 400.867 399.678 401.144 402.131
701 440.000 430.098 430.097 429.899 430.099 430.098 430.098 443.876 430.098 430.099 429.899
702 375.000 372.216 374.555 373.895 370.560 370.662 372.922 373.234 374.972 367.509 370.150
703 462.000 449.916 460.552 461.338 460.434 461.776 461.169 460.261 460.908 460.050 460.119
704 450.000 456.827 457.351 461.925 464.238 460.834 461.767 464.549 454.968 447.637 456.808
705 417.000 413.439 410.437 415.083 413.065 418.168 414.424 416.339 417.694 413.571 414.765
706 452.000 450.123 447.108 445.548 446.611 453.368 436.493 451.960 435.271 444.511 450.130
707 526.000 525.944 528.761 528.045 526.735 530.410 525.607 522.965 524.012 539.775 531.474
708 460.000 456.806 457.257 456.864 456.665 457.014 455.770 456.826 437.879 456.730 456.582
709 428.000 439.156 437.557 439.251 438.266 440.822 438.464 435.983 438.154 442.543 437.718
710 310.000 325.017 323.953 325.402 323.124 323.427 323.833 324.130 324.453 323.833 324.941
711 412.000 410.777 409.652 397.359 411.587 403.085 412.980 407.133 399.993 405.809 401.544
712 320.000 336.627 331.497 339.431 336.279 342.957 330.317 333.654 331.873 331.353 332.526
713 468.000 494.815 491.106 501.445 490.604 489.401 486.320 511.091 491.169 492.674 490.775
714 316.000 302.074 299.949 300.372 292.256 299.244 296.225 301.574 299.676 294.674 292.371
715 602.000 595.705 595.615 594.693 596.380 596.116 597.648 596.287 597.067 595.907 595.849
716 328.000 336.443 345.864 338.128 337.553 349.046 336.601 331.344 350.092 354.236 335.298
717 579.000 527.901 543.106 528.101 528.100 526.497 526.860 527.902 518.002 527.901 527.900
718 354.000 348.055 350.849 342.780 348.402 350.783 336.029 351.922 349.121 347.910 346.548
