data_index Htime.observed Htime.predicted.repeat1 Htime.predicted.repeat2 Htime.predicted.repeat3 Htime.predicted.repeat4 Htime.predicted.repeat5 Htime.predicted.repeat6 Htime.predicted.repeat7 Htime.predicted.repeat8 Htime.predicted.repeat9 Htime.predicted.repeat10
1 4.857 4.724 4.701 4.733 4.806 4.765 4.709 4.772 4.805 4.788 4.794
2 2.679 3.177 3.191 2.916 2.660 3.120 3.292 2.955 2.825 3.479 3.120
3 4.721 3.553 3.399 4.179 3.579 3.703 3.561 3.629 4.240 3.519 3.462
4 4.999 5.311 6.136 5.596 6.069 5.913 6.501 5.288 5.302 5.724 5.703
5 2.954 5.101 5.380 5.377 5.207 5.307 5.196 5.387 5.509 5.410 5.509
6 4.732 4.614 4.694 4.752 4.648 4.775 4.524 4.817 4.778 4.630 4.727
7 2.542 3.391 2.953 3.019 3.281 2.744 2.935 3.011 3.202 2.871 2.690
8 4.437 5.076 5.452 4.485 4.596 4.531 6.131 5.275 4.443 4.851 5.154
9 4.511 5.272 4.997 5.263 5.282 4.581 5.191 5.297 5.275 5.066 4.803
10 4.561 4.636 4.590 4.286 4.524 4.663 4.494 4.681 4.719 4.759 4.876
11 4.515 1.014 1.168 1.273 1.268 3.259 2.919 2.712 1.801 0.506 1.628
12 6.033 4.721 5.424 5.332 5.017 5.169 5.423 5.223 5.261 5.235 5.106
13 4.401 4.719 4.884 4.741 4.483 4.763 4.761 4.377 4.369 4.784 4.826
14 4.565 4.806 4.848 4.786 4.798 4.802 4.801 4.790 4.854 4.699 4.813
15 4.500 3.434 3.456 2.920 3.122 3.029 3.119 3.287 3.520 3.213 2.879
16 4.459 4.762 4.925 4.714 4.864 4.907 4.596 4.718 4.739 4.607 4.902
17 4.782 4.978 4.961 4.670 4.847 5.173 4.289 4.846 5.196 4.800 5.144
18 6.644 4.461 4.532 4.644 3.848 4.314 4.093 4.445 3.977 3.860 4.313
19 4.008 3.425 3.595 4.164 3.968 3.571 3.483 3.649 3.639 3.585 3.934
20 5.749 5.371 5.341 4.770 4.932 4.821 4.914 4.979 5.117 5.070 4.696
21 2.954 4.013 3.642 3.685 4.016 3.327 3.740 4.008 3.552 3.904 3.701
22 4.724 4.837 4.439 4.737 4.708 4.515 4.691 4.691 4.750 4.655 4.788
23 4.861 3.313 3.011 3.456 3.774 3.643 3.572 2.886 2.843 3.260 3.462
24 9.159 6.666 6.462 6.767 6.967 6.533 7.329 7.021 6.367 6.697 6.812
25 2.824 4.413 4.604 4.446 3.587 3.629 3.849 3.818 3.923 3.260 5.277
26 2.235 4.332 3.878 3.919 4.541 4.145 4.298 3.861 3.998 4.159 4.116
27 3.787 3.265 4.162 4.075 4.201 3.359 4.103 3.820 3.820 4.003 4.170
28 -0.165 1.631 1.566 0.943 1.964 2.350 0.903 1.336 1.483 1.533 1.065
29 4.365 2.811 2.989 3.041 3.188 3.212 2.678 2.835 3.068 2.891 3.115
30 6.982 6.120 4.551 5.245 5.644 5.621 5.164 5.523 5.579 5.420 5.370
31 5.556 4.945 5.248 5.369 5.116 4.985 4.784 5.239 5.236 5.211 5.143
32 4.605 4.651 4.631 4.154 4.312 4.526 4.579 4.743 4.519 4.529 4.700
33 2.381 3.955 3.903 3.847 3.748 3.868 3.738 3.731 3.924 3.602 3.741
34 5.016 4.091 3.936 3.818 4.445 3.921 3.780 3.998 4.293 4.335 4.717
35 0.255 2.947 3.087 3.029 2.684 2.406 3.135 2.461 1.857 3.007 2.583
36 5.937 5.816 6.186 5.883 5.235 5.526 5.203 6.029 5.625 5.879 6.291
37 1.196 2.384 2.386 2.499 2.295 1.899 2.250 3.121 2.352 2.502 2.076
38 2.475 0.912 0.432 0.849 0.831 0.454 0.686 0.558 0.720 0.938 0.763
39 3.525 4.532 4.172 3.898 4.899 4.917 3.782 3.176 3.982 4.480 4.565
40 6.946 6.394 5.459 6.949 6.189 6.238 5.934 6.094 6.304 5.676 6.076
41 6.519 5.231 5.771 5.394 5.523 5.408 5.551 5.376 5.580 5.537 5.539
42 2.001 3.259 3.477 3.509 2.935 3.366 3.410 3.321 2.883 3.479 3.310
43 6.167 6.323 6.292 5.278 5.743 5.618 6.026 5.849 5.121 6.028 5.351
44 4.459 4.368 4.395 4.128 3.683 4.457 4.299 4.428 4.296 4.096 4.054
45 4.673 4.833 4.296 4.817 4.846 4.674 4.659 4.756 4.795 4.540 4.774
46 5.617 5.219 5.353 5.161 5.008 5.744 5.156 4.999 5.224 5.315 5.192
47 1.358 2.374 2.449 2.031 1.804 2.041 2.370 3.024 1.848 1.965 2.122
48 4.228 5.020 4.986 4.968 4.938 5.134 4.854 4.962 4.850 5.039 5.074
49 4.475 5.295 5.196 5.175 5.042 4.673 5.308 5.048 5.184 5.298 5.125
50 2.682 3.088 2.324 2.359 1.955 2.299 2.279 2.204 1.647 2.261 2.170
51 4.297 3.649 4.134 3.866 3.647 4.168 3.796 4.135 3.849 3.805 4.204
52 4.702 4.725 4.634 4.286 4.805 4.653 4.295 4.705 4.789 4.658 4.836
53 4.804 4.215 3.916 3.717 3.650 3.791 4.178 4.135 3.759 3.902 3.625
54 4.741 4.858 4.775 4.823 4.899 4.813 4.835 4.842 4.856 4.865 4.883
55 6.083 3.596 3.846 3.917 3.923 3.430 3.013 3.450 3.251 4.200 2.695
56 4.401 3.983 3.777 3.408 3.561 3.498 3.820 3.856 4.031 3.917 3.749
57 6.101 5.336 4.972 5.461 4.615 4.599 4.838 4.700 5.046 4.566 5.235
58 3.561 3.835 3.519 4.055 4.434 2.853 3.866 3.691 3.747 2.939 3.865
59 4.376 4.294 3.892 4.291 4.053 3.733 3.979 3.939 4.030 3.502 3.938
60 7.960 6.346 6.167 5.980 5.993 5.981 6.048 5.601 6.368 6.126 5.856
61 2.475 4.001 4.059 4.077 3.745 3.644 3.684 3.758 3.930 3.933 3.950
62 4.183 3.189 4.131 3.716 4.273 3.413 3.353 3.703 3.963 3.501 4.290
63 2.857 3.548 3.387 3.954 3.172 3.109 3.984 3.161 3.099 2.888 3.697
64 0.776 0.846 0.477 0.530 2.131 2.586 1.483 0.398 0.338 0.837 0.948
65 6.190 5.108 4.992 4.881 5.180 4.923 5.186 5.375 5.053 5.195 5.105
66 5.520 4.887 4.897 4.795 4.941 4.901 4.800 4.838 4.824 4.910 4.842
67 4.613 4.716 4.516 4.588 4.562 4.700 4.642 4.684 4.800 4.804 4.585
68 0.670 2.133 1.707 2.075 0.862 1.294 1.636 1.692 1.339 2.072 1.224
69 6.056 4.783 5.028 5.053 5.070 4.931 4.625 5.236 5.026 4.923 5.161
70 4.598 5.154 5.004 5.047 5.014 4.970 5.042 5.093 5.007 4.910 4.965
71 5.317 5.549 5.630 5.762 5.147 5.350 5.198 5.127 5.509 6.074 5.865
72 4.635 6.009 6.003 5.798 6.032 5.605 6.117 5.979 5.881 5.501 5.772
73 4.529 4.245 3.131 3.760 3.495 4.636 3.695 3.924 3.760 3.625 4.316
74 5.700 5.598 5.493 5.710 5.966 5.977 5.627 5.652 5.740 5.881 4.955
75 0.325 3.453 3.705 3.397 3.594 3.575 3.277 3.447 3.274 3.687 3.456
76 3.984 3.240 3.735 4.197 3.277 3.243 3.380 3.402 3.344 2.975 3.831
77 2.208 3.684 3.521 3.603 3.282 3.508 3.331 3.545 3.837 3.678 3.563
78 1.653 4.050 4.167 3.945 4.011 3.968 4.018 3.829 3.766 4.005 4.118
79 0.088 3.875 3.499 3.548 2.971 3.259 2.919 3.841 3.166 4.096 3.736
80 4.196 2.748 2.918 2.866 2.886 2.693 3.146 2.549 2.672 2.687 2.864
81 5.336 5.375 5.476 5.218 5.311 4.905 5.238 5.120 5.492 5.302 5.397
82 1.105 3.194 2.392 2.761 3.161 2.720 2.967 2.430 2.958 3.142 3.187
83 5.846 5.880 4.929 5.608 5.212 5.268 5.361 5.494 5.969 5.508 5.561
84 4.113 3.885 3.714 3.794 3.800 3.863 3.724 3.998 3.842 3.601 3.707
85 2.631 4.295 3.976 3.941 3.480 3.965 4.229 3.708 4.065 4.206 4.255
86 6.261 5.523 6.000 5.556 5.696 4.767 5.832 5.849 6.110 5.454 6.293
87 5.048 4.384 4.240 4.259 4.540 3.519 3.420 4.042 4.749 4.276 4.185
88 4.858 4.862 4.981 4.795 5.033 5.003 5.177 5.074 5.031 4.975 4.849
89 4.779 4.748 4.527 4.798 4.785 4.343 4.785 4.747 4.602 4.764 4.809
90 3.835 4.354 5.098 4.643 4.308 4.601 4.624 4.609 4.608 5.163 4.573
91 5.064 3.316 3.467 3.181 3.250 2.785 3.361 3.384 3.200 2.939 2.916
92 4.003 3.736 3.336 3.697 3.512 3.206 3.657 3.699 3.399 3.920 3.485
93 3.404 4.216 4.094 4.037 4.069 4.120 4.125 3.917 4.563 4.042 4.236
94 4.951 4.622 4.413 4.489 4.846 4.736 4.505 4.700 4.773 4.568 4.538
95 5.505 4.452 4.421 4.664 4.251 4.375 4.704 4.761 4.795 4.426 4.802
96 1.857 3.873 2.926 3.953 4.346 3.468 3.738 3.382 3.797 3.731 3.795
97 4.632 5.575 4.604 4.817 5.233 5.971 5.570 5.161 4.844 5.318 5.107
98 5.177 5.613 5.476 5.482 5.215 5.111 5.212 4.935 5.426 5.278 5.042
99 5.978 5.692 5.414 6.371 6.123 5.725 5.693 5.907 6.036 6.266 6.181
100 4.146 4.321 3.684 3.551 4.138 3.716 3.491 2.857 2.751 4.084 3.781
101 4.954 5.025 5.095 4.854 4.975 4.848 5.177 4.871 4.961 4.986 4.997
102 5.806 4.662 5.130 5.362 5.521 5.012 5.209 5.034 5.347 5.505 4.225
103 5.033 4.762 4.660 4.472 4.483 4.433 4.591 4.501 4.502 4.451 4.557
104 4.395 4.329 3.831 4.096 4.412 3.689 4.089 4.279 4.217 4.420 4.271
105 5.093 3.269 3.362 3.554 3.391 3.074 3.607 3.391 3.241 3.207 3.180
106 3.250 4.132 4.025 4.433 4.253 4.106 3.979 3.856 4.202 4.048 4.370
107 2.760 4.470 4.064 3.951 3.998 3.972 4.151 4.097 4.447 3.910 4.005
108 1.182 3.585 2.250 3.070 2.722 2.627 3.224 3.335 2.937 3.250 3.006
109 4.028 4.949 5.171 5.006 4.475 4.767 4.833 4.962 4.834 4.864 4.754
110 5.190 4.608 4.097 4.354 4.954 3.671 4.716 4.477 4.577 3.891 4.156
111 4.988 4.912 4.689 4.968 4.930 4.755 4.854 4.668 4.850 5.039 5.000
112 6.799 5.841 5.823 5.890 5.871 6.011 6.193 5.757 5.971 5.687 5.688
113 5.414 2.362 3.137 1.748 2.214 2.155 3.099 2.273 2.851 1.236 3.654
114 4.414 3.645 3.745 3.472 3.459 3.439 3.510 3.665 3.695 3.677 3.290
115 5.635 4.448 4.503 4.300 4.767 4.840 4.597 4.129 4.651 4.364 4.616
116 4.883 3.836 4.490 4.237 3.842 4.301 4.107 4.096 4.198 3.996 4.385
117 4.712 4.106 4.571 4.005 3.837 4.330 4.500 4.788 4.066 4.605 4.279
118 4.758 4.709 4.789 4.598 4.566 4.645 4.629 4.891 4.787 4.792 4.765
119 3.147 2.632 2.936 2.678 3.439 3.415 2.628 2.565 2.985 2.430 2.848
120 5.580 5.646 5.453 5.070 4.956 5.220 5.703 5.351 5.394 5.327 5.049
