data_index Htime.observed Htime.predicted.repeat1 Htime.predicted.repeat2 Htime.predicted.repeat3 Htime.predicted.repeat4 Htime.predicted.repeat5 Htime.predicted.repeat6 Htime.predicted.repeat7 Htime.predicted.repeat8 Htime.predicted.repeat9 Htime.predicted.repeat10
1 4.857 4.570 4.578 4.750 4.650 4.708 4.742 4.621 4.588 4.759 4.458
2 2.679 3.586 3.566 3.817 3.739 3.574 3.462 3.560 3.752 3.704 3.549
3 4.721 4.002 3.878 3.931 4.045 4.324 4.250 3.891 3.727 3.924 4.339
4 4.999 5.349 5.705 5.999 5.665 5.682 6.030 5.864 5.929 5.969 5.834
5 2.954 5.195 5.066 4.993 4.916 5.089 4.959 4.906 4.984 5.129 4.932
6 4.732 4.793 4.648 4.795 4.742 4.805 4.773 4.720 4.718 4.728 4.757
7 2.542 3.250 3.579 3.329 3.245 3.531 3.571 3.335 3.381 3.458 3.453
8 4.437 4.235 4.149 4.324 4.127 4.371 3.995 4.211 4.449 4.316 4.200
9 4.511 4.786 4.801 4.705 4.852 4.830 4.808 4.655 4.792 4.533 5.004
10 4.561 4.276 4.246 4.333 4.313 4.337 4.333 4.181 4.239 4.168 4.195
11 4.515 2.253 3.637 4.198 4.005 2.293 3.850 3.870 2.781 4.028 2.290
12 6.033 5.282 5.003 5.283 5.105 5.357 5.224 5.257 5.110 5.220 4.996
13 4.401 4.843 4.984 4.884 4.931 4.906 5.058 4.918 4.926 5.011 4.891
14 4.565 4.298 4.279 4.397 4.064 4.232 4.481 4.312 3.702 4.253 4.271
15 4.500 3.240 3.381 3.465 3.442 3.320 3.259 3.460 3.514 3.266 3.529
16 4.459 4.641 4.663 4.840 4.697 4.818 4.875 4.693 4.759 4.949 4.825
17 4.782 5.310 5.314 5.534 4.980 4.860 5.518 5.231 5.219 5.024 5.448
18 6.644 4.201 4.011 3.841 4.028 4.109 4.012 4.144 3.637 3.992 3.960
19 4.008 4.298 4.242 4.067 4.271 4.318 4.252 4.344 4.286 4.194 4.204
20 5.749 4.995 4.997 4.942 5.142 5.108 5.029 4.869 4.886 4.890 5.015
21 2.954 4.264 4.185 4.151 4.319 4.188 4.214 4.187 4.158 4.276 4.149
22 4.724 4.778 4.744 4.801 4.720 4.787 4.673 4.755 4.801 4.755 4.762
23 4.861 3.485 3.598 3.534 3.493 3.616 3.373 3.579 3.624 3.694 3.656
24 9.159 5.693 5.765 5.743 5.504 5.671 5.677 5.922 5.740 5.761 5.700
25 2.824 3.054 3.003 3.265 2.963 2.994 2.887 3.071 2.874 2.925 2.670
26 2.235 2.861 3.253 2.841 2.811 2.793 2.974 3.026 3.120 2.965 3.408
27 3.787 3.681 3.900 4.126 3.820 4.033 3.826 3.775 3.811 3.732 3.978
28 -0.165 1.494 1.172 1.328 1.282 1.298 1.321 1.267 1.228 1.363 1.117
29 4.365 3.308 3.324 3.397 3.375 3.088 3.372 3.299 3.460 3.355 3.282
30 6.982 5.298 5.672 5.469 5.265 5.383 5.320 5.284 5.513 4.948 5.564
31 5.556 5.149 5.169 5.285 5.156 5.102 5.285 5.176 5.224 5.182 5.256
32 4.605 4.645 4.606 4.605 4.642 4.572 4.572 4.603 4.649 4.659 4.600
33 2.381 3.358 3.318 3.327 3.588 3.270 3.327 3.482 3.480 3.524 3.252
34 5.016 4.155 3.979 4.298 4.310 4.355 4.032 4.147 4.432 4.156 4.367
35 0.255 2.987 3.418 3.334 3.310 3.575 3.843 3.320 3.233 3.419 3.442
36 5.937 5.000 4.855 4.972 5.185 4.935 4.982 5.227 5.105 4.994 4.967
37 1.196 2.807 2.927 3.139 3.033 3.179 2.794 3.104 3.076 3.293 3.419
38 2.475 0.955 0.911 1.564 0.822 0.964 1.729 0.816 1.120 1.174 1.559
39 3.525 4.460 4.560 4.610 4.523 4.417 4.148 4.540 4.570 4.640 4.307
40 6.946 5.218 4.870 5.247 5.085 5.162 5.237 5.103 5.299 4.821 5.150
41 6.519 5.322 5.056 5.295 5.292 5.106 5.418 5.458 5.320 5.229 5.419
42 2.001 2.805 3.139 3.022 3.069 2.945 2.923 2.897 2.993 2.580 2.746
43 6.167 4.855 4.623 4.684 4.979 4.907 4.879 4.803 5.032 4.775 4.943
44 4.459 4.133 4.079 4.383 4.308 4.129 4.090 3.869 4.074 3.954 4.164
45 4.673 4.758 4.737 4.815 4.771 4.763 4.694 4.719 4.652 4.779 4.680
46 5.617 5.169 5.078 5.180 5.286 5.251 5.284 5.227 5.240 5.189 5.210
47 1.358 2.890 2.857 2.883 2.776 2.942 3.024 3.021 2.873 2.959 3.442
48 4.228 4.745 4.846 5.011 4.882 4.714 4.895 4.756 4.868 4.674 4.909
49 4.475 4.896 4.989 4.453 4.935 5.219 4.993 5.064 5.088 4.832 5.028
50 2.682 2.656 2.642 2.697 2.788 2.723 2.461 2.671 2.836 2.641 2.504
51 4.297 3.995 3.841 3.962 4.028 3.971 3.909 4.020 4.187 4.022 3.840
52 4.702 4.725 4.634 4.550 4.544 4.659 4.571 4.651 4.664 4.673 4.595
53 4.804 4.312 4.154 4.244 4.289 4.271 4.333 4.128 4.237 4.272 4.251
54 4.741 4.812 4.851 4.864 4.771 4.818 4.790 4.827 4.845 4.776 4.762
55 6.083 4.308 4.029 4.098 4.253 4.224 4.382 4.278 4.203 4.066 4.301
56 4.401 4.333 4.368 4.352 4.717 4.319 4.443 4.322 4.398 4.371 4.351
57 6.101 5.524 5.486 5.315 5.402 5.305 5.440 5.536 5.489 5.485 5.209
58 3.561 3.371 3.597 3.490 3.517 3.325 3.253 3.296 3.555 3.409 3.548
59 4.376 3.668 3.803 3.942 3.781 3.760 3.898 3.863 3.666 3.976 3.790
60 7.960 5.620 5.980 5.528 5.721 5.688 5.871 5.759 5.910 5.669 5.799
61 2.475 4.114 4.057 4.155 4.040 4.050 4.177 4.086 4.094 4.108 4.199
62 4.183 2.633 2.706 2.733 2.750 2.648 2.774 2.926 2.678 2.850 2.852
63 2.857 3.241 3.151 3.327 3.588 3.101 2.945 3.082 3.211 3.041 3.213
64 0.776 0.631 0.625 0.724 0.781 0.789 1.180 0.678 0.496 0.729 0.690
65 6.190 4.976 4.852 4.875 4.903 4.819 4.825 4.979 4.645 4.917 4.770
66 5.520 5.136 5.120 4.992 4.978 5.004 5.105 5.084 5.177 5.047 5.088
67 4.613 4.618 4.362 4.704 4.696 4.720 4.652 4.624 4.620 4.716 4.649
68 0.670 2.564 2.484 2.667 2.255 2.509 2.867 2.749 2.193 2.640 2.585
69 6.056 5.066 5.011 5.038 5.047 5.141 5.068 4.976 5.087 5.011 4.878
70 4.598 4.982 4.831 4.832 5.037 4.948 4.954 4.883 4.954 4.948 4.852
71 5.317 5.074 5.303 5.081 5.060 5.312 5.408 5.408 5.394 5.422 5.312
72 4.635 5.382 5.164 5.096 5.300 5.319 5.303 5.422 5.163 5.328 5.442
73 4.529 4.513 4.286 4.345 4.224 4.423 4.532 4.261 4.343 4.373 4.551
74 5.700 5.480 5.508 5.240 5.421 5.278 5.545 5.317 5.330 5.481 5.375
75 0.325 2.954 2.833 2.701 3.194 2.846 2.763 2.988 2.920 2.924 3.333
76 3.984 3.423 3.549 3.635 3.663 3.493 3.542 3.591 3.020 3.685 3.500
77 2.208 2.845 2.843 2.804 2.494 2.787 2.810 2.594 2.929 2.971 3.308
78 1.653 4.428 4.369 4.515 4.495 4.514 4.396 4.486 4.420 4.503 4.571
79 0.088 2.794 2.880 2.926 3.033 3.148 3.287 2.417 2.871 2.857 3.239
80 4.196 2.968 3.084 3.257 3.060 3.066 2.949 3.242 3.044 3.082 3.151
81 5.336 4.931 5.010 4.974 5.069 5.088 4.998 4.880 4.825 4.955 5.039
82 1.105 3.346 3.114 3.298 3.237 3.036 3.267 3.351 3.226 3.205 3.084
83 5.846 4.743 4.830 4.793 4.881 4.624 4.771 4.644 4.690 4.764 4.697
84 4.113 3.919 3.671 4.558 3.885 3.772 3.996 3.939 3.946 3.799 3.967
85 2.631 4.031 3.686 4.032 3.889 3.942 3.956 3.660 3.607 3.803 3.848
86 6.261 5.381 5.161 5.354 5.244 5.538 5.462 5.421 5.441 5.375 5.212
87 5.048 4.861 5.076 4.683 4.916 5.175 4.726 4.633 5.036 4.878 4.687
88 4.858 5.080 4.907 5.034 5.207 5.144 5.089 5.014 5.119 5.163 5.129
89 4.779 4.588 4.769 4.724 4.653 4.610 4.724 4.687 4.718 4.740 4.741
90 3.835 4.176 3.685 3.834 3.786 3.551 3.883 3.788 3.630 3.892 3.694
91 5.064 3.456 3.267 3.314 3.448 3.120 3.265 3.287 3.469 3.336 3.244
92 4.003 4.428 4.212 4.159 4.325 4.285 4.287 4.193 4.263 4.471 4.284
93 3.404 4.528 4.499 4.552 4.479 4.334 4.526 4.551 4.443 4.453 4.598
94 4.951 4.666 4.606 4.578 4.548 4.607 4.582 4.467 4.579 4.555 4.430
95 5.505 4.825 4.779 4.533 4.701 4.759 4.695 4.629 4.678 4.794 4.525
96 1.857 4.020 4.223 4.025 4.068 4.097 3.734 3.945 4.063 4.143 4.083
97 4.632 5.342 5.325 5.492 5.317 5.554 5.282 5.372 5.428 4.712 5.446
98 5.177 4.502 4.739 4.496 4.357 4.392 4.380 4.520 4.541 4.379 4.446
99 5.978 4.784 4.733 4.703 4.783 4.880 4.910 4.688 4.812 4.868 4.653
100 4.146 3.337 3.418 3.561 3.573 3.698 3.625 3.640 3.509 3.549 3.684
101 4.954 5.112 5.096 5.068 4.937 5.041 5.073 4.923 5.025 5.035 5.085
102 5.806 5.447 5.474 5.244 5.474 5.265 5.427 5.439 5.472 5.407 5.311
103 5.033 4.974 4.841 4.909 5.127 4.977 5.108 4.932 4.889 4.905 4.968
104 4.395 4.432 3.958 4.403 4.370 4.234 4.023 4.087 4.495 4.488 4.292
105 5.093 3.233 3.327 3.393 3.228 3.113 3.202 3.280 3.203 3.208 3.225
106 3.250 4.476 4.374 4.193 4.603 4.420 4.339 4.304 4.371 4.292 4.172
107 2.760 4.245 4.140 4.202 4.174 4.181 4.173 4.236 4.258 4.177 4.087
108 1.182 4.281 3.765 4.308 4.054 4.341 4.019 3.887 4.382 4.099 4.283
109 4.028 5.025 4.917 4.881 4.940 5.119 5.092 4.980 4.995 4.995 5.290
110 5.190 3.600 4.685 3.891 3.939 3.827 3.766 3.755 4.252 4.209 3.756
111 4.988 4.647 4.591 4.594 4.574 4.624 4.596 4.646 4.617 4.609 4.381
112 6.799 5.101 4.865 5.102 4.808 5.140 5.010 4.962 4.920 5.001 4.855
113 5.414 3.314 3.782 3.783 3.727 3.256 3.394 3.651 3.083 3.903 3.821
114 4.414 3.775 4.206 4.355 3.625 3.912 3.786 3.833 3.595 3.549 3.613
115 5.635 4.259 4.475 4.503 4.466 4.439 4.487 4.516 4.274 4.641 4.505
116 4.883 5.042 4.987 4.780 4.813 4.973 4.909 4.880 4.737 4.919 4.843
117 4.712 4.278 4.064 4.249 4.229 4.492 4.128 3.903 4.125 4.267 4.244
118 4.758 4.646 4.687 4.713 4.585 4.712 4.601 4.630 4.399 4.623 4.595
119 3.147 3.328 3.610 3.302 3.643 3.664 3.555 3.461 3.664 3.631 3.479
120 5.580 5.324 5.326 5.393 5.380 5.399 5.459 5.358 5.314 5.478 5.083
