data_index lambdaa.observed lambdaa.predicted.repeat1 lambdaa.predicted.repeat2 lambdaa.predicted.repeat3 lambdaa.predicted.repeat4 lambdaa.predicted.repeat5 lambdaa.predicted.repeat6 lambdaa.predicted.repeat7 lambdaa.predicted.repeat8 lambdaa.predicted.repeat9 lambdaa.predicted.repeat10
1 342.000 333.518 336.241 328.226 334.234 330.694 331.250 334.514 340.153 330.727 340.117
2 336.000 336.416 344.014 339.666 341.126 339.527 341.213 340.431 340.105 343.246 337.877
3 434.000 423.306 422.004 413.857 426.706 421.271 420.148 411.143 405.483 425.106 408.733
4 320.000 329.612 328.741 333.739 329.540 329.215 334.104 326.444 326.670 325.435 327.002
5 317.000 339.898 336.153 342.394 346.949 338.342 347.291 337.530 346.986 337.757 339.450
6 432.000 450.200 452.798 451.202 451.495 452.204 453.425 448.818 451.439 453.662 452.085
7 419.000 419.072 419.082 426.235 417.009 427.799 416.312 420.364 421.072 423.306 422.461
8 554.000 543.441 551.313 549.703 541.403 547.067 549.367 544.336 544.134 552.389 541.759
9 438.000 483.307 469.418 466.246 468.117 459.869 474.289 476.403 470.745 479.263 461.383
10 315.000 326.321 325.257 327.357 323.461 327.527 326.798 325.268 321.806 323.535 326.271
11 325.000 336.518 332.121 336.359 338.374 335.290 334.332 336.754 334.256 338.893 335.462
12 492.000 415.443 410.058 417.105 410.114 419.100 401.141 424.156 410.697 404.857 415.938
13 370.000 369.821 372.534 379.810 374.479 373.335 375.650 370.445 370.945 376.211 372.574
14 424.000 415.437 415.715 421.801 417.414 415.491 414.984 421.338 419.119 416.040 415.939
15 400.000 408.530 405.703 410.355 406.505 404.553 406.853 404.929 407.548 408.871 410.699
16 406.000 406.213 405.743 406.799 406.564 406.083 403.992 405.829 405.295 404.982 405.696
17 429.000 429.760 425.557 420.682 424.383 432.300 421.420 428.770 429.422 431.611 422.855
18 450.000 422.223 426.513 416.239 424.488 437.708 426.414 418.885 422.404 426.582 420.039
19 342.000 343.143 340.813 340.109 341.892 336.926 342.272 340.349 334.870 340.969 342.769
20 302.000 341.650 337.115 336.102 336.681 334.887 341.612 336.390 338.227 345.515 334.282
21 437.000 435.690 425.105 420.209 399.757 426.823 417.835 430.448 420.049 424.325 425.841
22 407.000 419.645 416.301 417.412 415.003 413.192 415.793 415.176 424.841 411.073 414.553
23 384.000 394.722 392.812 404.201 392.009 394.346 395.945 393.334 400.042 395.472 389.722
24 371.000 377.695 378.118 395.127 378.304 384.653 388.455 380.063 382.164 375.173 399.196
25 417.000 393.196 365.269 364.861 368.930 375.469 376.318 371.573 372.630 373.234 367.041
26 425.000 428.438 420.849 434.488 439.271 432.533 426.815 440.583 431.821 433.302 436.628
27 350.000 328.809 334.277 329.825 329.148 334.682 330.257 335.354 333.959 330.937 337.398
28 444.000 411.290 424.631 421.056 418.394 413.979 420.308 416.446 421.633 413.372 418.543
29 379.000 471.019 477.812 477.270 477.470 475.844 482.487 473.234 488.794 484.895 480.820
30 400.000 415.394 419.362 417.412 420.069 421.323 413.604 418.312 424.841 419.635 416.501
31 378.000 391.802 392.616 366.821 390.345 376.789 371.279 379.552 367.244 383.373 378.369
32 364.000 379.819 370.610 364.232 358.878 374.550 366.392 366.475 362.831 366.317 362.182
33 360.000 353.801 355.367 355.890 354.473 355.099 356.501 355.556 356.155 359.071 355.113
34 382.000 376.654 378.447 385.965 384.355 379.711 391.950 383.051 384.267 370.861 400.764
35 527.000 484.617 488.893 512.091 490.929 521.883 505.228 486.106 473.906 500.632 498.409
36 408.000 405.782 405.328 404.863 407.592 405.220 407.360 404.615 405.955 404.647 407.939
37 421.000 362.595 350.161 364.450 349.961 352.710 359.120 354.640 362.737 351.005 358.784
38 346.000 344.433 349.655 350.480 347.470 347.711 345.794 349.994 346.233 347.668 345.638
39 478.000 517.748 530.232 513.084 526.516 510.623 516.982 523.308 519.084 497.903 498.737
40 420.000 421.846 421.808 444.019 424.063 428.977 415.559 424.061 427.185 431.453 424.604
41 430.000 434.210 426.859 440.217 428.740 432.336 437.189 442.155 434.364 432.929 427.260
42 623.000 560.112 538.395 569.338 561.367 569.305 562.726 559.041 563.348 562.343 569.411
43 457.000 432.360 442.037 435.321 437.622 432.344 426.494 438.590 421.934 438.416 442.232
44 424.000 465.683 467.788 465.899 461.058 475.447 463.012 452.821 462.793 457.547 459.011
45 456.000 438.440 427.092 437.853 432.474 443.272 443.926 434.876 443.123 444.385 444.792
46 411.000 410.932 410.061 410.883 412.241 408.810 408.008 412.772 410.650 408.132 413.368
47 413.000 422.266 427.628 432.838 424.431 412.843 423.021 423.956 425.604 412.575 422.798
48 332.000 344.389 343.898 341.987 345.813 336.846 342.699 342.743 342.852 341.856 345.647
49 489.000 492.503 487.634 485.750 488.183 487.062 491.107 484.437 484.151 492.279 487.553
50 425.000 411.828 412.400 414.131 400.839 400.051 404.217 404.102 402.251 397.685 409.397
51 359.000 360.577 368.180 371.814 359.908 363.637 359.188 361.422 360.019 362.671 362.363
52 418.000 417.451 420.758 419.726 420.772 420.549 415.342 418.421 420.642 420.146 421.199
53 325.000 329.685 327.598 327.970 331.796 328.373 327.265 331.004 329.678 328.610 330.912
54 447.000 422.845 426.349 419.110 417.198 419.656 422.564 424.588 426.698 428.602 427.435
55 464.000 473.895 473.895 477.203 472.399 475.959 478.926 481.891 476.988 477.119 479.115
56 431.000 428.123 427.612 429.802 433.782 426.601 426.694 425.241 426.490 426.571 427.853
57 332.000 348.098 354.475 341.875 340.231 344.746 336.209 349.100 342.692 347.797 349.787
58 329.000 365.399 367.200 361.197 367.186 362.150 372.674 355.856 362.254 358.585 358.236
59 315.000 329.612 326.322 325.798 325.880 326.078 327.924 327.946 327.622 327.257 326.591
60 396.000 373.138 373.049 375.716 378.738 386.565 381.798 383.627 370.768 377.630 402.881
61 390.000 375.110 367.229 369.852 371.723 374.450 376.457 375.041 372.722 371.791 372.465
62 423.000 422.040 443.815 431.586 427.032 419.452 421.174 424.666 433.799 417.993 424.019
63 430.000 440.803 438.146 436.730 440.905 427.209 419.507 437.008 438.844 428.152 425.148
64 429.000 428.370 428.601 429.032 428.224 427.854 432.829 424.636 426.494 426.502 429.277
65 467.000 432.365 425.636 426.365 403.516 436.129 427.227 415.149 430.976 428.308 432.569
66 602.000 505.854 540.480 527.839 498.182 507.892 502.501 519.150 544.785 516.716 536.681
67 461.000 436.144 445.240 444.497 436.192 451.290 435.336 441.718 438.812 437.445 439.880
68 342.000 342.711 346.849 349.262 344.376 348.444 356.716 347.657 347.681 349.155 351.836
69 545.000 404.004 447.988 452.278 476.270 414.825 455.806 480.975 482.129 477.907 477.442
70 415.000 413.284 412.718 413.189 413.235 412.273 412.014 412.129 412.853 410.699 412.828
71 365.000 362.279 351.810 363.501 350.810 350.080 352.315 356.698 362.924 346.713 364.673
72 429.000 424.385 422.544 428.503 417.051 413.667 414.010 414.151 425.510 429.015 409.023
73 336.000 333.149 334.337 332.969 334.012 335.716 337.393 335.569 333.675 334.061 334.973
74 302.000 338.720 336.796 335.897 336.223 331.734 335.704 334.775 331.312 337.447 332.770
75 426.000 440.143 441.130 437.416 442.698 440.645 437.885 434.484 439.281 433.551 442.555
76 364.000 361.724 368.582 365.297 358.813 375.653 364.742 374.650 372.254 375.698 370.016
77 451.000 402.304 412.016 414.381 411.989 409.849 411.667 407.722 414.257 401.874 399.882
78 573.000 574.935 536.417 578.934 566.215 574.296 557.284 563.504 567.558 569.842 570.554
79 447.000 437.373 441.859 440.173 435.166 439.002 434.247 435.684 442.419 437.832 437.933
80 322.000 342.325 342.534 340.354 342.480 348.311 349.406 343.081 343.949 343.586 341.442
81 586.000 580.017 571.560 583.149 575.435 579.325 579.163 574.806 576.747 579.128 573.056
82 459.000 432.337 433.389 433.481 432.110 430.676 422.879 434.683 435.667 434.157 429.580
83 405.000 412.108 411.806 411.300 410.859 411.819 412.856 411.838 414.054 412.541 411.631
84 434.000 421.644 418.205 421.419 422.732 420.989 422.423 422.855 419.492 424.027 418.132
85 441.000 452.329 462.002 453.653 455.959 451.068 458.890 456.690 449.466 455.782 450.466
86 403.000 414.063 410.640 414.584 410.560 411.532 412.190 412.419 414.222 412.341 412.977
87 450.000 401.980 397.904 413.832 398.049 397.722 389.283 409.417 392.392 423.447 413.014
88 372.000 365.385 363.450 362.023 361.328 362.056 361.704 360.330 362.316 366.267 361.867
89 400.000 406.029 387.837 408.878 390.451 387.417 397.282 377.771 406.102 415.368 402.746
90 545.000 542.401 548.687 531.656 544.491 544.091 544.542 530.632 537.490 546.181 540.818
91 411.000 387.437 389.079 371.946 379.414 376.899 373.406 386.337 376.007 389.215 373.577
92 344.000 341.535 344.120 342.535 344.198 339.989 348.848 348.122 346.182 347.845 347.750
93 502.000 488.175 499.872 499.699 498.275 495.237 495.432 500.922 506.818 505.345 505.533
94 401.000 397.088 428.756 411.672 425.897 404.047 392.106 418.815 413.178 414.825 423.471
95 407.000 412.332 410.497 412.585 411.661 411.076 410.887 409.862 411.921 412.518 411.806
96 444.000 439.482 437.479 435.449 434.054 435.514 436.020 432.586 436.530 436.875 424.132
97 321.000 353.016 360.487 342.570 345.131 333.585 341.615 341.260 343.920 345.380 346.264
98 584.000 589.847 586.656 586.718 581.985 579.862 580.607 584.942 576.565 587.283 587.776
99 480.000 515.471 525.924 533.805 517.687 513.827 533.693 579.664 520.418 523.993 526.417
100 510.000 480.604 493.683 455.484 452.171 476.060 445.894 476.834 471.312 497.757 491.334
101 408.000 387.790 394.768 360.195 393.268 388.051 392.357 377.280 388.540 386.113 384.073
102 323.000 341.824 345.894 343.112 342.347 339.085 342.381 341.138 344.842 346.187 342.750
103 438.000 431.908 435.860 441.443 446.778 437.888 439.499 436.069 437.617 438.872 428.182
104 417.000 414.099 414.920 415.492 415.189 413.793 414.068 414.360 414.967 414.728 414.907
105 429.000 428.013 423.424 422.636 425.934 421.845 418.144 415.674 423.798 420.945 418.543
106 434.000 424.308 420.972 428.138 425.338 423.427 423.406 424.015 423.502 425.036 424.448
107 442.000 427.216 427.183 423.980 422.578 428.939 427.045 423.574 419.592 425.164 424.169
108 410.000 411.085 412.316 412.585 410.859 409.848 411.172 411.555 412.334 411.908 412.962
109 335.000 371.304 362.789 379.755 357.854 382.443 370.722 365.441 362.039 366.904 374.742
110 515.000 509.109 500.796 502.050 499.244 493.733 501.818 503.217 490.303 508.291 511.134
111 400.000 411.131 412.423 416.917 412.116 408.719 409.967 411.518 411.402 409.243 410.639
112 429.000 424.635 426.046 429.704 435.678 425.097 427.768 430.194 431.051 425.160 424.153
113 432.000 443.705 449.812 447.761 449.447 454.921 454.407 452.164 441.541 451.453 441.105
114 335.000 333.280 331.775 332.813 330.199 332.652 331.886 332.846 330.937 332.260 331.399
115 395.000 400.203 391.872 402.543 403.320 386.044 387.890 395.815 389.704 390.114 395.509
116 341.000 350.079 352.008 345.983 356.027 357.090 356.142 344.126 352.199 348.399 361.557
117 425.000 417.557 413.792 416.625 417.521 418.018 414.198 417.353 416.084 417.035 414.907
118 351.000 359.098 359.832 360.080 355.959 358.606 356.641 354.358 356.458 361.353 358.013
119 315.000 326.909 327.232 324.696 323.294 327.527 326.301 327.467 327.348 324.294 324.636
120 320.000 342.875 332.000 345.383 328.145 337.045 329.511 330.578 335.375 338.014 329.721
121 588.000 565.428 554.824 557.369 561.283 559.817 570.103 565.606 549.341 559.789 558.876
122 469.000 483.226 466.363 475.958 453.387 470.714 455.906 470.579 486.257 459.797 469.154
123 321.000 345.340 343.990 343.636 347.664 351.389 351.276 345.839 343.180 347.196 339.327
124 310.000 423.107 444.529 419.469 428.553 431.900 419.021 442.468 419.011 429.661 428.538
125 362.000 452.415 448.744 438.596 434.910 444.021 459.883 442.747 450.976 441.859 449.012
126 332.000 361.075 365.228 364.006 364.175 371.012 367.496 360.426 357.660 363.408 365.837
127 307.000 335.197 334.485 333.132 339.559 334.541 335.925 336.645 332.002 341.773 331.073
128 400.000 404.913 405.066 406.509 406.564 406.726 406.695 407.292 407.336 406.541 404.913
129 490.000 475.089 456.742 465.543 466.081 478.421 470.461 472.703 462.463 472.230 466.320
130 354.000 364.687 370.243 367.372 358.683 363.365 364.424 366.746 365.465 365.918 367.102
131 326.000 346.492 343.033 341.966 346.142 343.774 342.859 342.958 342.413 343.971 341.935
132 326.000 350.866 354.780 351.902 350.569 343.835 349.305 348.689 349.346 363.781 353.838
133 409.000 415.742 418.949 415.280 418.500 419.906 416.441 416.658 420.248 415.173 418.413
134 562.000 440.375 441.233 443.299 443.246 439.198 439.549 437.121 437.324 442.452 438.962
135 332.000 366.009 347.923 341.382 350.040 352.676 340.941 352.985 361.383 346.224 348.052
136 472.000 441.617 437.522 441.577 438.956 437.536 440.180 433.973 437.148 442.591 434.182
137 405.000 413.936 413.658 417.867 417.293 416.118 416.599 415.255 416.793 414.237 416.959
138 394.000 412.933 409.976 411.091 412.484 409.382 410.865 412.010 412.851 412.214 410.638
139 324.000 334.267 341.093 344.165 341.897 341.665 340.362 341.620 342.353 341.704 345.517
140 555.000 547.450 546.249 555.332 550.469 552.029 542.938 547.677 549.784 554.792 552.541
141 324.000 337.958 341.615 343.722 338.412 341.440 344.668 340.608 339.541 339.539 343.073
142 422.000 430.526 436.614 440.511 428.865 428.141 432.247 433.655 431.414 432.144 427.398
143 429.000 435.236 427.699 427.393 432.554 443.100 434.412 435.755 427.182 439.437 434.594
144 314.000 342.697 353.345 359.164 334.240 336.162 398.141 332.428 381.500 338.063 342.499
145 445.000 431.378 418.117 439.248 398.771 437.851 432.629 413.154 429.257 426.444 419.119
146 420.000 434.340 428.517 425.305 431.447 429.156 428.743 428.072 425.537 423.058 426.951
147 350.000 354.425 353.275 353.286 353.904 353.449 352.931 354.187 358.353 356.821 356.540
148 381.000 376.135 362.889 368.479 380.205 372.076 384.617 376.382 361.048 390.261 365.969
149 340.000 341.594 340.146 345.346 344.707 341.309 343.071 344.046 340.230 342.446 344.593
150 462.000 486.956 473.293 481.412 477.631 479.524 480.526 471.099 469.680 475.252 469.764
151 545.000 552.641 542.338 539.814 534.237 546.930 541.185 542.158 541.419 543.008 533.506
152 401.000 383.565 393.071 398.049 387.349 391.590 389.598 385.374 383.926 384.940 377.361
153 450.000 451.857 445.499 453.847 442.486 446.788 448.965 452.179 446.914 462.406 450.058
154 495.000 504.331 478.375 526.575 477.231 493.233 512.969 496.850 490.106 502.227 513.124
155 415.000 402.755 402.309 394.395 382.342 393.568 397.705 407.726 422.241 406.156 392.137
156 580.000 554.684 560.875 566.137 553.841 544.963 558.821 554.071 539.304 562.560 538.612
157 412.000 426.168 415.395 415.786 414.187 420.988 419.404 415.407 421.713 417.802 420.272
158 446.000 441.862 440.619 453.918 465.681 443.636 454.137 440.380 444.693 447.958 435.306
159 330.000 339.855 340.845 340.159 338.139 341.301 338.114 340.222 336.150 340.767 341.328
160 325.000 336.681 328.184 334.190 334.357 344.713 333.198 326.440 336.392 338.047 335.711
161 316.000 389.924 428.115 389.183 393.445 400.978 412.505 399.509 415.472 408.546 392.587
162 408.000 412.933 414.736 408.837 411.946 411.533 411.268 412.556 409.806 415.518 410.351
163 428.000 406.987 412.106 406.085 416.423 413.382 410.960 416.543 409.673 419.030 414.221
164 396.000 431.416 411.388 423.095 394.383 383.060 417.295 424.180 431.904 412.453 412.295
165 385.000 348.559 347.143 355.992 347.012 345.467 349.676 344.583 345.968 346.717 356.964
166 335.000 333.276 332.545 334.543 339.921 334.635 335.664 334.646 339.770 332.815 335.984
167 339.000 331.056 329.282 329.504 332.669 330.945 332.169 331.296 332.702 334.798 331.773
168 419.000 433.497 432.069 432.588 428.776 433.757 431.263 437.046 434.085 436.033 429.468
169 321.000 324.631 327.058 325.614 326.743 326.922 324.967 323.658 325.849 326.633 325.855
170 419.000 416.500 415.284 415.768 416.136 414.367 418.459 417.385 415.428 413.932 415.677
171 423.000 423.721 423.418 425.410 424.169 427.544 423.509 423.189 423.042 425.985 423.594
172 416.000 422.562 424.061 424.995 430.473 424.300 426.699 420.523 422.824 416.668 424.193
173 434.000 407.298 408.558 416.852 409.442 409.986 420.419 420.108 410.703 410.543 416.517
174 329.000 338.243 333.689 339.683 336.307 336.443 334.819 334.723 339.330 337.347 334.536
175 450.000 432.154 426.615 430.409 431.938 427.353 426.854 428.688 418.007 431.525 425.198
176 333.000 343.201 339.736 344.788 340.445 342.259 340.616 341.302 340.178 337.786 341.491
177 420.000 407.884 422.637 409.665 409.646 404.104 417.500 413.777 417.543 419.764 413.534
178 315.000 337.595 337.895 346.399 336.285 339.344 336.802 338.018 343.174 343.943 338.577
179 349.000 347.411 350.336 346.782 347.148 350.364 347.091 352.692 345.085 341.038 349.591
180 431.000 370.221 371.608 367.422 363.546 357.900 369.682 367.632 367.050 363.451 365.388
181 407.000 416.718 416.075 413.792 415.026 417.948 416.879 416.587 413.485 414.756 416.781
182 424.000 416.835 415.435 416.086 416.136 414.742 415.202 414.986 415.354 417.650 415.093
183 425.000 431.521 429.866 427.764 430.725 422.100 425.634 427.161 426.866 436.901 433.370
184 588.000 539.810 547.887 539.937 549.683 556.843 563.025 546.193 554.333 571.003 529.910
185 332.000 343.166 345.035 338.332 341.512 339.960 342.277 340.708 341.141 340.180 337.925
186 379.000 402.174 397.123 398.186 403.614 388.280 404.908 380.865 403.570 405.107 410.881
187 586.000 588.217 586.962 583.072 587.486 586.640 586.637 584.104 585.010 586.310 585.831
188 528.000 521.145 546.595 548.610 549.852 559.992 546.174 533.055 555.556 553.239 569.615
189 425.000 442.117 450.913 450.341 453.353 442.440 453.025 451.962 452.112 443.536 447.292
190 398.000 405.598 404.161 400.398 403.723 402.446 405.235 402.421 403.896 402.598 401.385
191 492.000 487.263 495.333 483.945 496.182 484.941 492.308 501.092 497.633 493.487 486.604
192 395.000 412.118 410.587 415.397 412.704 410.743 412.480 411.603 410.882 410.960 410.397
193 503.000 458.632 469.162 462.411 474.172 467.749 471.682 467.515 459.555 474.561 465.542
194 402.000 415.457 416.457 416.574 415.949 417.385 417.371 416.427 414.120 413.389 415.239
195 316.000 334.259 337.533 336.394 335.251 331.248 332.367 332.000 335.205 333.331 331.443
196 537.000 491.940 490.614 486.447 488.904 493.663 494.799 495.249 493.563 494.160 469.251
197 426.000 389.646 400.834 387.105 400.917 394.280 402.265 406.846 385.271 393.104 403.258
198 414.000 436.633 439.164 436.452 439.711 428.054 438.432 430.539 434.801 440.250 437.493
199 460.000 536.611 526.416 531.475 532.403 517.173 525.776 575.362 533.952 531.927 531.753
200 438.000 434.339 439.365 430.656 427.987 437.330 446.041 440.357 438.952 433.974 454.327
201 418.000 424.564 423.245 423.460 424.759 431.470 422.862 426.100 423.454 427.334 424.201
202 432.000 376.521 389.106 376.627 380.530 381.927 384.100 382.379 376.478 383.934 391.192
203 422.000 424.332 427.242 422.598 428.002 426.549 417.657 426.281 425.162 413.372 424.336
204 450.000 428.944 426.537 418.495 425.621 423.478 423.025 432.403 432.400 431.010 430.672
205 362.000 347.491 351.556 359.474 359.943 349.332 350.545 352.237 345.760 349.187 360.748
206 500.000 473.966 463.542 473.520 468.496 472.727 459.346 457.550 462.637 464.967 476.018
207 361.000 354.111 362.065 364.689 370.561 362.480 363.539 362.904 357.958 355.659 364.090
208 439.000 432.911 431.976 426.721 435.935 428.813 421.477 423.473 431.014 435.539 421.185
209 382.000 377.693 394.524 369.346 380.688 361.939 351.690 368.212 390.164 368.507 376.458
210 446.000 450.259 452.700 455.753 437.530 458.180 455.093 465.060 443.623 437.303 460.345
211 420.000 424.773 424.769 428.242 421.169 421.486 423.723 425.865 425.833 425.502 418.543
212 420.000 411.806 419.033 418.302 415.754 417.260 416.888 417.923 415.980 419.282 417.349
213 488.000 409.411 394.940 402.217 397.417 384.911 383.694 387.766 390.840 394.889 396.296
214 395.000 417.756 409.882 410.078 416.019 409.902 417.541 414.266 408.030 412.049 410.076
215 399.000 415.447 415.062 414.416 410.719 416.754 415.495 413.841 415.000 413.258 418.990
216 356.000 357.755 358.160 357.867 359.962 357.950 358.056 358.816 355.455 358.874 355.370
217 440.000 431.822 424.118 432.526 420.148 425.818 427.193 433.913 423.299 412.343 429.535
218 342.000 410.133 410.609 407.285 414.031 416.966 416.810 412.379 413.525 410.014 414.650
219 535.000 386.753 407.984 394.585 418.142 390.327 409.579 414.933 406.432 398.185 395.569
220 525.000 460.350 472.654 479.705 454.807 457.695 460.809 485.283 467.906 480.463 472.170
221 526.000 536.637 537.415 526.905 538.169 542.149 533.196 532.271 540.198 534.317 532.704
222 318.000 341.735 340.845 340.603 336.891 340.057 340.042 337.794 336.670 337.425 336.581
223 518.000 491.016 498.440 495.390 498.666 499.003 484.997 490.987 514.766 517.376 488.970
224 366.000 363.828 366.145 369.098 364.674 364.171 367.190 365.817 362.516 361.914 365.090
225 349.000 358.386 356.326 353.489 356.673 353.310 358.071 353.662 354.232 354.150 359.229
226 396.000 405.457 404.683 407.009 405.652 405.962 406.996 404.176 406.590 408.904 407.456
227 380.000 371.540 371.454 367.841 367.326 369.366 371.636 372.571 372.068 370.181 368.355
228 375.000 362.544 364.288 355.857 362.384 355.650 358.155 358.771 361.329 354.689 365.306
229 455.000 441.034 441.328 453.577 446.324 444.880 443.282 446.076 440.603 437.756 441.033
230 428.000 444.129 441.428 447.718 446.946 445.286 441.068 446.221 447.550 445.767 443.203
231 334.000 334.673 329.867 335.138 335.612 331.795 332.754 332.845 334.364 331.798 332.643
232 337.000 332.262 330.378 333.061 329.109 330.582 333.561 333.445 331.905 329.423 330.047
233 418.000 423.964 421.505 424.866 422.877 422.150 422.658 421.523 422.305 414.748 424.751
234 310.000 330.997 342.030 343.029 333.469 334.883 334.333 337.308 345.977 339.107 344.963
235 395.000 404.892 407.600 407.982 405.652 404.690 405.902 405.291 407.084 408.653 405.846
236 450.000 418.189 414.315 416.420 415.183 418.392 419.917 425.614 408.676 428.035 413.793
237 368.000 369.751 370.794 364.470 366.235 365.205 366.947 366.555 362.378 366.445 367.526
238 468.000 488.349 480.379 487.421 476.093 476.135 476.664 481.796 483.924 478.029 483.173
239 305.000 334.254 331.567 327.831 333.297 329.797 331.801 332.963 333.323 338.350 333.525
240 303.000 342.580 348.822 365.712 345.730 341.676 347.945 343.392 349.935 344.043 337.252
241 316.000 324.830 326.434 323.857 327.354 328.776 332.792 327.217 322.666 330.422 326.962
242 360.000 333.733 358.647 346.943 343.407 347.058 359.835 350.102 336.946 358.005 356.037
243 466.000 439.344 438.549 436.233 445.715 444.343 436.585 433.441 437.993 439.479 439.617
244 422.000 439.679 423.632 435.554 419.995 436.611 430.751 436.351 436.787 436.218 430.588
245 418.000 367.144 397.189 394.765 398.482 391.885 421.401 374.581 381.067 404.107 416.126
246 409.000 413.764 413.488 415.812 417.986 416.710 418.459 414.439 415.440 414.756 414.955
247 326.000 343.534 344.382 340.178 339.214 342.275 343.131 341.131 343.620 342.070 344.293
248 328.000 361.045 359.930 365.612 354.533 353.306 363.069 363.114 375.625 375.621 369.571
249 369.000 375.775 369.379 362.725 375.867 376.931 353.351 364.379 363.124 362.787 366.734
250 346.000 344.416 348.254 349.490 354.427 340.834 344.563 349.994 351.723 347.160 349.977
251 407.000 414.831 416.746 415.152 417.048 416.696 417.772 417.119 413.350 413.547 419.534
252 414.000 362.343 368.644 361.577 362.105 368.950 360.145 360.366 361.141 369.268 361.200
253 501.000 488.432 468.511 468.741 497.954 467.390 488.570 493.902 485.103 483.913 473.839
254 421.000 417.318 413.488 415.812 415.413 417.442 418.459 414.986 415.274 414.756 416.192
255 316.000 346.783 338.529 333.670 335.191 346.194 347.328 334.164 340.736 355.485 329.537
256 328.000 339.287 339.593 344.204 342.986 338.294 341.327 337.953 338.105 345.447 345.286
257 445.000 480.197 467.314 478.835 472.566 478.476 457.463 473.050 488.786 477.850 483.450
258 371.000 363.394 364.090 358.989 362.954 365.002 358.431 358.440 362.761 369.290 362.015
259 484.000 442.058 448.772 422.827 439.471 451.554 440.893 455.166 447.516 442.949 455.170
260 418.000 416.321 414.974 422.333 419.210 414.872 414.594 415.639 413.342 418.720 416.894
261 371.000 362.611 361.214 361.362 356.607 353.343 357.640 354.071 358.988 358.634 356.639
262 331.000 338.759 340.316 337.822 340.117 339.960 341.852 340.413 335.142 339.790 340.247
263 586.000 550.522 558.349 545.867 538.018 546.691 545.701 551.098 550.341 545.953 546.319
264 434.000 433.108 440.656 433.240 425.135 434.747 433.685 423.150 422.510 436.113 419.476
265 412.000 435.154 430.332 431.511 432.811 435.171 434.146 431.543 426.035 434.036 431.001
266 483.000 344.108 354.461 357.771 363.579 355.695 356.671 352.811 352.905 346.772 366.409
267 393.000 404.352 397.076 393.551 391.522 395.362 398.905 398.780 398.232 389.436 392.357
268 386.000 396.645 397.423 395.728 393.330 392.264 390.096 399.249 402.427 387.936 387.797
269 344.000 389.036 389.012 401.231 396.714 386.485 389.667 393.307 392.231 380.743 378.702
270 392.000 366.604 367.304 364.573 349.069 353.041 371.496 365.108 359.661 358.920 364.584
271 460.000 433.310 430.441 432.889 436.302 440.100 422.293 448.758 429.414 434.061 440.591
272 321.000 331.279 333.956 333.020 330.519 332.865 332.576 332.869 333.566 332.625 334.862
273 311.000 354.862 349.353 349.144 352.322 350.969 343.136 356.609 341.724 345.762 359.528
274 391.000 384.810 398.254 402.419 392.578 393.628 379.615 396.043 379.868 382.651 387.702
275 431.000 434.257 434.519 427.225 431.346 442.066 440.134 432.899 426.179 434.806 434.101
276 357.000 354.952 359.308 357.655 354.211 359.280 354.224 355.021 355.922 355.981 357.832
277 414.000 402.026 400.214 402.845 405.945 408.605 404.193 402.858 398.742 405.783 404.045
278 452.000 437.016 437.035 431.750 434.339 433.518 435.695 434.915 430.126 436.580 435.901
279 437.000 412.360 415.477 408.857 415.056 409.749 412.127 411.437 408.167 414.655 407.705
280 315.000 329.261 328.034 326.695 330.674 328.813 328.300 328.237 325.569 329.101 328.305
281 435.000 435.618 433.766 433.859 428.616 440.575 435.653 432.456 438.863 436.953 438.844
282 448.000 433.048 434.731 435.384 435.205 429.772 427.073 426.949 433.425 434.134 434.375
283 416.000 419.303 419.030 419.699 421.224 415.438 421.180 417.649 417.205 418.423 416.725
284 328.000 349.118 341.070 343.659 345.507 346.696 340.468 344.155 347.080 339.901 342.442
285 390.000 407.016 407.464 407.009 406.614 404.264 406.010 406.578 407.674 409.095 407.445
286 310.000 328.558 351.165 344.177 332.626 343.958 397.141 343.144 336.163 352.847 347.367
287 365.000 367.456 356.098 363.382 362.100 360.994 360.486 360.339 361.386 355.431 361.145
288 402.000 380.937 377.333 379.679 358.834 356.180 383.706 377.019 381.345 368.202 394.609
289 372.000 377.238 387.989 368.855 389.831 388.553 356.615 360.331 364.497 375.398 399.196
290 428.000 408.037 416.633 407.050 423.894 433.558 427.074 409.429 410.956 421.919 427.745
291 267.000 412.533 405.553 418.950 402.461 398.147 411.481 407.050 413.690 388.399 396.391
292 330.000 336.169 334.965 334.866 333.336 333.020 334.844 336.194 331.552 339.209 332.986
293 598.000 584.635 567.851 570.739 581.887 582.067 573.914 581.409 586.965 582.805 585.456
294 392.000 416.985 418.160 416.206 412.476 416.059 417.704 424.368 421.163 422.358 425.244
295 430.000 498.266 488.064 474.768 497.885 486.427 502.157 488.898 506.741 495.767 490.081
296 340.000 357.855 368.854 359.526 358.487 349.507 362.394 359.649 358.822 349.586 368.675
297 312.000 331.662 333.703 333.011 333.703 329.998 333.137 336.079 332.801 335.437 332.598
298 327.000 346.264 352.361 343.608 338.061 352.764 349.040 347.546 343.759 348.468 343.915
299 342.000 354.496 357.626 356.266 352.544 356.787 364.284 364.682 358.736 357.472 356.902
300 417.000 415.870 424.421 423.620 425.294 423.321 423.408 415.370 421.886 422.401 423.500
301 318.000 329.707 331.517 330.568 329.564 329.099 328.458 328.323 329.923 331.933 329.331
302 329.000 335.391 327.447 328.725 329.570 330.084 331.440 335.496 330.292 337.117 334.011
303 339.000 344.443 335.561 337.457 337.446 332.025 334.743 334.112 334.130 337.979 338.598
304 334.000 337.532 333.755 333.068 335.101 334.448 335.179 342.009 332.298 335.192 333.673
305 346.000 517.694 523.047 515.480 509.887 523.654 509.639 514.646 527.344 502.581 508.016
306 420.000 418.058 413.233 415.957 415.770 417.260 419.419 412.891 416.867 417.018 418.453
307 371.000 390.376 365.653 377.457 370.437 377.002 355.891 365.306 366.693 369.152 360.605
308 560.000 561.878 583.033 569.914 568.498 560.263 573.039 571.852 573.812 576.326 572.627
309 512.000 524.767 517.164 528.355 512.239 511.564 525.468 519.008 528.774 514.409 518.578
310 410.000 410.523 411.885 411.763 409.337 411.657 412.588 412.421 415.740 413.864 414.186
311 473.000 461.881 463.566 454.542 435.776 456.682 458.588 457.737 463.173 458.441 459.407
312 427.000 417.400 422.884 416.060 421.799 415.438 417.121 417.830 421.312 417.232 417.922
313 326.000 353.454 350.584 350.009 350.118 342.066 350.186 341.424 354.641 355.875 355.289
314 405.000 410.051 409.084 409.847 409.220 405.361 401.627 404.607 407.251 403.936 404.049
315 442.000 433.520 432.922 427.604 447.169 438.810 433.374 437.005 438.515 435.118 442.034
316 330.000 355.326 340.015 348.318 344.347 343.939 351.839 336.563 344.141 336.305 334.313
317 328.000 334.107 328.943 329.079 327.147 328.234 332.800 332.455 328.663 327.568 331.446
318 436.000 431.226 429.739 429.222 428.256 429.916 426.784 430.888 430.550 430.883 428.254
319 410.000 414.518 414.046 415.521 415.327 417.208 413.997 415.912 416.957 414.360 416.366
320 462.000 437.804 436.572 441.781 435.496 435.895 443.795 436.779 432.705 433.400 433.293
321 471.000 452.248 453.096 453.295 454.890 446.185 440.851 453.278 452.410 450.316 440.784
322 427.000 430.014 425.353 425.896 430.514 425.609 422.946 428.474 429.009 427.626 425.216
323 464.000 445.223 446.514 444.787 447.153 449.697 445.200 444.761 448.154 448.371 444.300
324 446.000 438.862 439.154 433.457 441.244 431.271 438.323 432.533 446.222 444.145 436.032
325 583.000 579.478 579.030 580.776 576.570 578.964 583.267 582.057 577.249 577.547 583.904
326 562.000 479.644 509.000 487.277 504.044 495.442 484.413 498.274 498.457 504.857 497.831
327 313.000 349.184 339.618 335.897 331.997 344.130 338.247 346.013 337.098 341.464 330.724
328 422.000 437.620 431.687 444.700 436.735 434.459 426.373 440.180 434.801 435.255 436.322
329 382.000 431.876 413.707 404.596 406.762 415.119 405.301 412.031 414.535 421.355 412.108
330 398.000 358.805 372.763 393.600 387.811 378.037 384.393 366.363 370.312 383.785 365.743
331 371.000 362.947 379.874 356.787 371.945 367.267 367.265 377.677 377.664 368.222 375.769
332 414.000 412.116 411.222 410.966 410.560 411.819 409.885 411.555 411.780 411.232 412.501
333 440.000 434.716 424.459 460.239 423.167 430.465 433.986 424.147 441.950 441.259 440.680
334 599.000 591.734 581.531 583.845 576.489 580.132 580.058 570.228 578.764 595.996 586.175
335 353.000 352.314 352.374 353.562 355.729 351.312 356.774 357.040 353.539 359.997 355.503
336 404.000 434.027 441.909 435.785 431.623 429.920 423.659 436.336 448.954 440.958 446.301
337 406.000 420.810 419.488 416.650 416.233 419.402 425.404 419.710 416.851 417.191 417.852
338 324.000 337.744 341.138 342.107 342.338 341.147 340.443 342.570 342.502 340.368 343.040
339 337.000 335.118 335.019 337.052 333.114 333.090 335.514 335.503 333.002 334.231 333.573
340 395.000 415.622 416.527 415.242 415.590 416.908 416.200 415.695 417.571 415.773 412.092
341 407.000 419.408 416.754 420.735 419.682 420.398 418.110 418.128 417.948 423.023 419.179
342 330.000 357.031 357.769 356.941 352.174 364.938 360.127 362.715 347.461 356.848 358.791
343 417.000 440.635 438.712 434.416 436.277 438.426 435.749 433.007 439.055 432.398 433.771
344 395.000 411.112 411.358 408.991 411.386 413.363 409.536 410.713 409.007 411.024 409.140
345 503.000 398.488 394.974 395.786 398.603 393.205 393.971 398.058 397.713 398.819 396.395
346 448.000 441.170 447.906 432.730 442.229 443.306 449.841 435.350 434.251 445.429 432.732
347 363.000 343.703 346.868 356.142 345.643 348.326 348.846 344.527 344.871 346.086 343.965
348 386.000 366.270 373.295 364.813 371.035 372.773 367.875 363.278 372.084 371.741 365.711
349 330.000 332.815 335.019 336.708 335.947 334.332 333.991 335.010 336.032 333.078 333.907
350 488.000 346.432 342.971 349.587 345.726 341.991 350.223 344.982 347.903 349.947 347.365
351 479.000 461.431 455.443 454.441 475.791 466.645 466.986 457.947 461.226 464.453 466.426
352 338.000 329.471 334.498 330.049 340.118 340.450 349.230 336.170 342.224 336.617 346.443
353 456.000 443.968 442.979 451.682 453.266 441.475 442.291 448.128 453.738 459.743 460.059
354 418.000 471.462 473.617 474.966 492.642 459.138 479.605 477.240 476.905 474.634 467.662
355 322.000 342.859 338.169 344.165 338.870 341.196 342.510 342.585 345.122 341.400 341.645
356 321.000 325.276 326.119 327.608 329.277 327.231 327.294 324.317 327.605 327.202 322.597
357 335.000 359.150 361.539 357.001 355.022 362.386 372.825 364.381 357.169 362.369 359.864
358 394.000 406.822 407.335 403.928 405.870 406.217 405.801 408.588 405.470 406.769 407.166
359 398.000 430.929 424.321 431.655 436.508 414.991 426.635 440.736 433.879 430.996 424.964
360 421.000 414.016 419.852 432.476 433.954 425.481 431.921 435.166 417.448 425.224 422.401
361 364.000 354.771 361.301 361.295 357.074 366.076 361.245 364.139 356.748 363.590 360.518
362 322.000 341.986 339.400 343.722 339.127 342.739 345.152 340.009 339.484 340.767 336.759
363 446.000 468.015 466.649 470.455 457.373 467.428 461.383 472.203 457.172 469.549 465.460
364 340.000 349.460 336.559 342.849 334.124 341.176 334.396 338.171 336.580 342.192 335.296
365 340.000 390.045 367.936 377.708 376.645 376.606 369.055 373.927 367.934 372.830 379.267
366 452.000 357.254 371.340 380.819 363.296 368.474 352.092 357.145 361.021 376.429 389.331
367 367.000 360.166 358.568 361.148 360.065 359.866 364.438 358.791 372.299 362.618 358.751
368 425.000 433.271 430.845 435.001 437.691 435.037 431.434 431.868 436.339 428.546 433.440
369 399.000 371.159 349.301 358.174 350.699 356.123 362.734 357.865 359.922 355.623 364.128
370 420.000 422.965 421.155 429.643 424.548 418.563 420.627 423.318 418.359 421.138 420.803
371 526.000 550.738 556.004 552.244 549.080 551.220 543.172 549.170 546.350 552.627 552.911
372 343.000 351.113 356.288 362.816 367.919 386.860 380.666 370.348 364.530 357.423 365.168
373 420.000 436.528 422.705 427.441 442.111 437.579 434.215 435.141 434.141 427.618 422.830
374 403.000 421.138 412.303 414.626 417.743 415.539 411.426 417.712 421.217 413.800 411.600
375 495.000 480.321 486.446 478.818 492.735 472.999 479.432 486.876 475.386 471.382 473.336
376 564.000 485.370 480.778 486.995 481.050 476.179 473.798 473.296 468.083 457.865 484.480
377 420.000 555.275 514.409 542.480 541.327 539.760 537.427 550.418 550.405 537.598 543.365
378 414.000 422.135 422.609 423.624 417.923 420.504 422.204 419.309 421.886 421.105 424.185
379 328.000 327.506 330.104 326.040 333.933 331.061 328.231 334.119 326.488 326.022 327.306
380 546.000 448.839 444.984 442.934 442.695 444.076 444.097 446.408 438.562 435.885 448.103
381 323.000 331.942 328.453 336.000 328.246 328.980 327.925 329.114 332.181 327.488 329.592
382 413.000 415.388 415.337 416.030 414.038 414.179 416.846 416.312 417.931 414.996 413.089
383 360.000 388.958 378.745 374.948 393.978 387.633 380.703 394.536 399.248 375.619 400.488
384 411.000 413.790 413.995 415.194 413.551 412.515 413.767 412.513 413.495 416.726 413.117
385 346.000 334.835 337.554 332.353 338.083 335.174 336.851 337.173 331.705 339.485 336.942
386 449.000 432.249 442.421 425.107 441.536 435.339 427.865 439.582 427.020 430.284 432.289
387 389.000 388.166 376.472 371.185 384.428 370.202 376.909 385.957 384.358 386.821 394.571
388 340.000 362.314 376.169 364.255 374.531 367.293 363.840 369.826 381.052 374.580 387.357
389 343.000 333.178 330.833 331.532 331.795 333.527 334.315 332.614 334.603 333.247 332.799
390 404.000 412.947 416.107 415.300 414.587 417.849 421.318 426.449 435.516 416.837 427.164
391 451.000 443.477 450.836 437.252 444.771 439.692 458.303 440.260 445.593 445.354 447.367
392 359.000 348.456 347.442 346.173 349.241 346.850 348.671 349.283 345.809 346.026 348.369
393 410.000 416.294 416.278 417.654 415.712 417.957 416.083 414.670 417.226 416.736 416.588
394 340.000 371.363 339.488 362.953 355.611 347.046 348.405 355.239 349.053 356.834 359.581
395 504.000 474.874 453.125 450.886 453.719 474.698 461.410 445.617 457.997 456.096 459.803
396 546.000 541.671 552.771 549.280 493.584 513.322 549.315 544.138 542.381 559.053 553.688
397 392.000 386.678 384.328 386.768 393.781 382.238 374.430 400.809 377.749 386.672 388.692
398 413.000 420.828 425.315 423.143 419.925 422.386 417.016 423.772 417.411 423.453 421.459
399 325.000 363.444 356.052 357.956 353.409 356.913 355.907 360.412 372.875 370.994 356.372
400 297.000 329.124 327.321 328.224 323.718 324.806 325.770 326.121 325.040 327.008 324.994
401 397.000 411.449 412.517 411.011 411.073 412.692 412.480 410.801 411.419 413.150 412.503
402 428.000 425.021 422.937 432.099 395.982 424.592 428.621 430.621 429.769 438.225 424.627
403 440.000 424.361 430.839 422.013 427.069 425.529 425.733 425.469 426.749 421.650 422.710
404 604.000 584.135 596.862 583.496 592.800 561.670 596.372 583.163 587.435 589.190 589.889
405 442.000 435.452 435.080 441.061 438.195 439.876 426.631 439.266 440.754 442.820 439.095
406 462.000 467.969 454.284 463.311 467.432 463.597 467.180 471.904 464.487 462.737 461.526
407 491.000 484.080 471.281 475.280 478.769 483.990 481.350 475.662 482.594 483.337 461.988
408 495.000 485.153 477.415 483.971 478.792 463.839 476.235 487.063 480.253 477.403 464.437
409 394.000 339.205 344.784 346.157 346.261 343.869 346.845 345.631 344.273 345.681 347.066
410 320.000 343.527 340.270 347.828 337.924 337.513 341.572 345.840 341.827 342.349 338.272
411 445.000 451.795 453.537 455.523 442.523 455.862 450.092 455.450 461.272 458.447 469.414
412 350.000 336.089 336.886 334.933 339.125 339.639 336.792 333.858 334.845 335.396 335.768
413 332.000 336.934 342.558 346.918 342.339 346.651 344.619 345.624 346.182 347.161 342.014
414 411.000 416.789 421.827 422.442 418.831 426.714 420.366 418.379 422.853 428.672 418.667
415 341.000 390.885 346.521 394.724 393.171 394.244 389.645 388.887 392.462 386.304 395.568
416 452.000 458.409 462.537 464.613 463.269 462.671 461.725 454.514 463.440 459.980 457.176
417 398.000 409.118 402.906 407.528 408.509 402.001 406.920 404.872 414.335 402.743 406.232
418 357.000 359.027 357.881 352.202 353.673 354.480 354.984 359.262 350.655 358.012 358.329
419 410.000 418.816 429.054 423.156 424.588 426.299 424.426 424.277 423.727 419.657 425.757
420 411.000 388.516 374.084 390.223 393.383 364.872 389.643 380.457 389.009 381.070 384.171
421 316.000 333.453 335.607 327.888 333.320 338.972 386.434 352.109 358.575 327.763 332.317
422 454.000 419.391 419.595 420.653 418.179 417.449 419.547 418.195 417.719 418.052 417.493
423 492.000 496.308 503.756 491.646 505.967 478.932 487.055 488.911 475.324 493.442 500.001
424 405.000 415.542 421.562 417.162 416.737 420.738 421.591 419.241 421.675 422.143 417.711
425 357.000 357.385 349.479 357.298 358.798 347.820 354.576 357.284 363.009 348.031 352.116
426 424.000 416.500 415.597 415.812 415.949 414.833 414.257 415.246 414.929 416.475 414.369
427 335.000 354.509 353.547 346.908 350.589 354.175 359.426 367.314 357.064 362.011 358.063
428 438.000 451.036 445.870 443.628 451.311 448.393 445.591 444.674 446.224 461.836 462.448
429 525.000 390.438 366.657 381.307 370.196 369.002 387.400 370.590 395.740 372.085 372.260
430 331.000 364.140 373.193 383.626 374.202 380.911 371.294 365.234 407.816 365.384 372.079
431 431.000 426.857 431.530 430.658 432.178 427.874 430.634 426.613 425.884 428.393 424.760
432 591.000 577.103 579.806 585.550 580.041 565.165 573.578 585.840 575.695 589.053 567.284
433 414.000 416.124 423.164 418.181 416.660 416.296 423.299 414.468 417.897 419.147 423.082
434 388.000 372.804 377.460 370.032 370.363 367.908 372.911 374.291 371.733 375.696 369.551
435 585.000 534.067 529.027 523.039 483.724 549.789 525.859 536.104 516.943 511.398 532.873
436 398.000 411.735 407.780 408.404 409.104 410.454 410.152 409.209 408.626 410.611 410.680
437 441.000 372.303 394.693 381.143 379.899 371.854 394.389 379.361 384.670 401.335 382.161
438 309.000 326.617 326.231 325.335 326.122 326.020 325.039 326.006 325.412 325.979 327.022
439 518.000 513.501 531.624 537.445 526.273 528.134 530.916 531.417 542.859 533.377 528.205
440 416.000 416.153 415.208 419.362 417.986 417.442 414.352 413.503 414.382 414.824 416.188
441 412.000 417.338 414.383 413.313 414.428 413.044 415.593 416.208 420.148 418.787 419.113
442 385.000 379.286 371.322 391.550 389.400 379.873 392.741 383.793 375.561 388.127 388.341
443 325.000 341.964 342.273 339.990 346.323 343.492 345.632 341.131 340.210 339.372 344.700
444 325.000 334.131 335.762 333.079 332.816 340.544 335.848 338.161 334.719 333.214 338.875
445 328.000 342.678 351.516 354.040 343.952 354.012 340.092 356.656 351.343 349.793 365.217
446 397.000 412.116 413.054 411.964 412.178 411.624 411.934 411.762 410.982 412.090 412.977
447 407.000 413.381 412.744 415.758 411.639 411.361 413.094 413.316 414.727 412.234 413.081
448 491.000 461.486 446.265 432.371 446.208 433.093 451.674 448.392 435.792 458.868 445.663
449 328.000 330.628 323.728 328.287 326.221 326.018 328.470 327.432 336.666 330.698 323.094
450 430.000 419.850 421.463 439.699 425.060 414.954 426.247 421.583 415.198 419.869 423.734
451 413.000 391.612 399.735 395.558 390.390 397.918 395.287 391.034 391.639 394.940 393.579
452 364.000 370.450 363.153 363.759 366.160 371.443 376.548 376.568 370.475 367.309 374.343
453 404.000 401.478 389.358 397.878 391.032 401.206 397.483 403.469 400.685 406.544 405.375
454 431.000 429.752 413.494 428.655 433.817 429.824 422.208 416.315 413.262 427.709 435.448
455 461.000 448.084 451.446 442.246 442.418 452.397 445.670 442.150 447.220 447.798 451.221
456 346.000 365.599 362.701 356.737 369.483 371.950 363.967 356.387 356.484 362.014 357.360
457 461.000 444.647 447.108 444.788 443.189 442.186 445.807 446.192 441.725 443.499 436.670
458 446.000 442.672 436.199 444.729 441.784 448.322 443.360 447.553 434.455 438.778 454.245
459 334.000 330.932 333.045 331.777 331.654 332.592 332.788 331.943 330.937 333.034 332.132
460 368.000 356.357 369.773 355.439 371.274 361.967 365.108 360.413 361.571 358.129 362.760
461 421.000 355.279 356.332 347.095 362.954 353.147 359.180 356.751 358.621 353.506 357.146
462 536.000 565.900 558.810 553.072 549.577 564.363 553.318 562.835 541.694 559.126 559.080
463 399.000 423.085 425.920 430.107 426.108 426.042 427.359 426.441 428.659 432.647 426.304
464 584.000 587.039 586.640 582.889 575.345 586.739 584.838 587.636 587.210 585.088 582.821
465 592.000 576.197 583.086 581.955 564.999 575.080 577.289 586.415 574.273 584.846 563.590
466 450.000 440.261 444.365 449.394 444.591 445.251 450.944 440.270 443.338 440.456 454.520
467 359.000 349.900 354.938 357.051 360.341 355.714 348.983 355.255 356.987 352.345 353.933
468 325.000 338.492 341.615 340.681 341.055 346.351 341.119 341.993 343.969 345.025 339.479
469 315.000 350.459 345.814 345.889 353.563 363.576 359.880 354.003 370.285 357.363 336.741
470 411.000 378.569 369.740 381.461 376.080 366.042 357.076 374.279 369.514 339.094 408.672
471 548.000 538.096 536.983 541.047 547.513 539.391 544.741 535.965 528.693 531.809 547.073
472 450.000 422.829 425.178 426.983 430.783 423.122 426.024 430.705 427.913 428.039 432.436
473 310.000 344.985 342.168 341.265 340.573 349.370 341.371 347.763 346.105 347.404 344.329
474 362.000 340.280 344.844 343.013 341.037 340.512 343.818 340.992 338.845 339.520 342.352
475 322.000 334.223 332.587 329.092 334.574 330.186 335.133 333.880 330.292 328.390 331.009
476 396.000 412.225 412.698 411.352 411.266 411.428 412.480 412.141 410.782 411.759 413.117
477 408.000 418.478 417.877 419.516 426.651 425.593 420.164 424.644 418.285 421.524 414.741
478 540.000 526.477 517.801 525.071 526.299 505.697 524.984 529.507 533.175 531.186 518.007
479 399.000 410.206 407.037 406.305 408.491 404.662 415.273 412.362 410.903 408.334 409.289
480 448.000 449.841 448.305 448.667 450.695 448.035 449.170 449.833 447.248 454.502 452.505
481 460.000 408.506 409.394 407.886 410.060 413.786 408.900 408.776 409.020 411.253 412.920
482 331.000 342.454 341.011 343.053 346.323 343.180 344.558 342.570 342.452 341.795 345.942
483 448.000 425.369 417.421 426.154 423.898 420.265 435.477 420.327 427.453 426.003 422.565
484 444.000 421.605 423.204 423.468 421.301 423.663 425.867 422.581 421.751 423.601 418.089
485 336.000 346.378 346.066 339.364 343.083 341.318 344.047 347.538 340.264 342.399 344.545
486 502.000 432.900 471.981 463.514 475.862 464.786 462.045 458.590 465.361 462.130 464.944
487 409.000 424.425 428.579 429.338 419.007 412.805 424.333 430.903 413.122 422.313 429.476
488 405.000 416.718 414.545 416.535 415.021 417.944 415.803 413.110 415.074 413.377 413.854
489 555.000 558.774 556.389 553.247 556.713 560.026 558.579 561.710 561.589 556.533 550.138
490 427.000 426.099 427.881 425.855 428.975 433.419 422.946 427.655 429.087 427.134 423.230
491 452.000 435.334 432.482 437.505 440.135 433.994 437.782 432.921 430.248 442.627 437.826
492 329.000 349.700 353.110 349.243 344.980 346.404 343.999 350.964 349.436 348.714 351.992
493 491.000 499.418 484.943 477.319 473.607 521.780 489.277 521.579 464.169 465.971 522.243
494 440.000 429.728 432.911 437.572 434.479 431.865 409.780 425.593 436.541 424.385 427.921
495 363.000 352.841 354.303 350.598 355.558 351.407 360.732 362.048 344.638 356.125 357.849
496 432.000 443.481 439.209 449.550 443.003 440.354 441.173 442.147 425.959 452.568 438.806
497 514.000 483.801 485.405 468.017 476.474 482.685 477.764 482.939 480.309 477.066 483.674
498 536.000 548.575 544.714 550.190 546.305 541.632 542.338 549.095 535.471 547.963 572.775
499 462.000 425.623 432.033 438.731 429.175 426.746 428.169 430.025 430.071 428.462 429.397
500 510.000 500.403 489.716 494.315 493.701 491.058 470.399 494.150 469.228 508.012 490.539
501 357.000 378.766 370.805 370.594 369.494 385.395 370.517 381.888 379.822 371.994 370.614
502 418.000 397.095 407.447 404.809 387.022 401.467 407.159 401.734 397.940 401.589 405.268
503 406.000 372.157 361.905 355.177 348.626 366.854 379.812 364.361 364.211 370.898 365.424
504 464.000 410.808 412.642 418.531 405.485 421.618 390.908 385.466 393.510 399.240 398.830
505 400.000 407.971 405.916 407.324 408.287 404.784 405.303 405.202 406.941 406.202 405.888
506 400.000 416.815 411.821 413.597 424.908 418.527 417.643 412.065 416.182 426.813 417.338
507 333.000 339.402 346.421 345.969 343.418 343.312 349.733 342.899 342.768 345.662 348.286
508 452.000 537.555 536.422 542.252 518.751 524.327 535.868 506.925 519.868 534.296 522.486
509 586.000 563.294 564.443 548.638 534.637 562.143 558.122 555.179 562.465 560.766 566.773
510 461.000 440.285 436.681 437.266 435.267 434.334 427.568 445.665 445.345 442.745 425.740
511 606.000 575.686 584.731 582.713 563.769 580.886 589.925 572.682 573.703 591.007 586.699
512 338.000 354.019 347.278 350.497 366.345 366.674 358.252 352.317 355.386 355.673 351.988
513 368.000 371.490 389.375 371.637 381.461 363.188 371.879 372.361 370.276 370.287 369.472
514 442.000 433.154 433.882 431.532 433.246 432.298 433.400 430.640 430.525 430.596 429.378
515 417.000 418.430 422.189 418.923 419.805 418.009 418.623 417.992 420.651 421.094 417.473
516 328.000 327.359 327.332 328.056 329.427 327.878 326.594 327.465 325.857 327.914 325.533
517 477.000 476.887 474.662 472.430 480.135 468.681 487.978 488.938 485.906 472.419 484.749
518 350.000 330.863 334.383 334.096 333.454 331.980 334.854 335.323 331.974 333.753 334.408
519 421.000 419.479 416.710 418.713 417.478 415.336 415.615 419.177 418.440 421.117 416.735
520 592.000 552.639 530.374 555.436 547.694 549.114 537.049 541.008 561.167 548.418 553.771
521 422.000 432.510 434.677 433.910 432.436 437.498 435.430 438.726 439.276 439.288 441.815
522 473.000 480.897 483.468 476.984 481.106 471.435 478.549 482.756 481.164 480.278 474.093
523 567.000 550.125 567.869 568.513 549.925 550.098 571.819 565.923 570.418 564.263 570.241
524 425.000 406.270 411.653 408.028 401.213 417.628 410.077 400.893 397.623 401.661 395.178
525 429.000 453.669 443.744 456.081 445.038 448.587 438.689 459.730 445.942 451.598 466.954
526 351.000 357.431 358.143 354.045 354.311 351.312 358.640 356.753 354.379 358.464 358.228
527 416.000 415.944 420.593 415.666 414.254 418.413 414.316 415.016 417.425 414.818 417.165
528 354.000 357.248 356.024 357.036 350.725 353.333 359.441 366.521 362.792 357.922 368.931
529 524.000 533.265 538.557 538.021 520.746 528.416 530.986 530.099 529.041 528.638 530.528
530 334.000 357.253 365.385 361.278 361.722 364.898 354.810 352.393 358.925 361.808 356.065
531 462.000 425.623 437.774 437.160 438.286 441.430 432.861 439.300 428.514 428.462 429.397
532 477.000 445.970 438.452 443.009 439.410 437.601 450.446 445.187 440.560 441.414 446.043
533 528.000 524.002 504.000 507.203 502.041 500.230 508.441 499.608 500.087 501.733 490.099
534 335.000 335.059 333.745 336.456 333.000 331.697 339.221 338.798 335.529 333.617 334.007
535 323.000 341.717 337.151 342.926 338.890 337.892 340.745 342.242 339.745 342.949 336.759
536 412.000 423.045 428.799 417.813 418.281 425.849 413.410 412.748 417.805 418.234 421.440
537 551.000 550.004 560.307 560.946 561.991 553.576 556.961 551.495 555.270 545.537 559.318
538 406.000 410.527 410.718 409.385 411.796 409.289 413.094 410.156 411.372 411.831 410.649
539 502.000 483.578 491.759 494.747 492.232 486.426 484.490 490.328 490.530 486.804 493.260
540 415.000 409.382 409.980 412.587 412.637 409.314 409.929 410.019 410.911 411.255 410.930
541 336.000 330.202 336.080 336.113 331.654 330.743 331.071 331.329 331.217 329.857 334.577
542 312.000 333.329 327.314 330.194 328.781 331.807 334.730 330.993 328.210 330.583 329.152
543 330.000 333.694 330.056 332.344 334.324 333.773 334.977 333.449 331.627 334.736 333.249
544 508.000 365.967 361.581 357.671 378.631 369.865 359.075 366.182 366.731 362.877 363.167
545 588.000 541.351 560.202 541.164 562.480 530.067 506.168 539.134 538.200 507.324 520.865
546 410.000 442.005 436.062 432.492 439.228 430.364 435.061 435.261 438.992 428.281 432.796
547 540.000 533.229 521.750 540.274 532.506 536.217 538.539 540.316 532.317 536.856 533.853
548 362.000 345.477 345.347 343.494 350.680 348.799 346.289 349.045 341.632 346.256 348.087
549 404.000 409.808 408.839 409.163 408.003 406.719 407.961 411.393 408.209 411.954 409.341
550 370.000 358.278 355.981 357.188 357.820 355.003 357.446 354.534 355.913 353.239 354.922
551 482.000 391.585 371.671 393.168 404.676 385.602 374.484 398.883 391.529 391.089 403.773
552 398.000 408.400 407.014 407.814 406.864 403.851 405.902 404.596 407.674 405.633 407.754
553 466.000 450.673 448.862 444.621 452.840 450.187 441.383 457.638 446.247 457.336 445.136
554 405.000 414.875 416.472 412.791 419.210 415.538 417.296 414.984 414.186 415.454 417.483
555 576.000 562.611 568.559 558.597 563.892 564.568 560.575 561.665 543.328 551.054 562.358
556 457.000 415.773 415.629 417.412 419.212 414.080 415.202 415.370 413.116 418.058 414.085
557 478.000 450.474 449.880 449.394 435.776 460.737 453.633 458.163 457.250 455.605 459.950
558 431.000 424.092 419.462 427.704 423.518 430.301 422.985 429.059 425.414 424.196 424.262
559 411.000 343.682 341.768 340.618 339.915 342.193 343.948 340.972 342.090 349.586 341.571
560 409.000 415.584 416.487 419.984 414.428 415.136 415.593 416.398 417.703 414.961 416.783
561 375.000 452.758 437.340 437.574 431.477 432.634 436.958 433.257 444.029 441.324 427.053
562 400.000 392.624 400.604 408.310 406.362 390.712 373.813 395.378 382.330 404.077 404.877
563 331.000 339.661 346.494 344.171 347.251 341.931 341.401 345.083 340.068 340.001 344.362
564 412.000 420.506 424.214 427.240 427.761 431.831 419.650 430.329 431.764 419.412 427.206
565 485.000 473.712 459.548 453.240 475.713 462.971 469.993 468.206 466.966 471.728 467.885
566 407.000 422.348 426.807 424.534 427.798 432.623 427.260 425.258 428.022 428.400 430.818
567 405.000 416.443 413.322 414.875 414.111 414.681 412.520 416.778 418.406 417.650 413.939
568 406.000 407.818 407.399 407.119 406.529 406.291 403.770 404.371 406.359 406.857 405.436
569 342.000 332.985 335.410 335.240 337.813 335.950 334.890 335.184 335.943 336.060 335.778
570 321.000 341.153 340.845 340.618 340.458 337.570 343.017 340.222 339.779 341.810 343.341
571 361.000 372.732 376.523 373.170 364.622 370.743 366.714 372.918 373.267 367.505 372.330
572 387.000 377.811 377.710 368.951 371.723 371.124 371.840 366.367 364.776 370.764 370.414
573 323.000 329.685 329.723 327.970 331.796 329.148 331.418 326.125 329.678 329.649 330.064
574 390.000 397.482 405.186 398.456 400.891 397.502 396.559 398.005 406.843 402.068 395.112
575 440.000 432.644 432.683 434.078 434.308 440.601 434.907 441.475 438.530 432.436 432.972
576 332.000 361.096 360.123 356.323 362.293 353.578 365.872 364.037 361.539 360.280 355.333
577 456.000 432.400 428.657 435.879 432.555 443.472 448.156 448.638 444.154 442.558 444.945
578 488.000 440.324 431.959 432.928 427.758 431.464 425.006 427.261 427.613 428.542 431.591
579 332.000 356.018 351.546 338.752 361.963 338.843 348.167 350.488 358.668 343.361 349.673
580 316.000 340.883 337.466 339.559 346.893 340.800 335.936 335.749 340.078 339.506 344.618
581 459.000 440.768 438.358 435.288 431.236 428.880 437.138 436.747 430.241 434.755 437.658
582 335.000 330.483 330.649 327.743 331.059 330.055 330.643 329.324 326.784 329.406 331.915
583 332.000 333.664 335.903 340.352 333.791 336.717 342.419 336.576 335.976 335.539 339.832
584 459.000 469.274 462.481 454.441 465.113 468.181 463.131 470.218 464.207 465.621 461.094
585 396.000 423.321 416.684 419.738 416.114 421.681 415.408 417.638 421.373 418.279 414.870
586 489.000 488.841 486.149 486.265 486.547 486.010 486.670 488.845 485.108 489.267 487.506
587 417.000 431.149 424.153 416.995 419.985 422.967 416.834 422.450 425.563 419.745 427.166
588 404.000 407.736 407.656 408.591 403.262 405.720 407.084 405.291 407.930 406.575 406.366
589 400.000 423.977 419.383 423.763 425.352 424.919 424.138 421.752 422.977 426.674 424.808
590 357.000 345.464 344.572 351.009 345.918 346.812 346.606 345.076 342.148 347.193 346.398
591 437.000 450.725 444.664 453.241 457.882 427.261 424.576 449.833 445.823 443.778 453.183
592 542.000 545.523 538.752 548.089 541.573 540.309 520.297 539.031 534.405 532.638 531.071
593 419.000 423.679 423.570 423.227 419.760 428.152 420.027 422.129 419.298 419.037 428.486
594 350.000 336.171 339.465 335.552 335.965 337.134 340.927 344.419 338.496 335.757 345.652
595 424.000 433.009 433.851 420.025 424.879 423.227 423.471 434.121 428.230 433.003 433.560
596 443.000 428.704 416.718 426.970 429.026 430.070 432.275 423.386 430.629 431.829 428.650
597 439.000 425.388 427.986 424.002 427.111 432.392 423.778 416.160 425.222 412.299 428.135
598 324.000 326.919 328.577 329.217 330.434 328.794 327.251 329.919 331.189 331.394 329.542
599 311.000 327.267 327.950 328.655 328.680 328.018 325.180 324.196 326.989 330.155 325.482
600 331.000 333.280 332.351 331.243 332.511 331.903 332.851 331.801 333.059 333.319 334.576
601 428.000 423.693 429.193 423.069 420.042 431.505 431.378 428.365 417.915 416.205 422.789
602 400.000 427.719 425.382 429.054 425.301 430.437 424.661 423.169 431.643 427.632 426.096
603 309.000 332.305 332.912 334.728 335.923 331.142 333.884 334.775 331.438 341.334 333.802
604 375.000 368.338 358.936 363.049 373.569 362.958 372.096 369.210 367.393 365.861 371.214
605 450.000 431.806 423.862 426.212 424.205 428.087 425.728 426.336 421.112 426.489 425.288
606 388.000 454.162 443.906 455.916 437.837 429.857 451.708 462.352 450.609 454.341 441.461
607 323.000 355.069 353.471 346.352 361.131 345.333 344.668 349.476 347.581 351.068 355.303
608 448.000 438.663 436.973 438.460 434.345 438.840 435.911 436.406 441.716 438.385 443.388
609 372.000 358.111 356.367 355.798 357.549 355.952 358.268 355.413 360.521 353.231 358.037
610 328.000 339.747 345.839 340.497 343.684 340.662 339.641 340.015 338.780 339.642 344.332
611 460.000 471.822 469.636 473.870 470.080 468.285 463.794 471.610 472.562 473.130 470.921
612 504.000 481.812 490.647 499.859 485.352 490.858 488.155 494.851 485.645 492.001 487.040
613 433.000 435.178 440.538 435.799 436.833 436.503 433.208 441.728 432.154 433.442 435.300
614 564.000 572.309 576.879 573.581 566.836 567.483 568.967 572.283 568.432 568.822 570.039
615 439.000 355.145 379.515 362.250 367.495 385.573 353.510 378.908 366.496 356.326 365.475
616 440.000 436.035 421.564 428.194 432.786 433.707 428.876 428.279 430.017 429.475 428.261
617 484.000 475.471 468.414 456.316 470.977 461.346 469.794 479.642 471.646 474.795 471.859
618 396.000 405.688 404.931 407.105 406.572 406.966 405.930 406.253 406.466 410.052 404.468
619 435.000 417.323 423.509 420.088 419.035 425.573 421.769 417.885 422.270 421.000 422.053
620 397.000 375.646 413.002 386.741 384.027 401.632 395.483 384.867 409.098 379.199 398.205
621 420.000 419.303 419.465 423.184 417.615 420.708 418.868 419.750 420.372 422.496 417.922
622 408.000 403.267 423.599 402.183 416.151 415.669 417.599 421.458 412.754 414.198 413.586
623 437.000 429.472 433.558 424.263 430.760 426.987 433.710 428.613 428.529 423.749 430.005
624 406.000 430.256 420.446 413.895 430.357 434.081 428.064 440.546 432.812 430.171 420.803
625 393.000 360.219 366.340 355.839 352.708 367.512 365.597 373.700 354.268 362.708 372.143
626 452.000 435.841 431.824 450.341 442.414 435.140 438.289 437.208 431.853 451.090 433.852
627 466.000 420.004 423.150 419.060 434.284 419.799 427.848 428.415 422.756 413.526 424.573
628 410.000 414.766 411.234 414.860 414.568 415.990 414.392 412.992 409.551 421.921 415.422
629 447.000 440.059 439.593 438.918 440.001 437.122 434.247 435.684 438.027 437.777 437.236
630 487.000 431.581 433.704 429.146 445.678 433.502 431.308 434.659 432.320 432.745 434.294
631 420.000 436.590 451.344 431.455 443.748 440.985 434.134 454.642 440.345 450.893 434.976
632 565.000 558.139 544.441 556.538 562.174 559.659 563.845 551.655 559.247 557.393 556.331
633 309.000 328.854 336.153 335.458 331.681 334.001 331.801 331.929 329.879 338.244 332.838
634 437.000 439.925 440.017 436.937 435.754 428.093 436.090 441.310 426.278 433.365 435.886
635 481.000 480.510 480.476 482.901 481.522 479.471 482.211 480.506 482.172 479.666 480.324
636 390.000 397.759 389.625 393.611 399.206 389.186 391.999 391.979 390.109 389.504 395.344
637 329.000 338.257 345.430 339.937 344.802 342.275 341.443 339.890 340.626 340.910 340.706
638 349.000 354.816 353.389 351.689 352.582 351.137 351.224 353.246 353.171 353.692 355.734
639 336.000 335.729 336.091 335.326 337.398 336.278 333.870 336.476 337.633 335.173 337.021
640 550.000 408.012 476.173 483.189 489.487 418.382 475.030 498.430 503.169 491.730 480.397
641 315.000 326.198 325.016 327.489 328.580 322.467 322.766 327.207 325.877 328.163 325.109
642 420.000 417.997 422.832 418.203 418.782 419.452 416.220 414.603 435.990 416.727 417.874
643 466.000 433.180 434.585 436.162 432.886 436.476 442.415 437.823 435.332 433.463 435.725
644 315.000 327.098 331.230 330.209 335.349 336.714 334.202 332.080 331.415 330.675 329.096
645 345.000 344.012 348.985 351.442 346.414 354.499 347.586 358.142 354.300 352.443 348.886
646 451.000 430.540 436.018 427.321 418.794 419.074 418.760 419.274 425.322 418.160 422.775
647 337.000 364.802 365.877 357.496 378.646 393.760 372.189 374.823 358.473 360.249 373.324
648 439.000 437.292 426.083 434.333 434.338 443.697 435.826 434.607 432.152 436.755 434.971
649 330.000 329.608 328.453 325.995 326.242 329.399 328.184 333.430 329.863 331.705 345.202
650 538.000 543.547 539.916 553.780 540.816 538.871 530.012 549.357 542.747 541.160 547.865
651 326.000 361.079 345.397 350.450 349.392 363.626 350.210 363.240 344.017 346.241 352.953
652 392.000 390.404 416.403 398.581 397.762 395.882 398.933 410.207 401.101 407.417 390.762
653 366.000 427.738 421.779 429.705 423.646 426.770 423.089 412.058 422.460 424.483 421.901
654 318.000 354.479 335.503 328.555 337.411 334.074 329.523 328.567 332.413 336.179 333.194
655 561.000 515.616 523.338 524.282 534.650 525.008 521.708 521.759 509.021 519.628 520.370
656 436.000 451.292 456.855 453.731 455.601 451.597 449.082 453.761 450.889 459.968 451.972
657 463.000 475.299 478.707 483.708 463.001 479.761 475.407 469.891 473.098 471.940 467.618
658 348.000 356.643 354.540 357.567 353.205 353.294 350.327 355.113 358.814 353.116 354.700
659 313.000 340.725 345.904 347.661 348.435 340.885 345.967 341.024 341.108 349.218 340.603
660 451.000 457.850 449.114 455.737 453.641 451.634 452.140 449.310 453.225 453.917 448.130
661 384.000 377.755 363.476 379.633 370.341 384.879 356.576 368.772 370.093 360.815 371.852
662 459.000 436.391 419.489 422.256 435.373 424.776 431.345 429.795 430.841 437.425 426.085
663 421.000 372.610 353.263 384.085 383.657 360.947 365.589 393.316 387.836 377.502 390.523
664 481.000 473.230 469.784 472.804 467.995 468.578 475.646 477.685 479.269 470.235 467.345
665 320.000 339.825 340.845 341.695 338.412 341.440 338.262 342.899 342.237 338.857 339.919
666 310.000 360.310 343.223 351.340 358.025 360.660 350.892 353.763 348.610 337.913 362.181
667 402.000 413.826 412.561 411.527 411.732 412.336 411.839 411.394 411.171 412.949 413.148
668 530.000 434.225 426.443 422.599 426.697 428.168 425.232 428.329 427.522 424.202 429.911
669 583.000 561.106 554.510 540.246 545.338 555.996 532.506 563.016 553.082 548.904 537.032
670 421.000 417.574 418.936 421.425 420.803 418.917 419.102 421.570 420.806 422.242 421.001
671 415.000 413.741 415.019 415.502 412.826 419.284 417.249 414.639 412.721 417.047 415.779
672 387.000 398.732 397.849 395.070 394.799 396.097 392.942 395.110 401.750 395.272 401.515
673 584.000 552.292 552.657 543.223 552.064 535.475 558.949 541.294 550.574 552.175 549.004
674 307.000 333.094 335.448 333.533 334.604 330.011 332.948 333.740 334.060 332.712 335.849
675 424.000 418.551 421.661 419.502 418.756 421.496 424.799 419.621 416.193 425.906 421.959
676 449.000 441.371 433.117 423.013 432.998 441.341 435.223 434.764 435.026 438.394 425.942
677 610.000 500.663 493.204 457.738 476.978 497.223 504.929 493.560 497.214 493.283 498.786
678 505.000 496.598 497.238 499.088 495.142 499.568 499.307 494.233 492.599 500.476 501.983
679 408.000 406.457 403.122 402.927 406.661 407.328 404.783 405.547 407.776 405.168 405.763
680 377.000 357.335 364.551 358.902 367.668 368.240 360.529 357.427 360.957 351.381 359.818
681 502.000 439.540 471.959 465.530 470.790 460.773 461.580 476.941 466.375 480.784 464.397
682 319.000 331.552 329.909 327.091 341.960 341.376 343.688 332.451 336.726 346.717 329.436
683 394.000 406.635 407.210 407.715 406.443 406.726 405.544 405.970 406.115 404.982 406.362
684 290.000 336.640 337.246 338.148 331.192 339.358 337.178 336.428 338.899 334.815 341.818
685 407.000 422.592 420.890 420.560 424.065 425.593 421.485 416.415 421.450 421.052 422.048
686 444.000 422.556 425.828 423.344 425.307 424.511 422.843 422.581 420.123 425.199 420.562
687 322.000 337.958 344.056 338.077 340.915 339.859 339.430 340.222 338.015 340.806 341.005
688 331.000 373.971 431.097 390.001 393.530 402.097 389.800 390.154 377.079 399.063 386.347
689 402.000 380.789 403.417 386.230 385.371 409.012 390.709 409.554 384.994 404.626 387.041
690 320.000 342.522 344.686 340.749 339.977 337.659 340.327 342.899 341.519 340.473 340.128
691 386.000 368.037 367.854 374.549 373.078 366.418 368.541 375.582 368.207 366.040 374.336
692 364.000 429.492 429.015 424.854 429.521 427.509 427.197 426.443 427.933 426.517 427.544
693 328.000 339.895 339.975 341.545 341.643 348.365 339.674 339.630 343.988 342.632 345.107
694 312.000 331.721 328.384 330.912 329.424 326.240 327.332 329.201 327.183 324.558 327.296
695 378.000 361.871 369.961 367.459 364.412 371.219 366.516 369.857 368.196 369.269 365.046
696 331.000 344.327 345.987 342.402 341.222 340.494 344.933 341.243 341.696 347.161 346.308
697 330.000 328.809 338.328 331.139 334.617 336.316 332.277 334.724 338.667 339.876 335.391
698 451.000 429.609 421.465 427.341 434.102 433.661 432.422 435.932 432.621 436.055 425.786
699 313.000 404.508 402.238 396.484 396.508 398.082 385.880 379.617 387.553 383.629 378.180
700 408.000 424.204 414.977 418.922 416.916 420.254 421.066 420.091 421.397 413.134 415.873
701 440.000 435.165 429.833 436.359 427.980 422.110 431.111 423.417 437.438 431.811 429.978
702 375.000 364.957 369.288 366.782 366.538 365.549 366.628 365.053 366.661 362.789 364.155
703 462.000 458.440 465.467 459.606 482.345 470.172 464.505 465.349 473.206 460.758 467.884
704 450.000 429.091 427.514 429.012 428.968 422.234 432.137 430.556 417.671 428.892 432.533
705 417.000 432.462 440.038 436.402 428.795 439.598 422.343 435.818 443.031 424.088 440.686
706 452.000 426.665 425.216 428.127 430.144 422.046 422.145 430.173 427.464 424.794 434.435
707 526.000 533.632 542.338 547.591 529.336 529.048 533.560 534.835 535.504 534.395 528.435
708 460.000 440.551 437.107 438.709 437.338 422.634 436.617 432.040 438.522 437.239 434.484
709 428.000 417.278 414.092 419.481 417.698 419.271 420.397 419.475 421.795 423.815 419.774
710 310.000 362.080 356.528 349.129 362.745 362.173 357.103 362.107 357.953 378.750 359.952
711 412.000 416.405 412.770 414.411 414.564 417.394 414.733 415.364 412.199 418.763 417.749
712 320.000 338.728 345.665 339.386 341.308 338.972 344.047 343.996 342.830 346.797 347.423
713 468.000 482.415 482.016 486.104 484.607 483.583 483.048 487.024 479.440 481.435 486.800
714 316.000 373.161 370.206 375.902 343.883 354.483 365.862 363.454 361.231 376.973 359.370
715 602.000 594.098 588.669 585.300 589.972 584.915 592.265 592.553 592.199 594.969 588.070
716 328.000 456.484 504.545 477.781 459.227 477.223 486.414 473.750 490.852 474.832 469.698
717 579.000 537.028 562.912 555.390 550.187 540.594 529.799 545.967 535.847 550.834 557.497
718 354.000 341.545 343.272 341.021 345.274 342.093 341.295 342.700 343.305 343.757 339.986
