data_index logt12.observed logt12.predicted.repeat1 logt12.predicted.repeat2 logt12.predicted.repeat3 logt12.predicted.repeat4 logt12.predicted.repeat5 logt12.predicted.repeat6 logt12.predicted.repeat7 logt12.predicted.repeat8 logt12.predicted.repeat9 logt12.predicted.repeat10
1 0.088 1.173 1.263 1.301 1.168 1.335 1.301 1.260 1.296 1.268 1.271
2 0.255 3.077 3.103 3.394 3.015 3.057 3.150 3.147 3.211 3.335 3.247
3 0.325 3.786 3.921 3.749 3.736 3.701 3.672 3.737 3.901 3.819 3.780
4 1.105 3.028 2.989 2.716 2.837 2.863 3.037 2.877 2.898 2.821 2.834
5 1.182 1.258 1.220 1.188 1.196 1.279 1.345 1.185 1.232 1.420 1.219
6 1.196 2.597 1.685 2.733 1.870 1.694 1.715 1.675 1.686 1.531 1.766
7 1.358 2.629 1.385 2.688 1.231 1.367 1.360 1.364 1.531 1.226 1.295
8 1.653 4.046 3.870 3.761 3.817 3.534 3.765 3.795 3.724 3.799 3.756
9 2.208 3.650 3.152 3.143 2.933 3.023 2.563 2.988 3.197 3.162 3.018
10 2.235 2.686 3.736 2.951 2.950 2.848 2.938 4.060 2.955 2.947 2.864
11 2.381 3.347 3.461 3.472 3.387 3.466 3.606 3.339 3.330 3.324 3.339
12 2.408 3.053 2.089 1.980 3.256 2.864 2.989 3.144 2.937 3.019 3.083
13 2.542 3.496 3.287 3.339 3.128 3.170 3.155 3.037 3.245 3.121 3.290
14 2.631 3.988 4.141 3.967 4.195 4.092 4.135 4.251 4.117 4.217 4.125
15 2.679 3.010 3.229 3.364 3.237 3.107 3.130 3.219 3.320 3.396 3.296
16 2.682 1.706 1.606 1.601 1.730 1.750 1.846 1.639 1.772 1.776 1.837
17 2.760 3.374 3.382 3.865 3.417 3.489 3.275 3.398 3.296 3.512 3.641
18 2.857 3.803 2.797 2.817 2.751 2.685 2.799 2.712 2.704 2.837 2.883
19 2.954 4.516 4.555 4.645 4.676 4.451 4.629 4.524 4.523 4.613 4.632
20 2.954 3.127 3.430 3.565 3.277 3.191 3.580 3.552 3.413 3.463 3.581
21 3.147 3.721 4.047 3.520 3.845 4.007 3.748 3.561 3.776 3.767 3.860
22 3.250 4.156 4.095 4.502 4.106 4.184 4.014 4.058 3.847 4.463 4.269
23 3.404 4.794 4.766 5.123 4.867 4.860 4.875 4.893 4.904 4.781 4.952
24 3.561 3.407 3.378 3.232 3.478 3.432 3.356 4.153 3.374 3.431 3.478
25 3.787 3.686 3.680 3.605 3.803 3.265 3.169 3.545 3.648 3.589 3.582
26 4.003 3.588 3.562 3.640 3.601 3.715 3.251 3.545 3.536 3.532 3.462
27 4.028 4.741 4.207 4.688 4.662 4.703 4.787 4.721 4.740 4.761 4.759
28 4.104 4.040 4.261 3.957 4.022 3.877 4.201 4.029 3.982 3.610 4.021
29 4.113 3.986 4.126 3.836 3.369 3.568 3.801 3.879 3.770 3.721 4.063
30 4.146 2.813 2.979 3.022 3.305 3.277 2.872 3.092 3.369 3.243 3.186
31 4.183 3.484 4.178 3.333 3.508 3.512 3.375 3.573 3.401 3.662 3.911
32 4.196 2.175 2.022 2.092 1.874 2.099 2.015 1.984 2.021 1.879 1.979
33 4.228 4.951 4.994 5.047 5.041 5.057 5.009 4.985 4.950 4.949 5.048
34 4.297 4.757 4.900 4.586 4.720 4.854 4.674 4.608 4.793 4.820 4.862
35 4.359 4.324 4.043 4.163 4.207 4.143 4.236 4.351 4.289 4.380 4.191
36 4.376 3.671 3.597 3.559 3.224 3.651 3.286 3.479 3.590 3.353 3.835
37 4.401 4.509 4.115 4.328 4.180 4.365 4.433 4.347 4.194 4.298 4.240
38 4.401 4.869 4.707 4.688 4.708 4.678 4.792 4.689 4.710 4.483 4.783
39 4.405 4.287 4.188 4.178 4.164 4.171 4.316 4.247 4.180 4.202 4.033
40 4.414 3.153 3.139 3.240 2.946 3.327 3.486 3.120 3.163 3.062 3.224
41 4.459 4.311 4.486 4.303 4.292 4.387 4.334 4.290 3.604 3.925 4.305
42 4.459 4.963 4.822 4.806 4.837 4.702 4.822 4.715 4.720 4.674 4.797
43 4.500 2.763 2.859 2.889 2.744 2.898 2.817 2.788 2.961 2.933 2.808
44 4.511 5.153 4.969 5.041 4.970 4.991 4.995 4.885 5.006 4.984 4.932
45 4.561 4.483 4.417 4.469 4.389 4.522 4.424 4.507 4.560 4.469 4.534
46 4.565 4.648 4.574 4.541 4.592 4.602 4.609 4.698 4.601 4.617 4.612
47 4.598 5.102 5.103 4.992 5.231 5.013 5.005 5.025 4.999 5.097 5.331
48 4.605 4.791 4.941 4.948 4.889 4.897 4.932 4.864 4.985 4.964 4.844
49 4.613 4.394 4.506 4.513 4.525 4.526 4.459 4.419 4.479 4.348 4.409
50 4.635 5.280 5.137 5.100 5.034 4.961 5.053 5.179 4.940 5.705 5.031
51 4.673 4.832 4.782 4.950 4.875 4.832 4.744 4.745 4.885 5.027 4.804
52 4.702 4.705 5.000 4.711 4.758 4.677 4.825 4.655 4.811 4.911 4.666
53 4.712 4.329 4.388 4.344 4.344 4.373 4.346 4.454 3.908 4.370 4.294
54 4.732 4.957 4.641 4.657 4.737 4.825 4.720 4.718 4.713 4.560 4.732
55 4.741 5.134 5.117 5.095 4.989 5.154 5.071 5.056 5.021 5.048 5.105
56 4.758 4.978 5.015 4.952 4.859 4.956 4.956 5.054 5.017 4.712 4.820
57 4.779 4.693 4.716 4.722 4.733 4.778 4.787 4.695 4.758 4.639 4.686
58 4.804 4.391 4.406 4.258 4.362 4.408 4.466 4.264 4.514 4.436 4.539
59 4.857 4.845 4.592 4.747 4.789 4.514 4.876 4.807 4.887 4.926 5.054
60 4.858 5.033 5.008 5.074 4.999 4.994 4.946 5.057 5.081 4.979 5.006
61 4.861 2.621 2.707 2.789 3.019 3.058 2.830 2.790 3.034 3.006 2.948
62 4.878 4.421 4.414 4.371 4.410 4.472 4.378 4.539 4.503 4.500 4.378
63 4.951 4.099 3.879 3.805 3.891 3.961 3.991 4.126 4.032 4.100 4.086
64 4.954 5.165 5.156 5.179 5.338 5.216 5.311 4.832 5.154 5.173 5.189
65 4.988 4.649 4.678 4.656 5.049 4.617 5.007 4.642 4.968 4.648 4.665
66 4.999 5.449 6.501 5.699 5.571 5.394 5.599 6.840 5.746 5.404 5.191
67 5.033 4.714 4.707 4.722 4.698 4.689 4.717 4.716 4.721 4.660 4.711
68 5.064 3.407 3.295 3.056 3.216 3.097 3.192 3.023 3.090 3.195 3.071
69 5.093 3.388 3.338 3.206 3.167 3.323 3.213 3.417 3.444 3.277 3.175
70 5.177 5.416 5.264 5.470 5.278 5.171 5.482 5.267 5.359 5.347 5.492
71 5.317 6.135 6.036 5.211 6.329 5.886 6.352 6.230 6.221 6.129 6.219
72 5.414 2.365 2.069 2.052 2.303 2.395 2.348 2.378 2.369 2.346 2.272
73 5.505 3.855 3.953 3.876 3.690 3.894 3.870 3.849 3.803 3.985 3.957
74 5.520 4.995 4.991 4.962 4.939 4.953 4.992 4.961 4.938 4.995 5.004
75 5.700 5.516 5.474 5.610 5.897 5.392 5.374 5.612 5.238 5.459 5.526
76 5.749 4.271 4.043 4.105 3.985 4.125 4.001 4.068 4.108 4.054 4.054
77 5.937 5.654 5.758 5.720 5.737 6.013 5.851 5.956 5.744 5.993 5.837
78 5.978 6.399 6.165 6.245 5.943 5.879 5.442 6.282 6.263 6.409 5.808
79 6.167 6.897 6.786 6.295 6.656 6.611 6.650 6.690 6.785 7.031 6.428
80 6.190 5.072 5.119 5.127 5.107 5.151 5.153 5.126 5.193 5.064 5.232
81 6.519 5.592 5.482 5.590 5.570 5.441 5.596 5.566 5.768 5.543 5.336
82 6.644 4.208 3.559 3.797 4.101 3.662 3.215 3.780 3.360 3.633 3.739
83 6.799 6.978 6.731 6.803 7.004 6.639 7.009 6.914 6.957 7.035 7.089
84 6.946 6.711 6.900 6.817 6.770 6.846 6.839 6.804 6.786 6.900 6.890
85 6.982 5.227 5.667 5.723 5.779 6.136 5.729 5.694 5.760 6.064 5.908
86 7.960 6.645 6.713 6.744 6.514 6.743 6.672 6.780 6.729 6.682 6.760
