data_index lambdaa.observed lambdaa.predicted.repeat1 lambdaa.predicted.repeat2 lambdaa.predicted.repeat3 lambdaa.predicted.repeat4 lambdaa.predicted.repeat5 lambdaa.predicted.repeat6 lambdaa.predicted.repeat7 lambdaa.predicted.repeat8 lambdaa.predicted.repeat9 lambdaa.predicted.repeat10
1 342.000 335.858 335.078 336.359 337.364 334.921 336.855 336.034 337.771 334.749 336.054
2 336.000 353.151 349.901 351.005 347.876 353.810 350.419 353.956 349.203 348.124 349.302
3 434.000 430.015 435.371 428.658 425.941 428.209 433.786 427.498 431.034 429.066 433.910
4 320.000 329.264 328.185 328.553 329.996 329.717 331.177 330.637 330.550 329.816 331.171
5 317.000 329.153 331.138 330.326 332.187 331.016 331.414 330.232 330.937 332.317 333.890
6 432.000 430.850 431.445 431.394 430.998 430.656 431.079 430.353 430.891 431.141 430.906
7 419.000 424.805 429.087 428.778 428.987 429.465 430.615 428.835 429.583 428.170 427.325
8 554.000 554.113 545.159 556.235 557.535 555.468 563.632 557.896 557.303 562.410 553.290
9 438.000 421.513 417.970 412.987 427.304 425.371 423.960 418.453 419.433 431.502 428.436
10 315.000 316.785 317.490 314.931 316.055 316.318 317.127 316.847 317.356 316.495 317.426
11 325.000 310.541 313.217 311.592 314.347 314.181 313.895 325.142 313.026 320.694 314.762
12 492.000 461.878 480.037 462.870 461.203 470.018 469.931 458.107 464.495 456.986 459.875
13 370.000 374.458 372.478 380.771 373.916 373.291 373.651 373.123 373.334 373.407 371.822
14 424.000 418.721 417.352 420.204 421.333 418.774 419.939 421.395 417.927 417.145 419.476
15 400.000 396.545 398.934 396.355 395.849 396.230 397.736 399.382 399.463 399.320 395.511
16 406.000 408.321 408.296 409.165 408.238 408.904 406.791 406.881 407.775 407.253 408.866
17 429.000 405.351 407.973 409.419 407.722 406.500 407.273 405.198 402.681 396.460 418.410
18 450.000 369.256 370.415 378.296 369.024 372.672 362.352 366.686 374.272 364.679 379.247
19 342.000 348.593 353.348 347.222 347.175 346.327 350.779 347.470 347.936 347.575 348.697
20 302.000 345.989 341.750 340.204 344.942 343.352 338.907 347.591 346.815 348.322 346.179
21 437.000 438.977 441.895 439.946 441.131 436.304 441.855 438.119 442.397 438.946 441.746
22 407.000 409.278 409.051 407.109 408.177 407.969 408.873 408.591 409.592 409.261 408.441
23 384.000 389.088 393.188 392.822 393.084 393.931 395.962 392.527 394.803 389.495 392.448
24 371.000 368.896 366.537 370.746 363.192 365.179 363.174 361.796 363.611 367.184 367.762
25 417.000 327.665 328.787 331.191 348.018 330.500 331.178 329.343 333.089 329.005 326.916
26 425.000 433.078 430.128 430.713 431.305 433.150 432.447 432.521 430.407 432.565 433.105
27 350.000 337.928 326.210 330.704 332.126 339.716 313.049 337.094 328.537 336.286 328.597
28 444.000 420.784 417.235 417.425 420.227 420.209 419.701 418.573 419.955 421.014 419.521
29 379.000 396.722 402.628 391.418 393.071 393.586 390.472 394.589 392.742 375.275 393.964
30 400.000 409.278 409.138 409.241 408.370 407.916 408.690 409.393 410.113 408.794 409.639
31 378.000 366.682 361.012 364.015 357.171 366.508 365.838 365.070 365.549 357.522 353.323
32 364.000 366.573 364.967 364.785 364.514 365.632 363.229 363.555 370.926 364.956 363.021
33 360.000 349.268 349.746 349.458 346.354 348.431 343.048 347.948 346.906 348.858 349.048
34 382.000 383.759 391.213 392.870 389.200 386.529 388.904 393.477 390.253 392.717 388.371
35 527.000 479.804 512.321 486.898 514.841 482.786 477.014 518.078 450.733 483.986 471.914
36 408.000 403.007 404.668 403.482 404.813 403.148 403.128 405.223 403.075 404.480 403.648
37 421.000 393.967 370.829 396.961 381.658 388.707 367.423 381.519 383.877 385.565 390.169
38 346.000 336.190 337.931 338.721 336.884 339.021 344.594 343.675 338.558 339.198 342.290
39 478.000 529.366 543.317 514.505 536.077 506.444 548.583 532.333 545.136 530.755 540.694
40 420.000 428.747 429.079 429.000 429.345 428.675 428.191 429.121 429.895 429.784 429.496
41 430.000 439.386 431.699 432.678 443.380 436.224 431.809 439.628 427.699 441.965 439.005
42 623.000 541.506 537.759 550.972 558.490 540.383 547.236 553.784 542.321 547.074 550.394
43 457.000 457.995 452.643 456.056 457.176 459.051 455.225 457.561 456.739 459.984 461.748
44 424.000 418.374 411.261 424.202 423.584 421.395 413.760 421.233 420.023 413.632 419.313
45 456.000 459.340 457.046 456.576 451.313 461.653 466.157 462.195 459.842 450.897 457.439
46 411.000 411.243 411.742 411.221 410.288 412.720 411.375 410.113 411.111 410.298 410.578
47 413.000 444.602 442.953 448.690 444.386 448.189 447.681 445.839 444.117 439.744 445.759
48 332.000 339.159 350.887 347.624 336.789 341.970 348.553 345.185 345.140 346.859 341.747
49 489.000 477.880 476.389 476.922 479.828 480.185 474.331 476.326 477.880 473.257 476.641
50 425.000 403.731 404.071 420.155 420.442 418.135 407.304 422.210 424.739 396.991 407.834
51 359.000 367.764 371.252 371.221 394.319 369.905 368.283 388.892 371.077 367.276 385.306
52 418.000 418.054 418.518 416.597 417.514 417.862 416.862 417.068 416.489 418.189 417.041
53 325.000 323.433 323.101 323.069 323.592 322.306 323.288 321.246 322.842 322.348 323.184
54 447.000 441.221 443.919 443.684 445.103 439.941 441.374 442.578 441.747 446.416 442.095
55 464.000 468.887 474.502 471.327 470.784 474.863 467.428 467.746 466.627 471.332 471.078
56 431.000 430.700 430.348 433.012 430.092 430.509 430.892 430.308 430.931 430.130 430.061
57 332.000 332.997 327.799 335.610 326.870 325.694 330.069 327.995 329.229 332.527 327.750
58 329.000 355.089 359.921 365.689 372.293 361.808 374.420 364.150 366.136 351.392 357.243
59 315.000 326.661 322.327 321.612 321.690 322.777 323.067 323.898 324.916 322.889 324.010
60 396.000 399.727 400.434 396.252 395.975 398.379 398.518 396.779 397.447 399.170 393.133
61 390.000 386.997 387.939 385.317 387.296 386.512 386.544 384.636 388.320 387.342 387.706
62 423.000 446.901 448.783 450.020 451.528 448.304 447.131 446.821 448.188 449.903 450.696
63 430.000 440.160 449.385 447.933 440.669 444.844 446.769 446.133 447.286 436.793 449.664
64 429.000 426.266 429.038 429.356 429.105 430.661 429.288 431.144 429.936 429.310 429.518
65 467.000 464.412 463.960 462.877 463.924 464.112 461.677 464.576 459.570 464.537 464.082
66 602.000 562.347 565.148 556.523 548.563 560.963 564.154 558.250 561.375 566.367 560.250
67 461.000 464.491 467.263 461.953 464.387 458.854 462.869 471.174 459.080 467.093 461.259
68 342.000 353.933 352.926 352.831 351.682 353.234 355.333 352.803 352.484 353.115 353.297
69 545.000 415.655 518.850 508.781 505.654 505.167 510.308 510.398 508.578 509.029 499.423
70 415.000 414.994 414.072 416.069 415.621 415.257 415.137 414.775 414.138 415.306 415.030
71 365.000 362.659 363.419 360.888 363.607 383.183 363.403 367.268 360.011 359.488 361.757
72 429.000 436.234 433.478 436.753 429.700 438.003 435.757 441.717 435.952 438.041 448.420
73 336.000 335.619 336.582 336.469 336.314 337.390 335.844 336.713 334.713 337.090 335.633
74 302.000 312.361 302.464 306.760 318.322 308.226 301.142 306.404 290.175 311.018 309.173
75 426.000 436.294 435.418 436.498 438.204 438.292 437.226 437.753 436.385 437.276 438.818
76 364.000 421.600 410.942 412.379 414.946 429.441 416.932 421.137 420.835 418.291 410.872
77 451.000 422.997 415.949 422.660 421.434 420.836 415.465 420.572 419.959 420.794 425.553
78 573.000 566.139 564.185 562.416 565.799 562.990 562.179 563.775 563.030 563.610 564.251
79 447.000 446.306 438.875 446.418 446.903 444.675 445.691 446.896 446.905 443.345 444.603
80 322.000 361.670 365.208 359.820 360.081 359.641 360.275 361.534 364.418 362.194 360.947
81 586.000 592.995 590.236 586.437 590.983 591.626 588.092 591.751 585.842 588.533 585.209
82 459.000 433.008 437.059 429.885 428.748 428.902 434.746 429.758 435.861 428.115 441.007
83 405.000 395.752 395.959 394.486 395.592 394.935 396.008 376.240 393.434 394.392 396.542
84 434.000 432.481 433.477 434.533 432.488 432.817 432.753 433.175 431.235 433.560 432.794
85 441.000 443.301 443.272 441.571 443.472 442.253 443.246 441.481 441.948 443.689 443.220
86 403.000 401.588 401.468 402.448 401.993 401.954 402.068 401.860 402.362 402.658 402.229
87 450.000 434.389 431.993 435.551 430.267 426.687 440.528 430.681 421.430 430.806 433.688
88 372.000 366.209 373.133 370.847 366.881 368.575 366.761 367.992 368.213 367.497 371.496
89 400.000 393.720 399.122 394.927 403.174 399.053 395.485 397.672 406.644 396.199 403.236
90 545.000 548.411 550.070 543.427 548.733 547.875 549.389 548.552 547.791 549.361 544.127
91 411.000 402.788 401.964 405.533 404.874 402.595 401.778 404.940 403.911 402.534 399.978
92 344.000 332.333 329.278 342.735 325.408 330.721 342.306 333.342 335.541 334.528 337.405
93 502.000 500.730 499.868 497.466 500.798 499.517 497.679 494.070 503.060 497.896 498.604
94 401.000 423.112 421.374 423.704 424.350 423.421 421.813 425.393 420.838 425.053 422.597
95 407.000 401.636 402.437 402.300 403.122 403.359 400.382 405.288 403.527 401.286 404.217
96 444.000 436.297 439.116 444.795 441.649 439.100 437.625 443.651 439.470 435.902 444.091
97 321.000 327.421 325.071 325.932 323.938 327.507 324.819 326.376 324.789 326.903 324.846
98 584.000 587.772 596.013 587.861 594.008 586.490 591.137 593.274 591.527 590.596 585.737
99 480.000 527.846 572.803 516.818 529.750 519.662 525.714 531.444 568.836 525.498 532.912
100 510.000 502.451 496.634 508.714 507.078 503.843 523.595 495.795 501.018 496.883 504.281
101 408.000 402.597 405.662 407.588 407.088 407.352 410.006 406.067 410.671 407.916 407.588
102 323.000 315.584 321.225 317.135 317.897 319.083 317.144 321.406 317.350 318.030 320.717
103 438.000 463.070 454.101 466.409 468.564 464.063 470.056 460.201 472.303 463.275 461.452
104 417.000 421.877 420.818 423.170 421.070 420.324 421.621 422.069 422.473 421.249 421.824
105 429.000 419.496 412.096 418.661 420.345 418.196 418.112 417.960 421.700 420.417 419.370
106 434.000 440.112 438.199 440.168 439.939 439.087 439.699 438.353 437.836 441.415 439.633
107 442.000 450.091 448.270 449.613 450.131 447.759 446.033 447.216 450.178 446.811 448.664
108 410.000 416.075 415.837 417.262 416.589 416.199 417.069 415.623 416.246 417.739 415.614
109 335.000 370.387 367.307 369.022 372.796 375.271 372.533 375.038 373.046 374.664 368.043
110 515.000 530.017 536.741 531.551 539.880 528.699 536.045 534.559 537.675 539.394 534.105
111 400.000 396.172 398.015 397.522 396.935 396.681 396.324 399.165 396.820 398.008 394.563
112 429.000 420.462 421.062 420.931 421.732 421.059 420.630 422.149 421.823 427.372 419.415
113 432.000 457.451 459.885 454.647 455.944 458.329 461.754 462.258 458.239 450.304 451.297
114 335.000 326.565 323.315 325.499 331.423 333.127 332.668 333.001 332.656 331.593 330.421
115 395.000 398.065 404.915 396.448 397.724 398.416 399.019 400.116 401.387 404.164 398.292
116 341.000 361.575 351.444 352.381 358.183 361.553 358.615 359.587 354.083 355.046 358.580
117 425.000 426.005 426.204 426.171 424.723 426.023 425.797 426.192 425.583 424.677 426.824
118 351.000 349.304 346.215 348.502 348.396 347.035 347.027 348.888 346.337 346.378 349.582
119 315.000 315.312 316.619 309.146 317.080 317.593 316.751 315.925 308.125 310.859 316.126
120 320.000 312.545 311.171 308.512 311.995 312.820 311.756 313.408 311.565 312.540 315.470
121 588.000 561.599 566.842 551.425 560.462 566.325 560.457 570.805 553.525 560.901 555.742
122 469.000 477.524 473.317 482.577 479.783 479.425 481.068 471.481 480.120 480.505 471.043
123 321.000 345.814 354.030 356.137 351.847 355.580 352.307 353.161 348.988 353.870 351.536
124 310.000 443.475 431.581 427.864 436.181 434.590 439.655 435.526 424.867 431.215 448.487
125 362.000 347.945 345.860 348.104 350.186 348.372 347.185 342.710 349.961 346.508 345.231
126 332.000 358.772 362.586 366.903 364.494 369.561 364.268 380.536 372.484 362.533 379.573
127 307.000 347.638 344.959 345.972 345.888 356.689 348.032 343.937 347.735 345.785 345.579
128 400.000 397.432 396.414 397.322 397.734 398.222 396.181 398.264 395.187 398.014 396.452
129 490.000 472.572 472.280 474.808 463.949 474.710 479.711 473.056 475.851 470.732 471.941
130 354.000 356.932 356.427 358.788 356.848 355.044 357.525 359.564 357.797 354.741 355.801
131 326.000 331.735 330.656 330.945 334.041 328.331 332.246 331.311 329.592 333.831 330.525
132 326.000 325.219 324.950 324.747 328.443 327.714 328.520 322.795 328.992 330.012 329.961
133 409.000 407.999 408.333 408.844 410.305 409.850 409.736 409.190 410.440 407.855 410.032
134 562.000 471.993 465.827 465.995 459.572 452.019 450.690 459.771 472.028 466.747 457.736
135 332.000 356.681 355.997 361.236 356.456 359.141 356.742 359.210 356.419 360.068 357.368
136 472.000 428.673 431.567 428.281 430.483 408.369 439.627 416.103 436.541 426.280 446.629
137 405.000 410.897 411.271 407.501 409.462 409.967 411.903 409.101 410.646 412.689 410.561
138 394.000 395.806 398.099 397.751 398.586 397.657 398.842 399.435 398.735 396.664 397.403
139 324.000 329.324 329.018 329.875 328.613 328.917 327.322 327.968 327.927 327.870 328.574
140 555.000 556.462 551.495 554.175 550.944 554.785 554.983 552.400 554.779 560.346 551.814
141 324.000 317.390 310.185 317.519 316.654 316.703 316.317 305.157 318.630 318.022 315.688
142 422.000 474.026 495.374 482.563 497.238 481.834 459.364 498.076 489.807 499.688 493.421
143 429.000 424.675 426.553 423.440 424.230 426.168 425.545 427.081 428.171 425.245 426.783
144 314.000 328.685 328.491 330.407 324.475 327.735 324.592 324.413 328.267 329.691 325.059
145 445.000 446.973 443.903 446.686 446.267 446.496 446.611 446.654 447.204 446.968 446.623
146 420.000 438.400 439.508 434.893 437.630 430.957 439.755 440.405 440.126 437.628 439.868
147 350.000 343.809 350.367 345.662 345.354 348.979 347.625 347.226 347.922 348.715 349.088
148 381.000 384.700 378.417 383.974 380.251 371.748 375.188 372.673 375.021 379.084 384.475
149 340.000 306.523 306.754 306.604 314.134 299.868 306.199 297.056 311.301 310.443 308.837
150 462.000 467.475 462.577 466.921 466.192 467.987 461.559 469.092 466.760 464.856 465.187
151 545.000 540.490 530.754 537.611 533.988 538.540 533.185 539.377 539.187 536.285 538.762
152 401.000 402.969 402.654 405.328 405.330 404.834 403.409 402.052 405.170 404.246 402.933
153 450.000 427.169 436.141 433.217 434.414 428.016 435.199 436.103 436.545 436.851 437.803
154 495.000 507.999 506.064 502.303 510.439 505.207 516.089 501.964 514.373 506.677 509.146
155 415.000 400.501 404.296 392.596 406.225 401.782 403.161 409.802 409.817 405.091 404.175
156 580.000 567.122 573.291 561.598 576.282 576.020 584.164 572.786 516.526 533.514 540.332
157 412.000 407.726 405.680 410.426 410.385 406.944 402.331 409.574 407.002 405.973 407.998
158 446.000 452.543 452.301 453.252 455.640 455.209 455.581 454.530 450.375 453.035 452.811
159 330.000 303.441 305.623 306.232 308.589 306.763 306.509 308.747 319.760 300.069 303.128
160 325.000 341.986 341.248 342.355 344.112 341.614 343.024 339.481 341.166 342.475 341.870
161 316.000 324.653 317.779 319.701 312.659 318.085 315.181 317.140 317.625 326.506 325.310
162 408.000 406.309 407.234 408.191 407.624 403.664 407.879 403.174 404.076 404.378 400.061
163 428.000 424.044 424.051 423.244 424.104 425.786 423.253 426.119 424.141 424.839 424.486
164 396.000 444.707 453.261 476.767 470.651 482.368 439.600 480.000 451.025 446.846 458.730
165 385.000 376.271 379.721 377.784 372.983 377.771 379.199 378.258 377.580 365.438 376.867
166 335.000 338.269 335.873 336.378 336.181 335.776 339.596 335.477 334.710 336.385 335.577
167 339.000 334.774 331.761 334.884 332.444 335.972 330.859 334.856 333.270 334.530 329.792
168 419.000 417.581 419.270 421.787 419.821 418.991 420.243 419.227 416.907 418.355 420.613
169 321.000 317.080 314.884 314.072 314.657 315.513 315.640 316.850 314.185 312.007 314.435
170 419.000 416.339 416.270 416.432 414.425 415.455 415.777 417.383 415.565 416.985 415.441
171 423.000 418.787 405.487 421.888 419.123 421.779 420.629 422.525 421.648 421.126 423.982
172 416.000 419.622 416.609 419.895 416.881 417.593 416.862 417.891 415.964 416.775 416.742
173 434.000 423.714 427.463 423.786 426.120 424.557 421.623 406.443 425.249 426.170 419.483
174 329.000 330.441 329.644 331.734 332.092 328.984 330.647 331.295 330.834 333.187 330.704
175 450.000 429.195 430.215 430.548 432.331 430.291 430.716 428.391 429.918 426.577 431.551
176 333.000 325.451 321.092 323.841 323.422 324.290 323.329 323.658 325.242 325.079 323.312
177 420.000 407.275 401.763 406.230 407.911 408.870 407.859 405.516 407.356 408.146 408.274
178 315.000 333.753 334.693 335.191 334.631 332.306 333.969 333.047 334.977 332.925 329.842
179 349.000 338.018 337.751 309.891 337.869 336.519 336.714 338.590 337.845 311.401 338.075
180 431.000 350.286 347.838 351.742 353.555 348.350 353.237 364.814 346.171 369.841 346.445
181 407.000 399.161 398.473 397.661 397.866 399.087 397.440 399.405 398.149 400.387 398.463
182 424.000 424.967 424.645 425.083 425.696 425.271 424.795 425.394 423.549 424.732 425.212
183 425.000 425.296 423.809 425.985 423.000 425.399 425.466 423.639 424.155 426.687 424.468
184 588.000 601.790 584.305 577.994 604.255 592.071 589.317 602.564 600.331 596.570 598.801
185 332.000 307.429 310.201 302.860 305.816 306.186 303.279 304.363 307.432 306.581 304.180
186 379.000 407.515 379.832 425.746 424.921 434.086 407.187 429.381 406.760 396.885 399.019
187 586.000 592.456 595.174 583.676 585.849 590.007 588.218 596.789 585.827 590.282 591.364
188 528.000 551.638 576.273 575.293 573.040 603.334 571.725 505.903 563.040 580.272 575.076
189 425.000 453.152 456.356 460.731 458.607 448.920 455.057 449.441 453.041 447.146 459.180
190 398.000 409.979 406.292 398.082 398.687 395.933 398.970 400.263 403.234 408.433 403.313
191 492.000 493.998 497.542 494.642 498.689 501.440 496.509 497.105 502.376 499.967 498.648
192 395.000 405.507 401.839 402.515 401.437 401.396 403.021 399.480 403.542 404.740 404.184
193 503.000 443.938 441.081 440.733 440.647 443.049 439.478 439.547 439.903 440.537 442.866
194 402.000 412.448 409.382 410.339 410.759 408.418 409.121 411.444 409.684 409.680 410.847
195 316.000 302.013 308.253 303.268 304.908 305.661 305.240 307.796 306.203 305.756 306.912
196 537.000 499.104 491.439 480.481 489.222 477.509 480.671 492.367 484.015 467.773 480.207
197 426.000 414.183 413.451 416.562 420.423 418.943 417.347 418.540 416.934 417.593 399.784
198 414.000 459.559 459.385 460.764 457.421 461.472 458.984 459.109 458.714 459.640 460.194
199 460.000 531.291 574.774 533.237 531.619 533.196 530.275 527.685 575.804 534.078 525.724
200 438.000 433.458 433.833 434.932 434.786 435.331 433.687 434.001 440.225 433.535 434.179
201 418.000 413.529 416.332 410.979 411.876 411.298 416.486 413.530 414.339 413.573 415.575
202 432.000 422.453 412.968 415.424 418.108 419.045 423.358 414.770 418.260 421.657 422.881
203 422.000 418.096 418.578 419.834 417.243 419.414 410.754 418.823 416.713 419.650 423.831
204 450.000 432.181 428.241 429.197 424.104 434.409 430.554 431.349 434.392 432.561 431.544
205 362.000 364.081 359.355 364.035 360.041 383.246 365.377 360.675 366.120 360.478 361.542
206 500.000 476.663 473.268 477.641 485.549 478.946 456.664 485.475 487.155 484.136 472.162
207 361.000 360.201 351.716 359.128 355.278 353.099 351.412 350.247 358.627 353.850 358.330
208 439.000 431.447 444.446 439.836 445.153 443.287 449.425 455.879 447.600 434.318 446.157
209 382.000 408.624 403.017 406.572 398.570 396.907 399.513 388.533 405.414 402.440 403.086
210 446.000 442.502 441.093 433.467 433.628 439.668 439.832 439.197 442.628 442.767 439.378
211 420.000 423.181 424.374 423.655 422.915 423.856 413.192 423.780 424.276 423.582 421.776
212 420.000 418.410 419.307 418.070 418.480 418.784 420.822 419.333 418.823 418.217 419.776
213 488.000 420.000 429.086 426.906 423.082 416.124 429.508 421.662 429.179 430.183 428.030
214 395.000 401.379 405.442 403.128 402.881 401.057 403.368 402.425 401.676 402.943 401.456
215 399.000 398.042 401.708 399.196 399.668 399.373 398.429 400.371 401.663 400.482 399.842
216 356.000 349.890 349.215 350.723 349.665 350.246 349.978 350.696 349.355 352.116 350.788
217 440.000 434.763 430.984 434.510 440.087 438.370 442.883 442.847 433.711 441.355 438.190
218 342.000 332.761 332.794 346.759 325.382 334.818 328.198 343.366 337.659 335.855 331.662
219 535.000 454.169 447.183 446.786 442.291 449.999 438.589 446.087 458.696 457.397 447.515
220 525.000 503.899 498.765 507.911 502.768 506.389 505.779 504.444 503.810 508.398 509.680
221 526.000 515.950 518.521 517.522 518.898 514.950 518.680 512.776 518.623 512.017 519.536
222 318.000 322.416 322.014 321.125 322.199 320.926 319.847 322.339 321.189 321.736 319.565
223 518.000 501.225 506.056 503.493 506.992 506.445 503.791 511.603 501.859 503.682 501.852
224 366.000 382.597 383.431 373.606 372.880 370.912 374.716 383.166 379.410 370.318 378.091
225 349.000 350.771 351.774 354.414 350.528 351.260 348.578 351.859 350.229 350.448 352.025
226 396.000 396.526 396.154 394.267 394.811 394.354 394.527 396.437 393.841 395.520 394.586
227 380.000 376.876 376.532 374.779 375.452 376.426 377.108 375.943 376.173 377.275 374.969
228 375.000 355.661 351.033 352.838 366.983 356.160 363.001 355.515 357.294 352.335 358.460
229 455.000 445.260 447.516 448.033 448.690 448.697 449.549 446.021 450.113 447.959 449.137
230 428.000 443.853 441.728 445.293 442.429 448.857 448.056 443.232 442.059 447.797 445.285
231 334.000 332.382 331.537 330.134 333.683 327.397 333.500 332.520 330.461 331.011 331.406
232 337.000 322.428 325.793 325.213 324.056 320.618 321.992 321.294 325.583 324.299 325.205
233 418.000 422.098 419.007 424.235 418.842 418.295 419.245 419.750 419.273 418.498 419.522
234 310.000 347.710 340.124 350.513 350.576 346.329 348.540 350.022 350.251 348.435 355.551
235 395.000 398.781 399.990 396.755 399.305 398.475 400.178 400.059 398.943 398.340 399.372
236 450.000 439.335 448.082 434.029 433.951 439.705 442.490 442.110 434.374 434.742 433.001
237 368.000 380.577 373.903 372.404 376.847 373.831 381.142 374.388 371.980 374.441 376.785
238 468.000 414.380 451.535 449.307 447.001 451.039 447.659 448.706 451.182 449.797 449.477
239 305.000 318.453 317.875 314.923 315.025 318.120 318.709 318.702 314.667 312.177 312.740
240 303.000 330.107 335.882 329.914 335.200 338.087 335.215 334.623 336.766 340.282 331.650
241 316.000 313.148 321.948 320.122 317.782 318.307 319.908 322.779 317.766 321.362 317.610
242 360.000 372.056 368.609 373.087 372.957 368.788 370.155 366.092 366.500 367.196 368.491
243 466.000 457.072 454.654 464.554 456.761 460.989 457.115 456.679 458.890 458.728 454.458
244 422.000 430.389 432.026 435.215 427.479 421.673 425.286 417.984 427.413 419.657 423.601
245 418.000 379.534 393.247 379.491 400.086 392.241 389.855 390.013 387.789 389.563 393.362
246 409.000 408.406 406.915 410.638 407.465 408.336 407.894 408.201 409.306 409.601 410.584
247 326.000 361.038 361.997 359.722 361.368 360.322 358.998 361.690 361.003 362.458 360.217
248 328.000 334.854 329.939 334.145 340.825 358.301 331.276 331.550 336.607 333.864 353.753
249 369.000 379.405 373.210 376.074 377.468 378.816 376.793 373.200 378.379 373.897 375.774
250 346.000 349.195 343.988 345.921 347.576 344.060 347.269 347.665 339.543 345.254 343.172
251 407.000 407.948 409.455 408.577 407.162 406.682 406.986 408.478 403.000 408.155 406.082
252 414.000 401.056 420.872 397.601 399.698 399.766 400.130 392.286 398.625 402.227 396.245
253 501.000 480.043 491.548 480.631 477.988 473.911 475.158 479.563 488.465 478.691 485.272
254 421.000 415.009 415.217 415.309 415.121 415.281 414.951 413.724 415.394 414.939 414.668
255 316.000 321.604 319.553 322.999 321.453 320.638 321.875 329.797 321.849 324.963 321.843
256 328.000 323.055 325.937 327.048 313.175 328.146 326.271 317.699 329.429 326.683 327.519
257 445.000 436.104 430.395 433.781 427.302 427.113 434.385 444.273 427.044 422.844 434.412
258 371.000 364.960 364.742 363.383 367.618 367.397 365.866 365.758 363.324 364.538 366.359
259 484.000 461.020 462.139 461.777 459.598 460.127 461.548 460.754 461.025 462.332 462.623
260 418.000 417.974 417.553 417.722 418.049 418.072 417.786 418.052 415.998 416.494 419.013
261 371.000 386.298 386.018 383.801 369.394 391.941 382.904 388.974 393.227 390.478 383.237
262 331.000 322.273 318.577 320.695 323.437 321.797 321.926 324.017 319.816 321.556 321.085
263 586.000 547.380 543.431 547.126 545.422 546.200 543.408 550.419 539.028 544.697 546.908
264 434.000 450.607 452.591 449.831 451.335 442.349 450.262 451.605 451.007 449.666 451.061
265 412.000 442.267 441.547 441.947 441.177 440.894 439.775 442.936 442.066 440.691 441.699
266 483.000 400.817 446.753 430.552 430.590 423.543 444.208 439.473 415.243 433.273 410.518
267 393.000 386.466 392.055 390.519 389.975 390.362 387.509 392.328 390.428 390.706 388.910
268 386.000 395.587 396.945 395.730 395.701 398.526 398.786 395.585 395.045 395.962 397.546
269 344.000 375.745 363.190 364.537 350.562 362.916 364.110 358.087 340.054 347.898 357.725
270 392.000 362.693 372.807 368.916 374.878 373.428 375.239 374.414 375.407 370.365 379.607
271 460.000 469.275 474.165 459.474 466.693 469.714 472.452 470.684 458.923 476.308 465.870
272 321.000 317.292 313.024 315.141 312.834 313.709 316.518 314.728 317.242 316.628 315.364
273 311.000 332.708 332.144 337.406 333.119 334.221 332.532 335.970 335.227 337.432 333.676
274 391.000 337.618 331.702 347.050 338.499 338.444 338.318 352.772 347.362 332.017 334.687
275 431.000 428.862 430.964 430.802 430.295 431.065 431.935 427.117 429.988 429.893 432.339
276 357.000 357.504 359.957 355.756 359.041 354.990 358.905 358.298 357.467 353.322 355.216
277 414.000 425.846 424.812 422.833 422.658 425.159 429.971 428.790 423.572 426.169 425.208
278 452.000 431.858 431.645 435.679 439.953 438.095 436.167 435.744 434.215 435.148 432.884
279 437.000 409.493 417.914 417.455 421.970 402.665 419.592 411.742 408.726 416.724 413.486
280 315.000 310.461 310.955 310.212 308.061 310.024 309.938 309.941 308.977 309.881 309.152
281 435.000 427.656 437.737 430.364 439.343 430.590 428.698 431.434 429.551 429.993 432.111
282 448.000 452.250 446.445 440.173 449.178 457.309 438.165 460.953 449.120 451.845 449.515
283 416.000 422.970 421.195 421.098 418.472 424.938 419.229 419.027 420.243 424.591 424.823
284 328.000 336.537 333.171 301.426 337.019 336.805 336.987 338.101 335.052 303.473 335.043
285 390.000 397.872 399.044 398.843 396.184 398.479 400.118 399.228 398.550 398.237 397.296
286 310.000 320.044 320.744 322.109 321.437 324.273 323.573 324.210 316.121 323.995 321.090
287 365.000 350.860 359.363 347.897 344.523 348.730 343.939 349.421 351.084 346.142 354.829
288 402.000 350.231 322.286 350.942 338.748 334.814 331.059 328.970 345.854 339.890 331.341
289 372.000 398.654 402.212 396.708 400.786 399.852 401.338 400.317 398.775 394.497 400.755
290 428.000 462.731 458.561 447.215 463.573 450.025 447.481 460.060 464.117 463.706 461.924
291 267.000 413.990 415.779 406.105 422.960 412.696 403.025 411.863 403.961 416.325 411.133
292 330.000 328.951 329.463 329.516 329.818 330.108 330.869 330.459 329.628 331.699 330.832
293 598.000 587.601 587.023 599.711 586.625 595.603 589.572 589.867 595.357 591.918 592.487
294 392.000 368.533 370.466 376.449 375.456 376.039 374.486 377.549 394.084 389.341 405.363
295 430.000 447.383 445.587 442.018 448.758 454.662 460.125 450.999 444.932 451.766 448.371
296 340.000 367.111 368.288 363.488 364.259 373.577 366.174 362.144 366.386 369.525 371.235
297 312.000 320.050 319.543 320.019 317.861 329.049 317.868 330.926 318.174 331.282 319.885
298 327.000 336.138 339.565 337.139 339.042 335.716 336.313 334.247 337.474 336.265 336.379
299 342.000 357.960 355.837 356.996 360.546 369.222 359.516 376.578 372.433 353.655 360.126
300 417.000 418.094 417.759 418.663 420.080 420.345 420.522 418.789 418.858 420.833 417.746
301 318.000 315.183 316.586 313.385 316.697 315.005 315.313 314.717 315.556 314.661 314.574
302 329.000 328.104 324.877 325.169 333.843 328.362 326.104 343.956 328.885 329.014 325.976
303 339.000 352.432 349.777 348.589 349.514 353.341 347.569 350.654 348.991 348.517 349.318
304 334.000 344.675 342.625 344.910 340.926 344.073 342.066 342.838 343.097 342.510 345.330
305 346.000 332.997 330.354 385.687 342.381 341.575 329.387 351.470 329.188 377.658 368.117
306 420.000 421.290 420.007 420.289 420.925 421.857 420.936 420.574 420.219 419.933 421.286
307 371.000 404.550 403.297 406.779 402.610 398.500 397.051 399.741 406.365 399.465 405.350
308 560.000 577.704 579.013 566.377 583.651 572.523 577.378 579.553 581.983 577.430 582.035
309 512.000 503.849 501.881 503.351 504.823 499.844 503.276 498.744 498.918 498.074 502.946
310 410.000 413.868 414.271 413.535 412.177 411.757 412.651 412.709 412.735 412.603 412.229
311 473.000 461.148 458.462 457.322 458.204 460.107 457.899 455.991 459.496 458.393 461.336
312 427.000 431.547 434.310 431.064 435.165 430.992 432.456 431.303 430.956 433.228 431.186
313 326.000 324.328 330.205 330.649 338.480 335.186 339.846 327.593 338.834 339.354 335.167
314 405.000 371.709 413.778 415.458 407.142 414.954 408.046 416.782 408.651 404.888 413.623
315 442.000 432.173 426.230 427.171 439.042 431.017 439.149 434.979 435.708 433.800 436.641
316 330.000 334.113 330.466 330.448 330.623 332.244 331.167 330.754 330.502 334.094 333.728
317 328.000 300.321 295.672 312.362 300.585 313.749 294.902 300.431 296.251 321.717 302.680
318 436.000 430.054 430.142 429.710 427.584 430.347 425.837 431.244 423.858 427.282 427.658
319 410.000 408.482 407.073 407.474 403.594 407.736 406.523 405.722 406.683 407.344 404.369
320 462.000 447.194 445.780 448.974 439.733 438.789 449.262 434.966 443.559 438.065 440.651
321 471.000 460.958 458.806 458.364 452.225 463.412 457.876 460.344 461.133 457.093 458.398
322 427.000 424.438 425.006 425.037 423.100 423.790 425.464 424.557 424.492 422.333 425.532
323 464.000 456.124 455.989 455.379 455.453 453.168 453.482 455.930 456.189 451.809 455.834
324 446.000 442.868 444.958 446.012 442.865 447.481 442.852 450.319 443.733 447.586 446.253
325 583.000 583.135 594.579 589.628 580.782 582.908 582.612 587.360 587.619 585.355 586.239
326 562.000 489.628 494.676 518.887 498.558 506.922 497.807 494.401 483.883 495.597 487.087
327 313.000 314.813 315.003 314.531 314.338 316.974 314.618 314.912 315.093 317.818 314.565
328 422.000 426.015 424.179 421.652 423.767 424.572 421.228 426.755 424.738 422.270 423.435
329 382.000 422.041 406.961 419.011 412.292 420.221 424.369 418.730 412.090 415.306 424.342
330 398.000 370.690 371.249 370.370 367.389 368.936 368.699 371.290 370.112 371.639 370.059
331 371.000 382.215 380.742 382.542 381.628 377.253 381.160 380.857 381.925 382.756 383.417
332 414.000 405.533 399.779 410.046 412.798 410.967 409.543 409.086 403.783 410.994 408.291
333 440.000 446.223 443.851 442.225 442.753 442.762 443.706 442.987 442.822 443.970 442.580
334 599.000 590.791 591.503 592.701 598.773 596.749 592.588 588.146 590.540 595.968 588.739
335 353.000 350.354 345.673 345.396 346.454 347.793 345.982 346.687 346.083 346.524 347.587
336 404.000 442.029 431.820 425.746 434.987 435.295 437.269 441.811 441.739 434.128 440.239
337 406.000 420.616 423.323 418.032 418.723 420.590 418.127 420.792 418.913 418.965 420.007
338 324.000 334.914 336.049 338.716 339.145 333.606 333.593 335.251 333.900 334.138 335.620
339 337.000 337.223 337.309 338.215 337.099 337.151 337.845 336.322 337.058 335.607 336.072
340 395.000 402.524 402.627 406.593 401.657 404.238 401.729 403.915 403.613 410.163 408.192
341 407.000 420.811 421.361 418.824 419.516 418.384 418.598 415.930 418.451 417.233 418.742
342 330.000 341.248 343.584 340.748 340.619 340.986 337.992 339.514 340.366 338.289 340.300
343 417.000 443.733 447.712 445.708 442.542 447.078 443.804 444.729 441.489 443.966 442.971
344 395.000 405.195 402.266 401.062 403.926 403.784 402.027 401.770 401.949 401.365 403.985
345 503.000 393.638 388.748 397.636 393.053 393.216 394.021 393.107 396.963 397.804 399.667
346 448.000 444.664 444.462 442.972 447.549 443.142 446.155 449.338 444.625 446.286 444.887
347 363.000 359.517 365.132 367.232 366.320 359.109 357.028 361.978 373.615 367.070 363.254
348 386.000 383.376 372.661 380.396 381.874 381.993 380.382 381.546 382.826 380.051 380.665
349 330.000 323.427 325.786 322.392 324.820 323.233 325.287 324.780 324.500 325.519 325.755
350 488.000 353.296 349.783 349.863 351.789 352.937 353.730 350.265 348.690 350.923 357.361
351 479.000 475.802 474.918 469.599 477.620 468.467 477.267 474.877 474.356 474.124 475.532
352 338.000 339.677 354.832 355.791 349.250 368.124 349.601 352.994 355.892 343.362 352.887
353 456.000 463.433 454.937 460.654 467.416 463.908 456.078 456.551 450.583 458.571 463.363
354 418.000 412.263 405.419 409.819 407.184 412.246 405.489 411.253 412.719 406.945 413.207
355 322.000 319.963 318.174 320.528 317.335 320.712 320.965 320.131 321.539 320.917 319.618
356 321.000 315.260 312.021 314.912 315.708 316.565 317.035 315.247 315.715 316.720 310.486
357 335.000 351.475 345.800 327.504 345.850 348.518 338.138 345.403 340.425 349.071 336.300
358 394.000 398.058 398.915 400.633 397.841 400.390 401.578 399.280 400.687 398.869 397.809
359 398.000 390.797 395.303 391.802 389.784 386.036 393.673 390.025 392.558 388.854 391.925
360 421.000 432.036 434.798 431.860 434.049 424.101 430.964 438.876 430.789 438.340 440.304
361 364.000 379.479 383.874 379.224 379.735 388.452 376.360 378.331 372.784 378.801 374.946
362 322.000 323.339 323.988 324.068 321.096 318.404 321.210 321.508 319.929 321.095 319.029
363 446.000 459.062 454.879 457.012 457.417 459.362 456.316 454.146 455.710 458.204 456.739
364 340.000 339.074 339.868 337.260 339.003 338.448 338.654 338.311 338.899 338.182 340.442
365 340.000 376.685 379.480 358.438 360.470 362.742 356.260 348.593 355.709 368.888 347.560
366 452.000 349.210 360.477 344.263 351.024 343.585 361.414 352.129 352.429 354.674 352.909
367 367.000 362.789 358.035 367.249 394.211 363.713 362.054 386.976 364.101 366.307 385.098
368 425.000 426.497 426.212 426.040 426.572 425.939 425.572 429.402 423.962 426.305 425.722
369 399.000 369.045 366.514 372.346 371.304 369.713 376.169 371.523 372.341 366.244 392.069
370 420.000 420.089 421.449 418.777 419.901 419.968 421.041 420.503 419.510 421.827 419.326
371 526.000 538.305 533.528 543.850 536.036 539.710 536.638 535.099 536.630 541.501 536.752
372 343.000 366.945 371.128 364.394 365.318 370.428 374.081 364.329 362.971 374.430 366.473
373 420.000 482.472 480.115 509.826 493.794 513.880 506.953 519.394 492.999 494.548 485.988
374 403.000 382.436 382.874 387.211 380.031 381.575 383.667 380.549 381.112 379.804 380.023
375 495.000 473.976 462.119 468.449 470.540 472.522 466.459 469.825 472.375 468.594 463.887
376 564.000 499.422 498.994 498.500 505.256 499.741 496.345 495.508 494.047 500.646 498.511
377 420.000 529.607 524.397 535.739 510.999 515.939 536.676 543.755 526.400 534.903 528.615
378 414.000 430.473 436.962 431.724 429.151 428.105 432.785 435.530 434.973 432.542 432.045
379 328.000 325.564 325.731 325.606 326.488 322.279 325.717 326.002 322.045 323.531 319.668
380 546.000 480.946 477.189 483.238 485.403 480.621 478.427 487.698 488.845 481.711 492.772
381 323.000 325.557 321.809 321.633 321.765 321.799 324.615 323.490 322.361 321.426 324.201
382 413.000 411.784 412.237 411.928 411.606 412.353 412.805 413.038 411.613 411.814 412.109
383 360.000 344.920 347.903 350.619 346.785 349.119 356.532 335.034 339.120 343.508 350.929
384 411.000 415.495 414.225 414.380 417.919 413.525 413.977 416.765 412.476 414.725 394.061
385 346.000 339.385 338.997 338.976 336.808 338.337 339.785 340.888 337.599 336.310 337.369
386 449.000 469.491 473.624 469.609 472.684 471.751 470.076 472.129 468.475 470.549 469.780
387 389.000 340.139 357.801 349.116 329.468 335.445 336.815 345.801 335.660 336.745 342.839
388 340.000 356.725 352.825 341.224 352.201 370.108 350.328 338.535 354.773 343.714 366.764
389 343.000 344.374 345.428 345.213 342.647 345.029 330.458 342.066 342.464 342.573 344.848
390 404.000 403.024 402.341 403.304 404.942 405.157 404.459 403.211 403.446 403.277 403.667
391 451.000 452.710 451.906 452.658 454.184 449.648 451.374 451.867 452.508 453.377 450.724
392 359.000 360.805 367.095 364.779 363.074 362.738 360.797 363.122 360.301 359.799 360.414
393 410.000 410.892 411.386 409.499 410.062 410.808 412.367 409.817 411.249 410.226 412.413
394 340.000 340.719 341.295 344.006 342.659 344.491 344.173 342.667 341.335 342.484 341.441
395 504.000 523.136 517.709 523.908 524.829 527.934 526.806 519.429 521.117 527.972 526.423
396 546.000 551.402 552.700 561.536 569.133 545.184 541.863 527.680 539.115 555.513 563.773
397 392.000 393.496 392.840 395.780 394.876 392.468 392.461 394.255 393.859 394.856 386.949
398 413.000 414.438 409.946 412.887 413.226 412.245 409.796 412.106 412.579 411.623 411.505
399 325.000 350.919 351.324 359.446 354.281 356.817 349.419 354.543 354.912 348.403 352.010
400 297.000 299.381 299.173 288.336 299.443 298.481 299.549 301.292 298.780 298.225 299.915
401 397.000 404.790 398.059 404.343 402.269 397.262 402.283 400.694 399.864 399.806 401.724
402 428.000 422.236 421.072 423.559 421.029 421.189 422.519 420.978 422.181 419.601 422.472
403 440.000 433.194 434.165 433.137 433.170 436.348 434.262 434.343 434.470 433.877 431.848
404 604.000 605.273 604.086 606.600 603.935 595.706 606.190 603.594 610.963 603.704 607.094
405 442.000 438.660 439.081 438.080 439.359 439.309 437.631 439.323 440.062 439.693 438.295
406 462.000 459.281 460.247 450.336 452.029 460.069 459.153 456.640 461.743 458.313 455.865
407 491.000 506.435 487.086 485.623 491.359 503.521 497.407 487.696 491.536 493.875 496.658
408 495.000 493.154 493.280 495.030 489.209 486.724 491.627 469.727 490.301 488.421 487.755
409 394.000 348.292 351.500 341.153 347.555 344.918 360.367 340.620 349.789 359.105 354.430
410 320.000 333.539 330.023 329.060 327.363 330.287 332.000 333.976 328.354 324.045 332.706
411 445.000 438.952 442.197 432.235 432.692 439.490 437.049 439.767 441.738 440.103 439.359
412 350.000 332.332 327.190 328.493 332.594 330.942 328.776 331.712 333.090 334.464 331.415
413 332.000 324.057 322.687 324.096 324.474 323.574 323.511 313.430 318.605 317.957 326.282
414 411.000 422.052 411.561 421.132 422.907 418.433 426.350 419.742 423.449 419.188 412.363
415 341.000 359.672 382.781 370.373 364.954 366.331 371.462 358.531 359.370 363.086 352.819
416 452.000 458.218 459.707 456.667 458.146 457.165 457.173 457.121 457.274 456.592 455.649
417 398.000 401.121 399.903 391.354 392.908 398.962 390.228 390.312 404.553 392.407 395.863
418 357.000 348.334 348.308 350.297 347.803 345.982 348.748 345.645 348.670 349.704 350.257
419 410.000 478.970 457.235 438.550 469.696 439.056 461.719 459.696 458.022 465.132 460.953
420 411.000 378.460 368.756 394.344 368.495 360.113 373.232 370.955 388.360 396.627 374.385
421 316.000 310.716 312.002 310.722 307.506 310.801 308.480 304.428 311.494 318.859 310.499
422 454.000 436.839 430.648 431.689 431.848 432.035 436.883 431.393 432.286 430.540 439.084
423 492.000 489.529 487.468 489.759 486.894 489.133 488.137 485.468 487.265 491.406 489.826
424 405.000 419.017 421.084 418.218 417.876 416.236 417.017 418.485 418.703 419.327 418.600
425 357.000 365.042 369.119 375.001 370.688 372.232 376.004 375.041 378.216 377.055 363.218
426 424.000 420.064 418.873 423.981 419.160 420.238 410.671 420.686 419.428 423.319 421.012
427 335.000 353.021 352.730 351.644 351.428 357.203 356.350 351.152 352.300 350.500 348.829
428 438.000 442.806 440.861 439.515 442.953 440.782 438.821 442.088 441.092 443.104 443.322
429 525.000 398.030 400.659 395.989 400.655 396.489 399.488 400.966 399.360 398.201 404.330
430 331.000 367.251 368.784 367.033 371.361 370.782 366.892 364.828 357.686 367.082 358.357
431 431.000 429.587 430.953 435.961 432.108 432.067 432.151 434.205 432.783 432.167 433.480
432 591.000 594.091 592.216 598.464 596.802 590.202 598.600 603.787 601.538 597.651 597.001
433 414.000 422.439 421.568 422.836 422.507 425.651 424.944 426.825 421.549 418.538 425.387
434 388.000 391.821 392.809 393.263 393.067 394.001 393.322 394.902 395.132 393.901 393.032
435 585.000 578.687 569.250 576.252 574.258 579.680 571.091 575.845 582.495 581.029 580.369
436 398.000 402.233 398.869 402.955 400.108 401.326 400.666 398.251 399.363 399.755 399.937
437 441.000 377.234 382.722 389.029 371.521 390.243 391.960 385.814 386.583 376.484 382.521
438 309.000 302.568 299.356 297.343 299.919 296.325 301.007 297.970 293.841 302.371 298.564
439 518.000 518.772 524.088 528.227 523.722 514.191 532.306 521.420 527.499 525.504 520.939
440 416.000 424.920 423.087 422.282 422.472 422.360 422.311 423.742 422.444 421.523 422.472
441 412.000 417.511 418.364 416.845 417.687 416.982 417.897 414.779 417.074 416.704 417.708
442 385.000 404.734 408.501 401.231 400.811 400.615 405.994 404.665 401.417 395.915 400.257
443 325.000 323.589 323.224 326.714 330.752 329.810 327.650 324.702 328.699 329.871 328.749
444 325.000 353.408 339.217 339.238 335.532 344.597 339.491 338.995 344.137 341.876 345.412
445 328.000 346.969 342.748 350.576 335.676 348.820 342.758 344.652 343.990 346.170 341.473
446 397.000 396.108 395.259 396.094 395.531 396.616 395.784 396.552 395.569 395.552 395.595
447 407.000 407.423 408.631 408.615 408.013 409.170 409.602 410.022 408.897 409.026 408.776
448 491.000 484.073 495.180 493.005 488.915 484.446 498.019 497.780 492.393 475.764 496.840
449 328.000 322.429 321.728 321.896 324.801 323.521 322.487 325.413 316.101 322.331 323.857
450 430.000 455.737 451.337 444.138 455.221 442.898 439.769 426.962 443.482 450.799 441.305
451 413.000 408.302 411.320 413.592 415.595 409.834 408.680 412.166 415.489 405.727 417.666
452 364.000 364.702 361.614 371.421 361.559 363.100 362.107 363.299 362.535 363.637 359.920
453 404.000 396.104 401.064 403.326 402.231 401.924 400.900 401.907 402.014 399.977 399.006
454 431.000 440.029 439.967 439.469 440.020 439.596 442.723 439.202 441.700 439.667 440.103
455 461.000 458.268 457.875 458.998 457.527 456.586 458.192 457.968 458.200 458.497 457.478
456 346.000 369.808 357.531 363.638 367.413 376.494 381.765 363.481 367.629 365.013 361.617
457 461.000 452.214 451.918 454.787 452.338 452.106 454.804 452.665 452.818 454.349 452.992
458 446.000 448.253 451.428 447.892 448.543 448.766 448.363 446.635 448.860 447.797 446.326
459 334.000 331.147 330.799 331.162 330.849 331.401 330.935 331.078 331.642 331.493 330.179
460 368.000 375.264 373.409 378.343 375.876 375.146 387.643 371.681 384.030 375.148 391.555
461 421.000 340.943 349.029 341.230 351.411 342.131 350.057 341.432 344.439 347.645 349.819
462 536.000 549.284 545.306 553.936 555.350 551.132 559.427 548.703 543.908 542.473 555.299
463 399.000 417.836 403.442 407.483 400.330 404.175 402.756 402.788 407.260 403.958 420.995
464 584.000 570.243 571.762 571.501 569.882 568.539 571.626 586.669 570.275 574.174 572.576
465 592.000 581.532 579.888 580.148 579.740 582.844 581.604 583.311 580.133 578.241 586.065
466 450.000 443.558 442.759 442.077 445.630 443.224 443.766 441.992 443.168 443.421 441.606
467 359.000 345.165 345.336 343.708 343.304 364.467 344.860 346.258 344.506 364.488 346.731
468 325.000 328.806 332.817 332.590 335.533 332.286 331.761 336.503 332.973 335.870 332.141
469 315.000 356.431 369.627 359.268 334.198 367.412 349.485 361.730 354.254 352.118 361.298
470 411.000 363.596 397.201 398.879 397.837 399.405 399.425 397.669 375.330 388.251 376.499
471 548.000 544.924 552.408 552.207 547.535 546.014 548.765 545.278 547.574 545.241 548.528
472 450.000 440.674 442.380 439.417 440.921 440.143 440.750 441.373 441.113 440.400 441.853
473 310.000 348.104 337.230 339.873 341.314 340.499 333.538 342.498 334.579 344.287 331.250
474 362.000 352.055 356.171 348.697 355.007 354.343 350.584 356.588 354.219 351.108 356.894
475 322.000 326.801 326.653 328.478 325.792 327.180 326.714 326.502 332.438 344.930 326.521
476 396.000 395.019 394.959 395.973 393.456 395.752 395.969 396.887 395.755 395.717 395.947
477 408.000 414.565 415.404 412.469 413.552 413.584 415.378 414.361 414.247 414.156 412.256
478 540.000 523.089 524.620 530.081 521.119 525.163 526.316 529.626 523.374 529.473 526.596
479 399.000 419.814 417.448 414.912 417.738 408.654 414.185 418.955 414.536 420.576 420.413
480 448.000 449.603 449.733 448.233 448.669 448.137 448.151 448.658 448.582 448.199 448.691
481 460.000 397.013 401.658 399.246 400.437 398.134 400.715 398.968 399.137 398.955 400.030
482 331.000 335.053 331.581 332.641 335.019 333.588 335.898 332.117 333.177 335.129 332.690
483 448.000 445.266 443.697 442.953 445.588 444.745 447.105 448.144 444.479 444.606 445.648
484 444.000 442.728 438.466 435.691 438.311 441.410 433.558 431.793 444.310 445.017 445.438
485 336.000 348.143 344.386 343.848 343.735 336.567 335.128 346.235 338.362 343.164 351.760
486 502.000 429.387 435.393 433.021 430.944 430.405 420.134 427.943 437.193 429.938 427.248
487 409.000 467.988 452.227 429.400 452.217 448.918 439.254 437.785 431.316 440.444 450.832
488 405.000 400.185 400.156 400.029 401.685 397.012 401.259 401.278 397.668 399.504 397.250
489 555.000 559.173 553.414 561.619 556.784 557.678 555.226 558.109 555.794 554.431 557.726
490 427.000 422.830 422.378 424.212 422.821 425.044 425.886 423.377 425.883 423.879 424.846
491 452.000 454.237 451.763 454.995 451.413 452.647 456.020 455.786 457.389 454.741 453.695
492 329.000 333.311 340.511 336.281 345.222 339.161 342.408 341.463 334.682 331.158 330.363
493 491.000 500.687 491.809 500.997 490.154 483.038 500.362 494.934 506.871 492.438 486.572
494 440.000 461.078 469.695 459.768 472.209 466.664 459.119 460.856 457.452 466.255 475.847
495 363.000 348.641 352.031 335.949 354.982 350.088 352.716 346.818 348.623 349.975 351.814
496 432.000 433.936 433.001 432.851 429.554 436.576 428.919 434.826 434.859 433.583 433.270
497 514.000 495.954 490.291 502.027 491.934 495.937 499.207 517.283 498.026 500.455 487.694
498 536.000 586.164 592.785 565.813 557.399 607.422 598.093 557.074 583.711 583.846 587.509
499 462.000 459.227 461.856 458.184 458.432 461.876 461.882 461.864 459.002 458.055 458.110
500 510.000 479.974 473.743 467.224 467.055 494.773 473.024 480.384 470.036 464.798 488.105
501 357.000 359.885 352.926 353.635 354.083 351.022 355.439 355.512 351.211 353.582 348.461
502 418.000 416.588 401.195 416.001 416.876 420.232 415.635 415.013 417.253 415.970 419.840
503 406.000 325.471 328.467 331.970 348.916 328.993 336.738 348.526 330.678 344.272 331.057
504 464.000 435.021 444.749 445.529 453.009 444.589 452.121 444.282 449.197 445.531 447.406
505 400.000 401.337 400.978 400.740 401.235 401.652 401.460 402.764 401.763 401.239 401.282
506 400.000 370.603 370.529 372.582 364.495 369.060 363.461 373.035 362.201 370.158 368.771
507 333.000 340.969 333.723 339.856 344.601 338.209 339.807 341.704 336.681 341.939 337.643
508 452.000 462.658 468.236 464.796 468.349 466.942 466.252 464.378 464.900 465.621 463.127
509 586.000 561.918 561.156 556.534 564.424 555.718 554.794 558.954 551.514 561.791 558.995
510 461.000 448.955 438.291 445.898 446.253 439.400 448.331 445.377 449.190 448.344 441.455
511 606.000 599.040 600.371 597.598 597.675 602.217 603.375 600.165 602.232 599.882 599.470
512 338.000 376.787 376.583 377.592 379.210 380.162 376.495 378.242 374.907 375.768 379.061
513 368.000 367.236 374.655 367.141 368.617 370.723 370.281 371.877 369.218 371.186 370.464
514 442.000 438.555 446.529 443.086 440.304 440.495 446.177 442.168 449.738 450.123 439.860
515 417.000 491.828 472.255 498.738 470.066 470.455 496.635 479.975 478.924 464.856 485.805
516 328.000 326.479 322.026 323.034 324.735 326.149 314.279 323.416 325.523 322.279 326.749
517 477.000 487.231 483.369 485.348 488.150 494.402 488.035 487.359 496.057 499.598 499.327
518 350.000 329.961 328.794 330.550 328.430 328.739 329.876 330.658 331.626 327.933 328.554
519 421.000 416.241 415.465 416.056 417.228 416.249 416.089 416.463 415.532 411.990 416.985
520 592.000 529.185 523.600 536.883 532.649 524.627 528.683 534.988 529.259 532.995 533.052
521 422.000 436.536 436.189 439.139 436.886 439.247 435.806 437.588 436.966 435.662 437.429
522 473.000 493.714 495.500 493.064 520.558 494.220 497.042 497.575 491.859 488.508 487.527
523 567.000 558.409 555.785 554.912 563.336 568.176 557.074 553.230 557.915 577.621 553.928
524 425.000 458.162 473.885 462.102 461.031 460.859 472.470 470.681 462.870 459.759 464.517
525 429.000 435.785 437.077 434.652 435.064 436.163 434.370 436.155 435.811 435.214 432.648
526 351.000 363.863 356.348 372.321 373.465 366.154 357.336 369.532 359.421 357.384 361.411
527 416.000 427.793 422.507 425.296 422.543 426.989 428.571 428.934 425.717 425.121 425.820
528 354.000 331.775 350.036 337.505 349.762 352.865 343.043 356.831 349.385 344.391 348.199
529 524.000 523.226 522.875 518.751 524.951 521.841 522.349 526.342 521.666 522.271 524.184
530 334.000 368.996 361.617 364.037 354.207 355.127 357.789 360.729 350.278 354.471 371.113
531 462.000 457.193 451.228 461.876 456.872 461.875 455.723 462.078 458.022 457.970 459.083
532 477.000 444.002 439.570 440.717 443.849 424.921 442.292 442.399 447.404 449.867 449.717
533 528.000 495.299 502.659 505.113 500.945 502.785 522.130 512.386 507.722 492.547 507.145
534 335.000 347.037 346.072 344.422 345.361 345.642 346.593 344.887 339.658 344.701 344.657
535 323.000 297.390 324.657 317.932 293.474 295.503 292.218 311.687 296.910 293.989 298.325
536 412.000 477.843 461.454 451.643 473.113 479.432 483.191 447.984 466.621 471.106 469.709
537 551.000 557.485 556.648 552.271 556.076 559.506 556.342 558.041 557.316 552.968 553.479
538 406.000 397.479 399.142 399.482 398.685 397.385 399.729 400.651 396.231 397.093 395.741
539 502.000 491.716 492.202 487.324 487.151 489.689 484.329 485.546 484.019 486.774 491.758
540 415.000 413.180 416.615 414.315 415.065 413.686 413.509 413.768 413.678 414.580 414.425
541 336.000 332.927 334.675 332.526 332.095 334.908 332.836 332.755 332.842 333.295 332.021
542 312.000 333.078 332.091 331.689 333.458 332.267 333.758 330.789 329.685 334.655 329.163
543 330.000 324.826 325.596 324.631 325.399 325.191 325.553 324.986 325.133 325.601 324.313
544 508.000 388.871 391.269 381.513 396.387 386.769 386.723 382.803 389.958 387.294 390.963
545 588.000 591.501 580.525 576.738 567.816 585.542 575.614 576.160 580.495 585.888 585.982
546 410.000 417.068 414.687 413.293 412.964 414.747 415.209 416.749 416.770 415.372 412.597
547 540.000 537.362 528.939 543.972 540.189 537.683 542.249 537.802 537.683 535.740 538.718
548 362.000 365.486 366.529 355.576 364.300 364.041 363.629 357.759 360.555 364.487 359.770
549 404.000 406.038 406.036 405.868 405.709 405.016 406.502 404.647 405.268 403.998 406.568
550 370.000 367.121 351.706 359.540 356.652 360.222 359.133 352.279 346.569 356.035 357.307
551 482.000 407.927 410.186 408.676 419.516 411.321 406.629 403.724 378.998 405.109 407.430
552 398.000 397.707 396.803 400.013 398.867 399.256 398.149 398.437 397.622 398.031 397.619
553 466.000 435.422 442.453 444.895 441.093 442.887 439.236 444.595 443.078 452.339 451.702
554 405.000 404.480 405.051 405.637 406.250 404.910 405.549 406.163 405.984 405.234 405.446
555 576.000 561.374 554.288 558.919 563.134 558.701 557.185 558.735 556.423 556.467 553.357
556 457.000 419.042 416.206 416.583 416.100 416.007 414.758 417.025 414.923 415.964 414.751
557 478.000 453.946 459.360 461.333 458.204 455.934 460.176 457.743 459.228 455.362 458.549
558 431.000 442.443 442.766 442.189 444.636 439.803 434.457 441.543 437.724 443.191 440.358
559 411.000 381.472 385.840 388.246 389.014 391.234 387.566 391.051 379.632 381.133 386.260
560 409.000 406.332 404.540 405.756 406.024 404.998 404.254 407.373 405.954 404.940 404.602
561 375.000 384.624 391.381 388.657 402.720 390.698 386.481 400.964 395.609 391.962 392.933
562 400.000 410.023 391.315 411.411 396.797 409.747 405.017 403.954 409.042 402.762 403.949
563 331.000 337.794 337.573 333.537 338.693 334.551 337.523 331.598 334.216 336.766 335.715
564 412.000 448.438 455.283 456.221 442.870 446.909 422.142 443.120 455.970 442.078 454.737
565 485.000 496.251 498.389 495.159 493.931 500.071 493.700 497.912 494.910 492.827 500.602
566 407.000 412.649 413.713 412.182 412.496 413.231 414.025 412.586 413.624 412.474 413.822
567 405.000 400.311 402.564 402.080 404.654 401.781 403.399 403.769 402.860 411.087 403.642
568 406.000 405.206 405.982 404.830 404.351 404.442 405.589 403.983 403.881 404.433 403.888
569 342.000 336.234 340.824 335.469 336.787 335.419 337.971 334.914 336.415 334.577 336.593
570 321.000 331.762 332.928 327.375 332.160 330.373 334.251 329.510 329.481 332.573 332.609
571 361.000 361.074 361.043 370.093 361.478 359.679 360.722 361.112 360.277 361.727 362.365
572 387.000 385.273 378.757 383.143 387.450 387.161 385.454 386.690 388.545 387.904 387.943
573 323.000 321.803 322.475 322.450 323.851 321.043 322.514 320.765 322.789 321.004 324.141
574 390.000 406.225 407.841 411.451 407.181 409.698 408.757 411.775 410.907 409.567 408.956
575 440.000 432.450 418.516 436.778 416.308 423.893 416.823 426.423 433.848 414.188 427.202
576 332.000 340.963 337.398 351.862 367.590 335.768 342.061 348.051 341.735 345.865 355.785
577 456.000 437.027 434.932 437.357 441.946 439.732 441.495 446.258 439.759 445.385 438.437
578 488.000 458.288 480.917 486.464 495.642 501.669 492.159 495.700 488.599 491.274 487.617
579 332.000 323.359 324.234 326.576 318.645 327.583 321.683 323.552 329.049 330.841 317.604
580 316.000 317.489 318.859 344.891 317.894 319.016 341.277 318.026 316.186 319.531 316.669
581 459.000 439.243 435.827 447.430 438.244 436.486 433.778 438.994 436.713 434.473 430.652
582 335.000 336.578 333.133 333.247 334.068 337.160 333.647 331.511 335.554 335.443 330.795
583 332.000 328.156 328.154 330.446 329.845 332.551 333.202 334.719 327.822 332.197 334.458
584 459.000 466.397 461.811 454.214 462.738 462.083 462.085 460.690 459.997 464.941 463.346
585 396.000 383.267 385.327 377.873 384.463 383.462 384.275 381.596 379.643 385.017 385.920
586 489.000 480.008 475.258 480.308 477.035 475.413 476.228 479.723 473.121 480.549 477.028
587 417.000 440.446 444.464 441.571 438.981 438.823 438.219 440.163 439.180 438.726 439.925
588 404.000 401.741 404.818 403.266 402.295 404.900 403.752 403.483 402.624 403.325 404.075
589 400.000 419.818 403.260 414.787 402.349 408.981 401.513 409.626 403.552 410.762 423.088
590 357.000 348.456 346.539 351.201 348.710 350.612 350.041 352.086 352.307 348.130 350.309
591 437.000 464.479 472.994 450.855 451.300 467.239 465.938 461.204 471.653 466.898 462.850
592 542.000 541.492 538.522 540.221 530.842 540.589 537.675 536.755 536.122 536.264 538.826
593 419.000 419.029 420.264 420.753 419.906 420.429 422.567 420.366 420.137 420.332 420.499
594 350.000 344.512 346.573 345.276 346.583 346.154 344.481 346.717 346.107 346.315 346.583
595 424.000 405.634 406.676 406.468 406.066 414.659 409.797 421.018 406.254 404.886 404.819
596 443.000 435.464 438.354 436.995 443.144 436.152 440.030 429.326 450.343 435.805 435.102
597 439.000 429.354 427.132 431.235 428.641 430.714 430.393 430.318 430.126 431.455 432.314
598 324.000 318.962 319.922 319.784 320.878 319.462 318.193 321.294 318.483 316.432 319.932
599 311.000 315.130 313.871 313.532 316.382 316.847 316.207 317.002 314.862 314.279 314.557
600 331.000 332.414 329.621 331.466 330.944 331.418 331.450 330.473 332.978 331.611 331.663
601 428.000 427.876 426.360 429.907 428.356 427.722 427.497 429.104 427.883 426.930 426.468
602 400.000 410.823 408.000 404.693 408.503 407.918 409.012 404.795 405.841 414.880 411.005
603 309.000 319.822 318.374 324.689 321.057 313.225 323.028 313.469 324.639 318.776 322.581
604 375.000 370.436 368.773 372.324 362.545 383.085 392.176 368.868 369.717 369.810 367.612
605 450.000 441.706 428.201 431.974 437.181 441.392 440.774 439.463 440.279 433.825 437.468
606 388.000 387.682 389.687 393.383 384.733 387.928 392.001 395.911 385.053 396.333 382.689
607 323.000 356.691 351.838 349.770 351.829 355.081 348.033 348.605 348.409 355.950 350.997
608 448.000 439.524 437.504 444.656 444.359 438.553 439.358 438.085 444.093 436.161 440.259
609 372.000 392.305 390.702 388.573 382.495 392.748 392.229 389.113 396.581 382.344 395.988
610 328.000 339.425 339.554 335.818 336.513 338.478 336.793 337.034 336.927 334.661 336.947
611 460.000 465.247 463.175 462.761 462.761 464.902 467.544 462.728 462.234 465.135 462.796
612 504.000 523.882 529.648 531.378 529.999 535.935 529.504 519.286 528.976 529.037 530.692
613 433.000 435.304 434.861 436.203 435.772 432.641 435.274 434.515 433.406 434.573 433.993
614 564.000 577.907 586.540 577.029 577.185 574.504 576.333 575.608 573.295 585.030 582.556
615 439.000 376.994 377.382 380.032 373.533 374.575 379.043 379.899 377.780 374.196 384.203
616 440.000 442.180 439.935 450.070 435.310 443.031 443.455 435.295 448.295 440.263 439.888
617 484.000 483.536 484.344 485.806 485.324 486.788 482.441 488.833 493.066 489.669 479.592
618 396.000 403.493 408.538 404.638 402.704 408.597 404.693 378.447 402.816 400.756 402.437
619 435.000 436.316 435.822 436.150 437.037 437.475 438.286 433.320 435.433 437.281 436.251
620 397.000 391.300 392.261 393.362 392.140 391.776 397.876 394.054 393.693 389.099 393.768
621 420.000 466.254 471.727 471.802 473.147 470.002 475.230 470.569 473.947 466.678 473.487
622 408.000 406.331 417.806 394.368 412.569 405.031 412.640 407.976 405.714 416.573 412.717
623 437.000 435.982 438.099 440.656 437.846 438.558 437.590 437.099 435.639 435.437 437.070
624 406.000 417.202 421.725 423.575 425.955 429.609 435.503 425.170 428.703 428.885 431.284
625 393.000 365.508 356.162 362.569 362.716 377.806 368.742 369.527 363.968 372.705 363.271
626 452.000 451.806 453.842 454.073 462.943 461.686 460.248 450.059 449.119 452.222 457.639
627 466.000 472.029 469.704 480.073 479.412 483.582 476.676 471.693 480.067 484.481 471.700
628 410.000 431.911 435.574 438.368 426.108 432.017 439.066 434.454 435.776 429.134 435.679
629 447.000 444.245 444.490 445.316 446.902 446.893 446.899 446.256 446.283 443.345 444.603
630 487.000 458.499 463.207 458.110 462.793 459.496 462.513 463.100 464.144 455.963 460.569
631 420.000 428.145 423.446 422.243 422.493 422.217 421.361 422.576 425.645 423.999 420.367
632 565.000 582.358 582.013 578.233 576.635 586.823 581.586 580.624 581.794 587.242 581.691
633 309.000 312.247 312.043 312.121 307.177 310.357 314.963 312.072 313.327 314.316 309.422
634 437.000 436.118 435.702 434.470 436.657 437.287 435.723 436.162 436.573 436.422 436.104
635 481.000 486.885 486.235 485.939 482.394 481.038 486.791 486.764 483.762 484.006 487.210
636 390.000 385.431 383.243 381.596 385.653 385.269 383.026 389.099 386.745 382.582 384.855
637 329.000 330.517 330.240 331.392 328.339 329.444 330.570 327.595 329.302 330.400 330.200
638 349.000 343.455 339.883 343.147 341.851 343.666 341.401 343.655 339.918 343.587 344.815
639 336.000 341.093 344.265 336.902 341.933 340.868 341.967 339.864 341.721 343.799 340.549
640 550.000 421.140 538.516 535.657 528.984 542.321 524.987 529.374 539.261 531.797 543.764
641 315.000 317.147 317.478 316.892 317.638 317.116 317.192 317.113 317.579 316.937 317.690
642 420.000 423.046 427.704 421.381 418.913 422.236 423.743 416.508 423.732 419.029 422.589
643 466.000 457.072 461.424 457.329 458.995 457.118 458.063 458.761 459.051 458.518 462.628
644 315.000 313.277 314.326 314.024 312.078 313.040 313.431 312.972 312.267 310.983 314.148
645 345.000 348.264 348.641 343.392 341.796 343.872 342.703 340.255 346.899 346.165 351.153
646 451.000 451.936 449.715 452.790 453.009 453.031 451.014 451.869 453.517 453.560 454.129
647 337.000 380.766 377.121 375.594 379.119 379.606 371.786 383.966 365.454 377.359 381.083
648 439.000 412.518 413.663 409.107 407.437 401.780 407.304 405.830 405.751 398.506 404.774
649 330.000 331.724 331.195 330.473 329.203 331.320 319.116 328.935 331.067 332.125 329.570
650 538.000 543.938 543.068 537.903 542.049 543.774 541.225 543.350 533.126 540.458 542.828
651 326.000 344.842 339.675 337.310 335.691 339.903 341.157 338.256 339.143 339.215 345.151
652 392.000 428.932 434.443 433.229 431.330 437.909 436.337 433.909 435.978 442.647 435.085
653 366.000 428.304 430.036 426.363 427.659 433.795 427.467 428.163 426.893 430.044 432.512
654 318.000 326.886 326.503 317.490 326.194 329.072 326.498 323.023 325.853 329.332 326.458
655 561.000 532.263 530.056 533.032 533.753 529.106 530.617 523.836 548.325 524.485 505.973
656 436.000 458.855 453.667 452.146 452.797 458.388 459.279 462.863 458.394 455.078 462.856
657 463.000 460.895 460.620 462.040 464.619 461.591 462.765 459.534 461.407 462.857 461.145
658 348.000 345.050 343.851 345.120 344.915 344.724 345.338 343.047 345.740 345.901 345.118
659 313.000 339.868 340.723 339.686 339.352 335.979 338.612 342.088 337.573 335.625 338.961
660 451.000 450.367 451.620 451.273 450.593 449.968 449.640 446.929 448.835 449.397 450.171
661 384.000 385.737 383.759 385.883 385.122 387.035 385.022 382.783 383.858 385.418 383.019
662 459.000 462.283 464.383 460.222 462.590 462.719 460.934 459.088 463.159 461.540 461.225
663 421.000 340.187 356.837 352.063 357.368 343.135 354.560 346.175 326.865 354.798 354.542
664 481.000 458.907 454.434 458.003 457.732 459.195 458.086 457.469 457.401 458.213 459.114
665 320.000 331.074 328.457 331.367 330.626 327.663 329.127 331.959 328.636 331.984 330.235
666 310.000 367.121 373.604 371.346 372.082 374.532 372.192 371.875 371.795 370.571 373.199
667 402.000 408.900 410.206 409.658 409.024 409.062 408.718 408.650 410.200 409.351 410.634
668 530.000 428.978 423.444 432.577 434.004 432.198 427.684 422.691 431.754 433.122 426.897
669 583.000 537.970 533.544 560.842 552.472 535.659 535.240 551.525 535.749 509.049 537.470
670 421.000 421.256 421.716 422.191 423.119 422.018 421.970 421.915 422.040 421.900 421.830
671 415.000 427.793 426.738 425.296 424.966 426.316 428.571 428.934 424.297 424.425 426.498
672 387.000 392.994 392.230 394.056 395.669 393.431 396.310 394.758 393.085 393.213 395.836
673 584.000 547.151 544.089 546.631 546.765 545.598 547.557 544.756 556.289 545.766 548.313
674 307.000 316.387 317.750 319.638 317.877 319.401 315.941 318.155 318.515 314.263 317.716
675 424.000 422.839 419.532 419.791 418.855 418.622 414.363 421.076 418.506 415.530 420.679
676 449.000 443.788 445.988 444.418 445.893 449.873 449.707 445.944 447.543 446.673 447.077
677 610.000 486.328 494.236 491.349 497.364 496.850 489.492 482.499 497.866 493.267 502.156
678 505.000 503.438 504.307 502.971 503.566 512.226 506.971 502.671 500.679 505.512 508.092
679 408.000 405.371 405.391 407.716 404.698 405.777 406.331 406.415 406.037 405.276 407.654
680 377.000 382.745 380.090 381.447 383.750 384.397 383.127 381.122 379.354 382.174 382.239
681 502.000 477.362 466.881 466.840 473.550 459.554 444.913 465.819 455.826 463.306 451.702
682 319.000 310.333 292.816 317.597 290.372 307.976 291.129 292.051 311.241 300.573 294.750
683 394.000 403.469 404.613 403.881 403.319 404.349 403.596 403.950 403.626 405.053 403.749
684 290.000 328.975 322.037 332.309 323.892 326.136 327.056 317.984 319.584 324.667 326.474
685 407.000 413.819 415.404 414.766 413.716 414.298 413.500 413.891 412.373 414.168 412.256
686 444.000 435.039 436.766 440.205 441.982 436.948 437.435 436.506 439.426 441.762 435.905
687 322.000 327.949 319.490 324.438 321.429 324.297 330.840 317.708 322.538 324.826 331.390
688 331.000 348.021 353.917 357.155 351.120 348.684 345.270 348.587 345.770 345.370 345.750
689 402.000 410.905 411.700 406.835 410.541 404.566 406.692 393.213 404.799 405.520 408.274
690 320.000 335.172 329.202 331.893 331.408 332.733 330.130 329.830 331.127 334.702 333.243
691 386.000 391.677 395.420 399.548 394.180 404.033 407.308 397.165 396.274 397.110 394.392
692 364.000 430.943 434.587 433.343 433.297 425.985 433.521 434.118 440.625 430.985 441.618
693 328.000 330.245 328.733 358.434 332.691 330.544 350.364 330.243 327.971 331.596 329.885
694 312.000 310.291 311.807 311.279 310.719 311.261 310.308 311.629 310.927 310.703 310.731
695 378.000 391.799 394.497 396.599 391.898 388.943 392.805 387.513 394.105 395.762 395.448
696 331.000 325.721 330.772 332.829 317.721 323.101 331.481 318.019 334.469 331.899 334.549
697 330.000 334.834 337.948 342.537 340.593 338.730 339.102 345.220 345.365 337.677 343.162
698 451.000 441.311 442.818 442.599 446.880 442.957 444.484 443.250 440.760 442.528 439.508
699 313.000 406.046 412.421 402.200 405.216 406.975 410.802 404.928 412.435 403.476 406.794
700 408.000 419.520 420.352 422.238 419.587 421.264 421.813 421.784 419.888 420.412 418.986
701 440.000 427.147 427.987 424.981 428.258 428.750 427.426 427.638 426.259 423.927 427.622
702 375.000 369.990 373.060 370.214 369.530 369.723 374.898 371.743 371.848 366.829 366.749
703 462.000 467.387 469.013 468.498 465.150 468.603 463.632 464.780 466.815 467.045 466.454
704 450.000 428.043 420.620 423.326 430.761 426.672 423.961 422.905 419.936 427.631 420.923
705 417.000 419.954 417.565 417.334 415.855 417.367 417.066 416.649 417.883 417.021 417.971
706 452.000 441.501 436.007 438.517 438.403 437.905 438.763 437.731 436.894 437.848 438.718
707 526.000 538.795 536.438 537.997 542.645 536.143 535.938 539.895 535.480 539.585 537.190
708 460.000 427.733 433.714 426.841 435.885 419.757 425.148 426.353 427.636 426.592 427.658
709 428.000 429.015 424.897 426.882 417.927 426.879 431.007 424.435 427.120 421.536 423.408
710 310.000 395.168 394.094 399.556 405.023 393.844 392.095 411.440 398.876 399.879 386.348
711 412.000 411.285 412.804 414.422 413.732 412.367 410.614 411.995 412.014 411.733 411.125
712 320.000 350.143 344.514 349.626 328.327 343.855 346.290 348.084 349.918 348.229 343.419
713 468.000 465.668 454.278 456.445 498.373 465.397 458.695 466.041 458.549 468.453 464.801
714 316.000 323.791 320.399 320.626 335.817 321.701 323.522 320.287 317.636 326.070 330.353
715 602.000 596.345 598.014 593.261 598.296 589.736 593.322 593.267 597.035 597.561 597.318
716 328.000 353.932 350.486 382.730 346.898 354.421 338.601 350.095 350.009 378.732 372.340
717 579.000 520.934 527.045 520.997 521.171 521.776 513.026 512.364 516.960 521.807 500.373
718 354.000 336.413 336.270 337.155 335.753 335.976 339.091 336.834 341.236 339.493 336.837
