data_index lambdaa.observed lambdaa.predicted.repeat1 lambdaa.predicted.repeat2 lambdaa.predicted.repeat3 lambdaa.predicted.repeat4 lambdaa.predicted.repeat5 lambdaa.predicted.repeat6 lambdaa.predicted.repeat7 lambdaa.predicted.repeat8 lambdaa.predicted.repeat9 lambdaa.predicted.repeat10
1 342.000 339.693 346.830 331.519 343.554 334.957 341.064 353.976 356.050 347.185 343.354
2 336.000 321.582 329.943 340.235 324.778 329.637 323.829 326.993 330.560 349.787 334.908
3 434.000 418.825 426.334 417.556 412.706 431.101 443.358 438.653 427.401 427.324 421.688
4 320.000 321.380 325.185 326.196 328.860 323.021 325.561 328.700 323.107 322.568 326.228
5 317.000 334.821 330.990 322.542 323.884 328.006 322.251 324.740 327.555 321.641 320.095
6 432.000 441.911 447.765 451.656 448.516 441.071 439.682 449.231 440.999 437.706 427.699
7 419.000 438.996 428.091 432.173 426.602 426.073 435.755 431.595 431.950 432.571 424.543
8 554.000 559.906 559.786 534.999 555.063 531.051 546.607 549.261 554.673 550.809 550.918
9 438.000 472.236 419.961 437.570 454.774 440.609 457.564 431.014 493.315 441.894 487.376
10 315.000 312.303 313.714 313.576 311.502 315.184 309.646 309.894 315.398 309.533 312.264
11 325.000 326.297 320.387 318.492 322.107 320.110 321.736 313.224 315.652 321.734 318.484
12 492.000 466.025 378.478 401.649 418.017 407.818 427.445 365.173 398.286 395.767 451.796
13 370.000 380.300 368.157 366.937 360.898 372.555 381.038 357.273 351.099 357.399 377.553
14 424.000 416.064 415.421 420.197 424.301 416.665 415.225 415.185 423.373 419.863 417.320
15 400.000 386.358 398.335 396.966 390.909 393.741 392.318 392.544 387.128 392.156 388.296
16 406.000 401.405 401.374 401.049 400.999 409.653 403.763 402.433 400.500 399.789 399.293
17 429.000 429.848 423.329 439.290 451.998 426.862 445.145 430.100 443.300 434.645 422.417
18 450.000 393.878 413.787 407.752 403.423 386.529 402.233 412.681 397.589 387.260 398.325
19 342.000 342.758 332.839 336.639 343.571 340.861 343.736 355.923 339.906 337.978 340.480
20 302.000 336.292 321.087 322.146 319.820 318.406 324.576 319.270 329.392 327.728 319.099
21 437.000 432.070 439.244 426.480 422.869 443.037 426.770 433.246 454.399 432.337 429.444
22 407.000 411.426 409.848 429.705 410.034 402.812 412.742 411.860 408.099 412.692 407.066
23 384.000 398.838 385.627 397.604 393.615 381.089 391.782 394.264 397.724 400.169 395.877
24 371.000 391.732 391.587 387.564 394.680 393.554 426.965 381.319 403.820 388.759 380.780
25 417.000 385.315 380.932 380.311 374.775 374.848 376.598 375.807 384.135 373.849 372.984
26 425.000 425.446 423.143 428.190 435.255 427.745 424.460 435.255 431.520 429.077 426.844
27 350.000 303.947 302.749 293.589 297.374 304.520 305.746 318.199 305.649 305.803 306.628
28 444.000 423.632 421.907 428.205 420.021 426.191 426.837 431.331 425.047 424.677 432.136
29 379.000 451.746 456.053 437.072 477.918 466.563 434.846 453.851 459.665 433.051 452.044
30 400.000 412.596 414.733 429.705 412.360 416.322 411.867 414.088 409.392 415.225 412.201
31 378.000 355.690 353.519 337.517 308.537 336.391 321.988 343.184 335.136 385.721 324.298
32 364.000 372.870 372.958 393.972 371.144 370.692 374.598 383.307 366.292 391.125 371.416
33 360.000 352.209 344.237 351.242 358.903 354.455 358.818 346.502 350.987 353.801 344.303
34 382.000 393.794 383.927 393.253 400.519 372.671 422.634 392.919 387.501 402.542 401.210
35 527.000 516.609 525.236 466.284 465.097 468.618 512.495 449.664 500.678 549.853 477.883
36 408.000 400.084 403.364 402.961 410.126 408.881 403.324 403.443 410.640 402.838 410.077
37 421.000 374.649 352.337 376.676 362.191 374.849 352.059 351.985 362.922 362.390 330.674
38 346.000 344.169 348.273 345.175 334.445 348.840 350.122 349.000 350.295 342.628 343.471
39 478.000 559.067 522.111 556.008 505.530 560.484 566.651 546.289 568.661 518.329 560.159
40 420.000 403.512 409.221 432.879 425.834 449.512 393.921 392.484 446.397 381.970 394.003
41 430.000 454.363 445.618 443.637 439.532 442.223 449.199 449.516 446.744 445.466 448.514
42 623.000 571.236 573.261 576.633 579.057 578.696 542.581 580.156 566.973 576.326 579.559
43 457.000 456.166 455.341 455.273 465.603 493.887 457.221 430.575 460.152 470.645 464.887
44 424.000 478.806 444.851 432.770 433.097 447.624 423.907 434.650 425.642 468.210 438.203
45 456.000 469.023 444.892 451.960 459.076 436.379 454.497 450.430 431.662 423.244 461.077
46 411.000 404.015 402.835 402.979 405.339 406.549 400.509 405.501 402.406 407.023 405.973
47 413.000 434.951 431.277 413.704 430.680 436.893 412.018 431.679 433.358 428.699 420.576
48 332.000 328.214 343.573 324.905 333.126 339.456 352.674 327.104 328.161 338.620 328.926
49 489.000 489.444 497.207 489.345 487.958 490.151 485.844 484.359 484.411 484.614 500.566
50 425.000 404.416 383.882 403.645 416.382 424.417 374.325 412.826 401.243 388.182 381.525
51 359.000 366.559 371.425 367.430 371.373 347.517 353.809 359.664 372.006 358.761 357.827
52 418.000 416.912 417.261 417.404 419.007 416.701 425.754 419.894 413.429 428.713 408.288
53 325.000 319.944 315.898 318.584 320.451 315.979 319.290 318.417 319.081 318.923 326.091
54 447.000 443.346 439.317 434.394 444.644 437.107 432.900 441.135 448.672 440.159 428.630
55 464.000 475.667 464.522 474.747 468.637 450.202 467.128 464.052 456.227 479.903 475.976
56 431.000 431.781 428.129 428.590 427.902 423.544 421.714 424.236 418.919 424.666 425.872
57 332.000 346.119 331.374 329.196 326.243 317.871 321.291 332.164 349.030 332.877 313.400
58 329.000 362.358 383.664 385.561 383.618 383.770 366.559 357.166 364.350 361.410 379.963
59 315.000 319.515 313.592 318.645 310.578 320.416 320.540 315.674 316.697 319.229 327.919
60 396.000 397.402 398.330 400.666 398.817 400.316 404.209 400.066 398.756 410.764 400.820
61 390.000 387.155 386.895 391.279 381.896 383.045 385.000 385.237 391.785 394.468 383.426
62 423.000 375.486 418.253 398.416 392.881 423.523 416.988 438.205 410.076 423.304 433.122
63 430.000 445.159 451.055 443.679 445.940 446.165 442.605 444.783 447.923 446.874 445.961
64 429.000 431.101 433.460 433.601 421.172 426.808 421.545 433.101 418.310 426.833 439.314
65 467.000 450.233 451.086 435.772 442.023 456.116 454.891 461.895 459.861 458.645 461.357
66 602.000 563.685 566.868 562.943 568.081 566.852 563.326 565.862 563.069 593.379 581.376
67 461.000 453.809 475.403 467.663 456.384 453.627 456.936 449.163 458.083 449.081 504.875
68 342.000 352.254 350.276 345.029 352.417 352.355 344.675 341.751 349.552 342.095 340.770
69 545.000 478.467 506.919 517.324 511.735 530.865 505.591 530.543 466.227 510.822 519.508
70 415.000 422.766 427.371 413.334 418.749 424.111 424.642 423.094 423.896 422.548 421.900
71 365.000 348.890 352.145 356.607 371.937 358.458 358.914 355.371 360.337 360.552 352.640
72 429.000 406.635 414.950 416.623 419.534 417.527 417.047 414.609 419.694 431.277 425.803
73 336.000 338.542 330.205 332.456 335.974 334.259 337.200 336.266 335.280 332.809 333.038
74 302.000 305.012 317.479 318.957 314.016 319.143 306.359 315.644 305.373 310.610 308.082
75 426.000 435.442 445.039 440.664 442.107 445.607 445.041 445.970 432.170 440.532 419.631
76 364.000 383.632 375.857 393.964 391.985 388.662 395.567 399.106 396.340 391.613 383.209
77 451.000 426.001 422.471 423.417 423.628 427.018 425.162 424.393 427.309 425.177 427.166
78 573.000 591.953 593.949 599.369 589.858 588.071 528.441 601.921 601.637 600.504 601.721
79 447.000 446.829 448.038 447.870 443.237 450.349 448.333 452.726 448.486 447.643 445.550
80 322.000 332.547 320.829 326.499 325.834 331.800 324.384 345.675 347.526 324.097 315.252
81 586.000 588.767 576.205 591.572 580.454 594.995 587.823 592.357 585.085 583.894 585.627
82 459.000 437.197 453.871 447.273 459.822 451.976 449.052 451.221 448.635 452.780 445.890
83 405.000 408.429 402.775 403.170 404.374 408.668 412.131 400.650 406.599 404.698 408.957
84 434.000 435.067 437.451 432.350 441.224 433.655 433.181 433.694 439.485 440.867 434.546
85 441.000 446.988 456.186 440.912 445.334 438.390 437.436 447.762 451.828 447.597 454.646
86 403.000 404.072 397.459 404.164 407.126 401.938 405.534 409.165 402.159 404.826 406.504
87 450.000 450.518 458.025 439.812 445.810 451.369 446.788 430.625 452.728 432.582 444.212
88 372.000 367.145 358.988 358.177 356.163 357.178 353.024 355.729 358.277 373.194 363.790
89 400.000 401.400 419.523 382.385 429.559 405.571 445.590 399.496 418.879 414.980 406.685
90 545.000 542.880 540.501 548.405 551.837 537.330 553.238 538.128 538.751 534.856 547.678
91 411.000 367.606 374.520 374.647 390.641 365.200 393.259 384.217 377.218 380.950 389.678
92 344.000 350.650 339.948 349.783 350.321 339.942 342.831 353.624 348.354 347.995 356.305
93 502.000 535.667 492.097 495.814 513.316 507.835 502.896 522.635 528.919 521.229 519.233
94 401.000 418.002 406.712 420.645 396.533 421.494 444.137 430.697 407.777 426.989 426.793
95 407.000 408.635 397.984 404.271 407.062 410.015 401.924 407.369 407.937 406.694 411.329
96 444.000 449.392 448.170 439.241 436.777 439.505 438.944 438.370 439.499 440.161 433.203
97 321.000 320.458 337.607 313.319 337.768 358.881 336.361 318.436 346.537 328.013 338.721
98 584.000 577.888 582.937 586.464 565.998 587.640 573.304 578.015 578.911 590.211 581.156
99 480.000 486.492 507.123 515.781 496.203 487.567 494.704 476.383 491.374 517.299 492.030
100 510.000 506.849 495.692 492.076 470.703 509.378 507.219 500.824 508.848 513.537 504.001
101 408.000 394.504 404.386 393.269 401.545 387.811 401.646 405.626 413.112 413.093 405.226
102 323.000 327.525 325.041 342.134 329.226 338.153 341.442 328.632 336.164 332.747 331.507
103 438.000 452.265 440.013 438.763 459.072 450.697 447.384 443.146 442.973 458.164 436.206
104 417.000 414.028 420.296 409.032 415.797 417.568 414.508 419.604 414.987 417.199 414.961
105 429.000 435.238 432.085 436.259 426.781 426.289 432.645 424.318 433.719 434.226 429.009
106 434.000 441.322 438.380 436.582 440.453 433.638 436.718 438.247 436.988 435.502 438.699
107 442.000 435.714 436.408 433.377 436.742 440.280 441.252 438.144 439.455 441.056 429.445
108 410.000 414.307 413.064 410.797 407.795 409.827 411.410 411.755 409.621 409.897 409.115
109 335.000 401.970 405.106 377.153 401.634 407.544 415.878 382.135 400.968 420.732 394.762
110 515.000 524.640 507.680 522.832 515.368 511.088 525.103 514.368 511.892 508.826 520.854
111 400.000 402.498 397.061 401.831 394.676 396.212 399.562 393.622 390.777 397.548 407.469
112 429.000 438.325 434.465 428.071 437.900 427.967 437.287 428.022 429.446 433.877 430.913
113 432.000 440.571 433.075 449.836 449.567 422.866 442.112 441.180 439.758 450.314 455.815
114 335.000 329.277 330.566 333.044 332.974 331.856 331.102 331.280 328.340 330.376 324.387
115 395.000 418.030 388.746 399.166 394.872 375.176 411.624 397.246 386.396 397.431 399.777
116 341.000 366.532 373.219 367.873 373.533 380.772 375.298 359.525 353.196 369.009 367.474
117 425.000 423.232 421.576 423.301 420.554 424.816 420.009 426.355 419.906 425.247 423.678
118 351.000 367.942 365.172 369.001 344.708 361.482 355.896 354.062 365.409 361.042 362.105
119 315.000 312.647 311.187 306.434 313.415 308.042 310.887 311.838 308.076 310.973 312.304
120 320.000 316.035 308.323 323.583 321.065 314.617 315.861 316.147 334.753 320.382 313.971
121 588.000 576.489 565.983 576.310 569.483 570.431 572.333 567.750 574.140 571.227 561.066
122 469.000 477.296 473.244 456.411 438.743 477.128 465.517 456.351 479.189 457.341 457.649
123 321.000 343.391 353.780 356.805 342.786 350.207 350.374 348.347 333.369 368.640 351.663
124 310.000 395.094 406.435 425.949 376.733 425.845 398.645 413.895 411.059 397.346 389.568
125 362.000 349.539 336.148 357.018 351.871 354.657 348.135 357.280 322.071 324.094 350.219
126 332.000 366.365 357.116 363.302 361.884 360.926 364.612 358.326 355.525 357.569 356.864
127 307.000 362.964 338.410 356.247 337.825 339.346 329.354 346.764 329.035 350.966 336.494
128 400.000 398.592 395.435 399.574 397.840 397.366 399.434 400.467 395.688 397.855 397.970
129 490.000 459.835 456.838 493.362 453.180 461.079 461.505 465.564 456.104 453.447 461.079
130 354.000 367.132 376.854 362.398 385.246 384.882 385.125 363.197 359.208 383.147 377.296
131 326.000 333.363 331.959 325.865 330.706 329.035 332.852 324.132 328.310 332.661 326.211
132 326.000 328.125 312.686 340.951 332.052 335.887 340.540 328.454 336.342 341.079 342.671
133 409.000 413.179 399.823 397.274 399.336 411.608 407.620 403.291 417.699 393.661 397.012
134 562.000 443.872 446.394 450.880 451.839 446.687 457.591 459.327 455.683 457.679 446.908
135 332.000 332.144 379.244 336.194 351.307 350.933 359.486 337.643 346.680 382.506 369.142
136 472.000 459.184 452.398 433.036 437.628 444.764 449.856 445.120 450.516 438.230 435.545
137 405.000 410.972 409.674 408.586 407.005 409.708 411.180 415.160 407.984 410.450 414.101
138 394.000 397.992 402.364 400.398 398.083 389.388 397.971 402.630 402.955 395.789 413.280
139 324.000 330.088 325.558 323.736 327.387 322.339 326.535 329.152 329.174 328.133 323.623
140 555.000 553.416 550.061 557.893 558.549 552.011 552.674 539.936 565.765 545.813 573.121
141 324.000 318.436 325.411 320.813 323.733 315.170 330.038 318.967 322.749 325.547 320.121
142 422.000 453.818 427.630 459.538 436.369 437.450 428.020 452.912 432.178 471.640 483.092
143 429.000 421.635 430.836 409.760 417.570 404.940 432.175 430.375 421.580 407.441 414.253
144 314.000 319.838 322.347 320.986 315.935 321.576 321.512 334.591 321.410 333.248 329.234
145 445.000 432.755 445.689 451.983 425.176 447.713 445.041 448.597 455.394 449.588 447.725
146 420.000 427.867 415.134 425.482 408.071 416.120 422.268 428.376 438.557 422.402 427.388
147 350.000 344.705 349.589 338.091 342.043 352.835 343.662 330.280 341.958 344.127 343.142
148 381.000 347.349 373.486 381.160 355.622 400.269 375.913 378.475 391.494 376.870 366.621
149 340.000 341.856 355.819 341.507 342.808 341.652 341.402 352.010 353.489 337.998 357.521
150 462.000 486.448 491.405 468.106 490.700 475.322 484.845 456.388 483.699 467.392 462.126
151 545.000 533.180 526.127 538.630 549.250 539.941 542.468 550.697 534.979 543.408 540.549
152 401.000 388.089 413.433 407.903 408.321 407.727 384.761 410.641 413.507 403.511 409.820
153 450.000 482.675 467.478 453.912 459.816 453.828 460.832 470.576 487.284 459.654 489.205
154 495.000 512.865 507.936 523.412 518.897 466.585 503.064 510.455 483.055 503.776 482.125
155 415.000 440.168 453.457 411.015 435.636 481.255 414.120 424.325 420.885 427.371 468.160
156 580.000 575.052 571.151 570.728 581.518 573.647 555.579 576.333 584.240 576.703 577.196
157 412.000 401.011 405.719 402.974 404.958 417.072 398.336 415.553 399.702 404.754 393.676
158 446.000 495.374 516.075 507.707 511.902 490.984 483.258 490.594 505.461 498.105 508.110
159 330.000 317.085 316.278 319.229 318.306 322.783 319.507 314.102 316.823 317.020 317.595
160 325.000 362.648 350.658 330.266 347.488 350.939 347.840 364.914 370.045 363.746 326.367
161 316.000 319.334 323.137 317.643 316.959 321.287 320.311 318.334 325.736 316.486 314.674
162 408.000 404.245 408.438 408.371 400.277 402.459 405.333 404.047 407.007 402.711 402.360
163 428.000 383.895 391.930 401.878 395.490 389.249 401.042 396.437 404.150 402.086 386.262
164 396.000 375.631 425.149 384.165 422.621 436.012 483.691 387.506 381.464 438.756 431.090
165 385.000 342.351 340.775 342.809 354.861 356.424 350.819 340.692 336.611 356.388 336.776
166 335.000 334.804 334.442 330.911 334.492 335.072 336.931 334.196 333.633 334.446 334.513
167 339.000 333.258 343.001 340.900 333.985 342.640 338.661 342.120 336.880 336.873 340.597
168 419.000 427.911 429.677 417.829 420.126 430.060 430.850 423.120 423.811 426.269 437.753
169 321.000 308.363 305.665 308.926 309.560 305.612 307.073 313.587 309.213 308.432 315.962
170 419.000 415.681 413.752 411.744 412.001 421.018 421.756 414.317 423.358 416.595 418.153
171 423.000 426.503 421.918 427.334 424.914 419.411 423.853 438.810 429.412 435.645 439.560
172 416.000 414.786 409.772 425.096 412.634 411.891 407.055 423.337 400.593 421.092 417.806
173 434.000 415.063 412.266 416.260 412.581 409.637 404.611 414.850 402.769 405.111 407.946
174 329.000 335.166 331.182 334.468 340.833 334.543 322.064 324.815 333.248 327.941 324.478
175 450.000 431.909 443.565 438.656 436.281 443.573 440.056 434.894 437.688 438.871 441.167
176 333.000 321.400 328.508 323.714 324.758 325.560 325.445 326.676 321.805 327.513 328.248
177 420.000 421.604 427.371 429.035 421.498 417.926 420.264 420.377 416.644 426.842 421.332
178 315.000 317.967 324.170 319.136 324.177 320.484 313.573 316.206 320.070 322.746 319.427
179 349.000 334.353 351.202 349.137 341.688 333.552 352.751 335.018 345.508 335.949 346.113
180 431.000 397.182 409.320 398.864 387.756 394.993 390.386 405.611 400.884 412.336 393.597
181 407.000 400.057 400.773 398.547 396.350 400.889 402.432 398.974 401.958 406.183 401.409
182 424.000 425.995 417.715 418.749 426.628 422.247 416.526 414.695 430.768 421.785 419.458
183 425.000 441.268 417.630 413.105 443.525 420.158 420.520 441.243 443.004 410.141 423.019
184 588.000 574.968 567.099 583.900 591.668 588.843 597.582 609.217 573.794 583.939 568.042
185 332.000 315.531 331.702 313.097 323.905 318.902 319.234 316.930 322.791 319.506 312.090
186 379.000 390.388 388.138 399.215 415.696 408.020 443.565 399.274 438.771 388.321 408.180
187 586.000 587.750 594.823 590.987 589.118 589.462 590.856 605.288 592.245 590.267 583.832
188 528.000 547.820 552.397 553.877 553.063 549.636 547.743 566.796 539.287 549.989 551.653
189 425.000 439.463 453.194 443.500 438.039 456.126 472.951 453.686 459.380 458.013 444.404
190 398.000 414.058 390.607 410.147 405.051 401.494 387.385 392.403 372.113 394.417 374.617
191 492.000 484.806 497.885 489.767 489.636 477.136 483.479 494.317 481.312 482.057 466.364
192 395.000 403.589 400.204 406.033 407.563 404.588 408.295 403.984 405.724 404.126 402.004
193 503.000 441.392 453.778 440.974 438.089 431.903 425.367 445.554 439.994 450.441 431.309
194 402.000 408.370 410.208 405.749 413.306 405.708 409.152 414.929 404.598 407.180 411.528
195 316.000 320.329 323.374 320.789 309.237 330.526 316.024 320.752 323.889 320.684 323.416
196 537.000 515.492 499.438 498.707 531.117 522.164 484.877 504.115 517.621 494.880 472.741
197 426.000 408.618 388.298 421.883 415.189 391.957 426.247 406.434 368.865 409.860 386.869
198 414.000 442.846 447.049 444.132 447.149 440.501 446.785 445.158 436.031 442.724 443.372
199 460.000 512.662 512.075 517.976 520.658 536.461 511.569 518.468 523.727 509.527 520.353
200 438.000 443.253 436.052 440.623 436.629 426.989 434.530 444.803 430.587 438.107 427.913
201 418.000 418.630 409.915 423.788 424.539 415.124 413.376 417.602 413.106 417.741 420.103
202 432.000 362.727 382.010 371.302 368.072 389.326 400.988 392.148 403.298 355.627 419.455
203 422.000 431.044 428.278 430.841 416.922 432.980 431.934 434.708 433.944 432.046 433.233
204 450.000 434.781 439.554 432.407 441.002 433.792 419.989 437.307 429.635 428.102 433.871
205 362.000 359.619 359.822 363.662 372.704 356.893 362.598 359.071 360.444 354.649 366.388
206 500.000 459.868 472.426 494.527 449.166 491.187 455.229 489.043 490.148 436.397 453.203
207 361.000 368.637 376.298 382.942 374.992 373.305 364.628 398.825 376.210 381.072 380.319
208 439.000 441.049 436.472 429.033 432.496 438.172 422.190 435.289 427.834 426.732 430.123
209 382.000 404.622 379.869 387.559 415.451 367.217 385.728 356.686 384.949 399.705 374.433
210 446.000 431.024 435.611 426.962 440.157 435.667 429.460 426.804 439.712 438.866 415.150
211 420.000 433.034 422.169 431.396 435.625 433.739 436.074 435.950 436.330 435.423 437.275
212 420.000 425.255 421.482 431.005 430.078 423.467 419.176 420.359 417.792 419.215 426.806
213 488.000 411.229 397.988 409.144 418.277 388.960 406.119 378.882 442.435 431.068 398.625
214 395.000 401.742 400.654 393.265 395.627 399.201 394.283 399.577 397.085 398.654 396.225
215 399.000 393.021 390.068 395.137 387.895 393.899 406.706 398.285 393.415 386.844 399.329
216 356.000 350.481 356.029 348.267 360.293 344.251 348.215 358.030 348.046 352.867 356.095
217 440.000 433.124 434.214 427.387 435.529 431.986 427.430 434.591 437.988 412.194 435.889
218 342.000 342.248 353.578 334.911 355.333 334.838 345.824 344.420 332.236 347.849 349.047
219 535.000 490.963 402.689 516.774 492.340 502.700 474.864 421.741 488.521 504.712 470.417
220 525.000 483.217 501.103 488.600 499.216 497.097 513.783 492.674 487.668 483.656 516.543
221 526.000 524.676 526.655 529.807 523.442 522.595 536.194 514.008 519.998 519.096 520.701
222 318.000 322.006 326.863 317.745 318.574 323.707 323.765 321.604 316.382 326.112 321.470
223 518.000 485.346 492.145 500.969 502.938 527.082 527.942 494.560 502.476 499.183 513.272
224 366.000 368.574 371.664 378.913 380.548 360.519 365.778 375.815 362.770 365.868 373.223
225 349.000 359.512 352.219 357.656 346.895 362.264 360.461 359.213 356.919 348.452 364.445
226 396.000 396.036 394.303 405.248 400.227 400.881 403.600 397.486 398.573 402.448 395.073
227 380.000 386.761 376.240 371.578 386.210 389.943 364.240 372.000 392.298 389.517 384.079
228 375.000 367.802 390.288 366.827 385.186 378.660 372.586 378.033 391.318 369.796 365.479
229 455.000 425.130 451.664 439.679 445.135 458.328 440.157 452.300 445.464 447.870 457.634
230 428.000 443.682 432.253 456.371 420.867 424.381 447.446 452.769 429.209 434.357 464.336
231 334.000 339.588 337.676 338.793 339.891 334.219 337.938 339.141 330.603 345.448 344.872
232 337.000 323.113 334.305 328.319 331.096 325.777 326.997 324.476 332.593 331.434 336.117
233 418.000 397.607 395.906 407.241 418.280 412.858 416.654 421.574 418.040 395.890 423.397
234 310.000 328.985 305.717 314.859 307.942 318.756 317.042 310.960 314.982 310.852 306.759
235 395.000 399.325 402.726 400.173 403.134 399.679 406.382 401.497 401.571 407.319 403.522
236 450.000 411.121 415.174 434.294 415.018 399.570 396.697 407.772 429.075 406.961 398.977
237 368.000 362.742 361.839 373.015 359.139 370.578 367.952 369.428 367.946 361.390 368.251
238 468.000 471.649 479.539 481.611 429.409 483.813 489.563 474.802 435.987 469.579 492.941
239 305.000 309.274 306.058 310.754 307.348 306.142 309.535 305.510 317.602 309.787 302.829
240 303.000 326.690 306.985 316.881 313.132 313.119 311.186 302.226 306.679 311.418 314.494
241 316.000 304.176 309.943 304.855 306.307 311.874 308.004 312.635 308.217 307.555 307.592
242 360.000 350.897 351.151 336.277 348.129 344.711 354.267 348.784 341.766 331.263 340.458
243 466.000 471.253 472.292 469.578 467.478 470.796 468.500 464.955 467.047 468.090 469.547
244 422.000 437.122 421.873 434.705 433.537 431.355 430.188 438.125 442.284 435.968 438.076
245 418.000 379.808 372.342 370.757 355.671 355.260 353.558 384.898 368.935 364.461 376.583
246 409.000 413.284 417.191 406.411 416.808 408.416 413.728 410.910 411.598 412.166 416.038
247 326.000 338.880 329.927 336.223 347.385 332.497 331.416 331.582 333.943 336.385 341.390
248 328.000 345.893 336.568 340.212 347.791 340.478 343.810 350.337 350.785 337.633 334.732
249 369.000 379.134 384.723 383.809 392.570 381.078 412.799 397.366 387.737 401.929 392.523
250 346.000 347.074 344.036 347.581 347.465 351.886 347.736 352.641 357.780 367.962 367.763
251 407.000 414.292 416.900 408.677 415.913 414.684 415.368 415.665 411.512 418.185 412.090
252 414.000 387.375 403.008 388.160 395.707 393.349 418.911 386.531 389.649 386.497 399.647
253 501.000 508.022 488.761 467.384 483.656 457.111 481.427 501.876 491.221 465.189 459.965
254 421.000 417.605 419.917 421.727 420.197 420.069 424.414 421.288 418.901 418.088 420.953
255 316.000 326.746 328.661 328.485 327.627 318.942 318.605 321.270 341.801 309.916 324.516
256 328.000 315.306 312.434 318.622 324.365 310.737 313.982 303.955 327.954 317.978 315.114
257 445.000 518.183 520.886 521.517 531.820 519.999 523.327 523.990 521.313 518.762 518.806
258 371.000 339.148 372.825 377.689 350.576 356.183 363.679 357.451 356.130 359.447 348.599
259 484.000 453.765 443.930 459.114 475.404 441.532 467.211 457.846 453.099 436.278 444.047
260 418.000 420.048 417.584 422.130 421.057 423.601 418.259 417.204 420.571 413.912 424.657
261 371.000 364.247 371.328 360.689 368.823 376.020 372.777 375.616 373.911 376.737 358.186
262 331.000 325.605 334.333 321.542 330.776 323.228 326.310 323.736 320.073 325.741 320.212
263 586.000 545.801 561.242 558.169 541.340 552.225 560.485 557.194 560.894 547.749 557.888
264 434.000 443.512 448.473 430.011 446.365 439.742 443.552 444.653 441.284 449.282 442.957
265 412.000 436.257 446.187 438.747 439.762 431.297 441.271 439.444 438.040 442.067 441.266
266 483.000 375.030 371.656 392.505 405.488 407.102 397.435 423.549 375.113 400.671 363.303
267 393.000 406.945 375.955 397.569 413.062 391.683 396.711 393.080 397.682 396.836 386.696
268 386.000 385.911 393.632 382.692 382.443 384.121 381.182 375.529 371.111 387.230 401.072
269 344.000 413.743 429.318 446.547 345.389 445.183 434.132 436.918 459.766 348.374 440.043
270 392.000 403.690 370.959 386.690 389.673 382.772 358.616 373.335 382.913 379.343 345.453
271 460.000 439.473 449.904 447.387 442.393 440.462 442.718 440.499 442.571 449.460 429.278
272 321.000 327.211 324.869 331.372 326.968 330.020 320.966 320.845 339.103 330.110 327.734
273 311.000 335.325 315.142 323.840 328.182 330.895 361.820 323.059 322.980 320.897 336.663
274 391.000 393.274 373.831 392.938 385.798 370.139 384.307 380.777 381.876 386.261 380.253
275 431.000 436.088 442.360 438.022 436.413 432.940 442.894 429.142 445.871 433.412 440.148
276 357.000 356.417 358.986 356.259 366.543 365.804 362.713 381.882 370.272 361.743 367.689
277 414.000 418.539 409.981 426.255 417.822 444.486 391.350 427.215 399.947 425.407 418.656
278 452.000 441.800 448.927 432.475 434.807 444.707 437.125 442.818 434.634 428.579 439.103
279 437.000 404.687 399.523 414.089 402.205 405.847 433.634 442.912 426.742 409.156 399.190
280 315.000 310.371 312.839 312.648 310.990 312.073 309.422 311.737 307.430 306.865 309.817
281 435.000 430.800 449.250 430.270 431.254 428.308 427.873 443.606 427.311 446.842 433.735
282 448.000 436.206 428.437 447.917 456.292 440.880 434.786 452.723 446.353 451.555 449.208
283 416.000 415.185 419.565 418.306 423.854 413.849 424.685 421.111 419.715 414.318 420.715
284 328.000 328.635 351.291 334.055 346.488 343.846 348.752 340.132 340.538 354.329 346.057
285 390.000 396.847 399.582 398.668 400.345 405.665 404.510 399.988 401.465 398.324 397.955
286 310.000 321.151 317.632 310.622 317.039 319.716 315.318 319.486 318.376 331.522 317.462
287 365.000 355.280 382.498 359.488 369.441 368.356 365.519 370.581 374.372 365.892 373.400
288 402.000 414.106 420.811 411.992 405.734 416.364 401.756 420.350 402.417 405.152 421.131
289 372.000 389.909 391.589 398.341 386.709 412.913 398.339 404.172 410.116 411.607 395.301
290 428.000 412.907 445.432 435.938 444.318 457.360 465.567 429.929 471.377 436.806 400.055
291 267.000 389.803 390.233 455.057 447.823 435.189 449.847 390.043 367.079 424.704 406.158
292 330.000 338.748 329.960 340.076 343.560 341.301 334.867 338.354 336.136 335.809 335.336
293 598.000 601.269 594.963 599.943 596.842 591.640 580.964 589.110 598.251 588.731 598.521
294 392.000 379.404 385.618 362.127 381.035 378.613 388.536 434.167 372.185 399.681 362.775
295 430.000 493.560 504.288 489.669 517.879 511.044 508.712 503.087 514.342 520.930 504.019
296 340.000 345.757 351.599 336.761 344.025 340.126 355.240 361.297 378.204 358.463 362.061
297 312.000 323.228 330.957 321.969 328.073 329.018 326.076 329.651 330.970 329.440 327.163
298 327.000 340.340 328.256 335.727 335.018 334.577 369.933 318.662 330.746 349.233 322.638
299 342.000 360.369 369.558 354.885 419.595 380.023 359.501 365.423 362.043 373.417 371.367
300 417.000 423.959 427.796 428.648 425.825 428.730 426.646 431.668 425.290 427.001 430.334
301 318.000 319.933 316.852 314.173 317.939 324.263 322.707 314.805 321.207 315.958 324.637
302 329.000 327.077 327.757 325.489 321.826 333.358 321.616 319.478 327.013 325.627 319.034
303 339.000 344.278 344.695 334.807 332.018 339.376 358.941 332.834 341.808 337.470 346.199
304 334.000 328.900 331.533 331.460 337.576 333.025 329.383 332.728 337.171 331.892 332.629
305 346.000 377.532 360.865 381.009 366.384 435.262 368.434 409.224 428.544 373.969 405.167
306 420.000 427.009 420.202 433.499 417.378 417.547 417.187 421.976 426.614 420.750 426.967
307 371.000 385.476 381.172 388.479 378.707 382.731 383.257 377.370 399.080 378.605 390.766
308 560.000 581.439 583.814 574.509 575.306 572.214 565.914 589.762 583.529 563.292 573.285
309 512.000 500.240 510.828 513.006 499.760 506.567 507.692 495.679 512.314 519.431 497.490
310 410.000 417.866 419.115 421.873 416.561 421.526 416.015 413.017 420.223 412.965 404.637
311 473.000 469.777 460.512 468.177 469.115 462.865 472.878 466.538 478.791 468.918 465.388
312 427.000 423.269 416.537 416.488 421.119 415.638 421.773 419.172 418.691 417.612 421.004
313 326.000 367.728 332.893 341.521 340.618 348.145 337.113 352.793 338.439 336.754 329.387
314 405.000 397.815 406.056 388.326 400.138 401.857 406.675 391.124 389.166 381.282 402.615
315 442.000 479.742 452.905 449.094 467.631 464.570 460.438 475.135 480.450 450.563 440.901
316 330.000 332.422 335.075 342.715 366.696 352.881 331.322 329.589 329.182 339.978 336.709
317 328.000 317.930 322.961 318.962 309.461 316.877 323.227 311.236 317.071 327.360 317.082
318 436.000 432.609 437.900 428.732 434.682 433.795 450.259 432.223 438.928 437.100 440.138
319 410.000 413.464 411.924 414.302 411.871 423.559 421.756 416.680 411.243 414.038 416.124
320 462.000 452.123 449.791 452.330 451.833 460.902 442.939 451.183 435.791 459.939 444.414
321 471.000 461.930 463.043 464.132 463.321 467.339 470.975 474.769 468.527 469.234 467.734
322 427.000 433.990 443.552 432.619 434.264 432.227 434.017 434.382 432.167 434.346 433.319
323 464.000 466.793 467.887 457.882 465.622 462.008 466.853 460.085 462.788 461.208 466.349
324 446.000 450.443 449.224 430.446 464.257 472.658 429.379 431.684 453.927 457.511 447.805
325 583.000 572.883 589.676 582.299 589.608 589.292 586.254 580.798 591.425 572.954 588.731
326 562.000 493.299 487.447 479.668 493.491 500.973 483.582 525.606 482.070 492.711 491.723
327 313.000 322.385 314.069 333.415 332.382 314.397 324.294 321.636 315.315 319.192 316.559
328 422.000 428.115 432.324 434.016 431.270 446.756 438.841 423.293 443.104 436.480 421.553
329 382.000 407.441 412.584 435.556 378.011 374.478 419.254 389.221 407.432 405.901 435.218
330 398.000 373.921 367.276 376.648 370.407 373.004 427.225 369.874 377.831 400.650 362.624
331 371.000 392.932 383.738 388.895 386.469 394.165 423.263 391.887 398.007 392.243 398.276
332 414.000 408.564 408.058 407.913 406.971 406.207 407.567 409.887 405.348 405.303 406.795
333 440.000 439.052 442.000 437.639 444.775 430.977 440.274 438.959 440.538 432.183 445.539
334 599.000 584.263 602.610 594.741 597.444 592.982 585.211 592.424 597.467 592.594 594.630
335 353.000 346.770 348.329 347.768 351.895 346.509 357.913 351.326 351.586 351.912 356.923
336 404.000 458.817 471.636 482.714 460.660 485.068 465.626 472.783 455.469 471.202 465.415
337 406.000 396.702 402.645 409.499 410.455 413.503 408.061 412.418 401.217 406.740 410.897
338 324.000 330.128 335.965 325.927 331.554 323.944 328.212 328.962 331.747 326.587 326.210
339 337.000 337.178 334.923 330.401 330.465 333.350 334.322 337.511 336.254 334.265 332.398
340 395.000 405.391 402.397 400.694 404.523 398.537 399.402 398.897 395.020 402.117 406.482
341 407.000 407.901 405.802 412.174 412.426 434.900 411.522 417.520 409.429 411.857 411.337
342 330.000 368.720 342.402 364.391 338.787 359.375 366.432 343.570 341.955 359.482 357.857
343 417.000 426.541 429.172 435.930 433.569 430.239 436.260 424.445 433.312 432.056 422.029
344 395.000 396.673 397.589 401.583 400.724 398.974 396.699 399.029 398.277 400.643 394.927
345 503.000 401.029 401.503 425.101 395.879 399.419 410.540 413.966 417.358 406.662 397.330
346 448.000 431.485 435.019 400.128 422.540 418.235 465.564 425.750 421.782 397.111 445.449
347 363.000 411.961 377.974 375.931 398.960 383.346 386.575 433.678 395.209 399.082 387.946
348 386.000 371.244 379.742 373.880 382.246 370.176 378.111 376.203 364.073 371.037 380.553
349 330.000 331.879 333.392 329.705 331.232 332.665 328.509 333.802 336.458 332.065 331.578
350 488.000 349.219 356.593 351.981 347.247 354.531 353.824 348.892 352.036 346.654 364.634
351 479.000 460.705 465.975 458.047 462.735 458.931 466.494 464.982 455.023 463.024 461.309
352 338.000 338.879 324.677 318.922 349.575 321.478 329.668 330.244 360.719 347.676 344.120
353 456.000 493.551 481.455 502.582 462.129 489.496 454.631 483.873 523.724 488.202 480.378
354 418.000 433.786 454.095 457.703 446.574 445.626 433.394 468.022 463.303 459.622 365.246
355 322.000 326.681 323.659 315.554 317.798 318.951 321.163 322.573 325.140 322.237 329.524
356 321.000 302.369 307.822 305.139 311.805 308.521 308.955 307.186 309.064 313.126 302.029
357 335.000 388.070 354.853 367.835 382.404 369.639 328.506 323.787 372.251 366.330 359.491
358 394.000 400.570 396.634 402.226 400.886 401.802 400.563 394.974 398.599 399.311 402.341
359 398.000 429.183 432.566 431.479 469.379 450.390 447.287 467.605 453.183 451.922 445.790
360 421.000 357.078 376.882 374.757 417.910 433.780 386.061 397.698 377.182 382.619 436.313
361 364.000 337.448 357.869 380.793 355.295 372.119 375.168 356.549 361.594 379.231 361.502
362 322.000 316.063 310.797 321.203 313.732 323.495 323.946 321.029 317.261 317.133 311.650
363 446.000 457.708 464.435 473.258 453.478 464.791 478.250 464.747 462.844 467.016 458.586
364 340.000 333.458 331.613 331.044 347.422 341.068 329.567 334.487 332.475 335.786 332.923
365 340.000 362.697 358.374 366.052 362.344 348.644 358.898 343.882 361.344 361.982 357.598
366 452.000 391.712 390.537 400.002 406.241 407.539 388.571 401.882 407.808 413.084 403.393
367 367.000 368.880 358.240 368.259 379.870 354.266 365.263 366.606 359.433 377.635 372.119
368 425.000 429.113 421.580 427.435 429.727 430.876 434.877 427.089 419.744 428.354 437.753
369 399.000 358.229 389.142 349.906 355.070 372.944 364.308 355.789 362.450 366.060 387.818
370 420.000 418.849 425.738 423.148 417.708 419.856 423.935 420.791 423.315 421.528 417.301
371 526.000 560.240 559.091 559.873 563.944 559.090 560.111 556.640 550.682 553.949 547.635
372 343.000 338.610 341.645 404.412 348.056 347.223 351.117 330.825 342.577 329.531 366.255
373 420.000 446.531 430.688 436.989 449.580 435.624 445.005 439.604 438.090 432.618 439.378
374 403.000 404.603 387.385 385.437 388.430 361.293 387.385 363.832 376.834 392.215 386.395
375 495.000 501.411 498.737 518.745 502.341 515.454 504.148 509.257 494.326 502.639 493.225
376 564.000 482.796 493.957 463.659 480.186 477.489 485.243 482.643 493.501 470.604 504.485
377 420.000 575.498 596.392 553.681 561.543 519.623 542.994 547.197 521.483 562.585 547.826
378 414.000 469.562 436.979 467.348 466.089 466.935 454.302 414.973 486.485 448.291 410.465
379 328.000 319.157 321.748 320.727 320.733 313.823 318.802 318.704 322.402 308.814 323.756
380 546.000 475.034 480.935 504.312 468.825 473.864 477.738 458.461 489.147 464.538 481.686
381 323.000 321.531 325.931 323.909 317.975 319.294 319.268 321.656 321.824 317.438 321.503
382 413.000 412.278 414.847 413.424 417.228 407.933 414.141 412.933 418.023 415.231 413.798
383 360.000 353.442 356.037 362.531 354.922 364.415 354.884 375.116 363.513 365.712 396.217
384 411.000 400.519 407.569 416.342 405.604 402.325 411.723 408.890 394.051 400.824 407.413
385 346.000 342.472 342.899 345.917 342.678 336.825 339.125 328.318 338.945 337.564 339.692
386 449.000 453.565 456.539 440.330 465.262 453.971 454.278 450.633 452.398 447.699 449.333
387 389.000 388.866 396.135 393.972 401.289 391.248 387.593 398.299 388.700 393.781 404.879
388 340.000 350.851 358.882 340.440 354.538 364.918 350.101 401.563 355.095 356.632 371.656
389 343.000 336.368 332.036 335.263 337.242 335.460 340.000 330.090 334.617 339.376 338.610
390 404.000 418.742 432.669 442.159 411.617 440.852 418.846 431.467 420.272 422.509 431.774
391 451.000 451.241 455.997 448.344 445.833 450.665 441.525 452.696 466.235 446.150 447.431
392 359.000 355.632 358.431 383.524 352.053 357.974 359.552 354.385 353.425 350.367 363.630
393 410.000 405.787 414.926 409.995 409.371 407.528 411.706 410.514 406.309 410.097 415.887
394 340.000 333.640 352.314 331.028 323.493 379.895 340.444 334.866 352.449 327.395 333.174
395 504.000 497.846 491.820 474.178 478.531 512.388 503.876 480.191 446.677 493.404 511.556
396 546.000 572.134 524.653 560.187 565.770 509.060 506.712 563.602 546.862 535.246 583.230
397 392.000 396.256 376.228 378.810 378.952 396.905 381.673 385.098 388.044 384.769 388.286
398 413.000 409.682 423.852 409.510 419.392 417.848 417.356 410.139 413.124 413.499 422.095
399 325.000 332.715 355.434 335.254 339.787 321.817 352.783 342.464 340.515 354.688 342.675
400 297.000 304.850 311.130 306.889 312.225 311.802 310.947 305.984 304.029 301.950 302.081
401 397.000 404.170 403.592 402.554 394.192 399.718 401.588 398.812 399.074 398.896 401.436
402 428.000 431.176 438.114 433.299 440.927 432.131 415.864 418.089 415.548 410.369 434.979
403 440.000 423.604 430.381 424.452 411.357 433.998 406.742 421.462 442.386 426.174 418.000
404 604.000 607.802 606.928 598.498 602.699 574.153 602.350 601.821 602.632 607.601 605.574
405 442.000 442.130 452.677 443.894 440.435 445.606 447.615 455.387 444.776 448.200 437.783
406 462.000 450.695 466.876 467.120 464.541 459.558 458.415 455.343 458.018 473.786 457.071
407 491.000 482.908 471.933 462.648 459.465 469.906 479.902 448.326 474.168 492.607 478.358
408 495.000 494.079 496.020 446.253 488.171 488.923 499.530 480.820 491.822 511.404 478.770
409 394.000 357.490 355.353 360.233 358.318 359.115 351.780 357.838 362.029 346.709 347.960
410 320.000 328.745 339.640 331.115 325.984 331.023 320.386 336.195 325.403 324.913 319.535
411 445.000 423.769 431.644 424.945 440.373 430.798 435.311 433.018 446.908 428.419 435.943
412 350.000 341.844 330.752 327.761 337.923 319.799 336.328 341.076 338.129 339.676 324.883
413 332.000 331.372 325.640 323.294 321.442 317.904 327.658 329.341 331.649 331.258 326.748
414 411.000 429.766 431.478 436.194 434.177 419.285 429.509 404.129 423.966 418.021 410.316
415 341.000 374.898 361.701 383.693 375.106 374.013 374.206 364.757 369.530 371.589 364.357
416 452.000 453.809 447.670 459.128 454.666 464.991 468.541 458.881 447.343 460.563 459.916
417 398.000 414.893 399.921 408.571 416.510 401.362 400.744 443.028 415.145 431.051 416.766
418 357.000 345.854 348.883 347.926 348.146 348.549 346.408 343.812 347.694 351.248 349.678
419 410.000 433.720 428.811 434.543 433.095 429.681 430.247 422.566 428.226 420.521 417.957
420 411.000 417.893 429.146 423.285 431.409 430.408 442.390 408.325 420.419 417.554 423.349
421 316.000 312.839 323.517 315.811 310.786 313.412 315.160 322.185 314.263 332.758 312.951
422 454.000 426.627 438.591 426.200 431.134 432.796 425.521 437.018 437.142 425.264 432.256
423 492.000 491.891 487.356 499.170 493.586 496.361 510.730 488.687 497.015 504.870 499.213
424 405.000 414.504 417.502 414.741 417.394 434.900 409.776 409.062 411.972 417.579 410.871
425 357.000 351.627 360.019 347.512 335.273 352.612 340.346 334.464 343.947 347.318 361.342
426 424.000 427.480 419.620 431.397 424.458 423.669 424.666 422.048 424.934 420.356 421.646
427 335.000 352.188 339.533 343.393 342.948 341.346 337.699 346.452 327.349 342.988 341.897
428 438.000 435.889 434.656 428.340 427.251 440.508 441.885 443.836 433.461 444.880 446.805
429 525.000 418.433 434.044 389.637 436.273 416.836 423.517 417.102 417.458 411.122 410.957
430 331.000 355.351 342.672 338.175 347.416 341.649 341.491 341.963 358.155 354.134 343.054
431 431.000 430.335 430.794 433.259 445.400 429.347 428.764 424.367 416.601 427.812 430.955
432 591.000 530.067 595.410 590.944 598.133 595.723 589.035 591.887 582.791 592.317 576.952
433 414.000 415.885 416.931 422.692 414.158 422.766 419.815 414.053 417.265 414.477 411.807
434 388.000 379.909 398.627 381.703 388.334 391.328 377.044 380.593 373.590 390.930 393.457
435 585.000 582.227 483.648 568.529 496.299 567.762 581.475 588.356 554.865 559.272 578.981
436 398.000 400.810 395.704 397.364 391.511 399.473 397.368 396.413 400.323 395.325 397.933
437 441.000 431.549 404.423 403.642 398.893 402.993 402.507 396.556 395.466 398.906 385.589
438 309.000 313.652 316.032 313.327 311.096 309.342 308.587 316.578 313.951 310.514 314.346
439 518.000 532.471 528.434 523.003 518.992 533.248 527.852 527.595 523.160 530.500 534.725
440 416.000 415.387 416.772 415.972 423.235 411.697 415.208 414.830 408.053 421.830 423.536
441 412.000 416.633 410.965 415.243 410.211 410.413 412.673 407.149 410.074 412.490 406.087
442 385.000 403.419 363.039 382.928 396.862 408.113 344.596 351.489 318.537 346.805 345.448
443 325.000 318.299 317.127 312.708 317.995 316.132 321.939 318.797 319.902 310.782 320.880
444 325.000 333.012 324.958 328.109 318.015 324.480 331.427 328.576 340.117 326.641 304.156
445 328.000 337.598 353.798 349.250 331.716 337.222 352.648 376.013 390.579 348.795 335.752
446 397.000 404.789 404.732 392.903 402.147 401.248 397.354 404.180 398.121 403.171 398.113
447 407.000 409.032 402.320 402.431 405.702 411.154 406.259 408.272 411.258 402.074 404.585
448 491.000 438.214 449.237 498.414 462.305 454.138 469.014 482.055 442.238 434.663 448.092
449 328.000 349.518 317.205 312.099 317.870 313.097 310.364 310.296 310.680 310.075 305.936
450 430.000 451.109 433.870 450.067 436.326 449.977 443.174 443.702 444.845 429.979 440.664
451 413.000 399.560 418.442 420.744 393.902 389.311 400.830 406.869 397.186 402.119 387.059
452 364.000 363.756 372.838 365.542 372.648 370.051 392.559 371.273 352.939 367.665 361.526
453 404.000 427.700 400.669 405.059 399.499 407.967 404.981 406.077 399.586 391.409 408.404
454 431.000 442.430 438.089 453.444 416.508 440.713 450.529 431.228 431.960 436.154 416.743
455 461.000 442.201 438.643 438.549 441.281 438.839 453.812 448.692 451.385 446.133 445.578
456 346.000 359.131 359.194 353.371 345.174 346.873 359.463 354.099 356.903 344.556 353.177
457 461.000 465.383 462.649 459.616 457.487 460.657 470.372 462.958 463.018 460.877 456.759
458 446.000 450.517 446.624 446.845 444.018 445.923 446.190 448.717 446.461 452.055 454.034
459 334.000 327.941 331.113 332.106 330.826 328.064 329.442 327.954 330.285 335.540 328.412
460 368.000 350.406 345.599 372.486 354.359 372.477 365.219 355.052 350.450 342.176 357.932
461 421.000 336.269 365.732 345.174 358.002 335.806 334.161 341.040 351.805 340.772 336.868
462 536.000 569.095 569.828 556.072 573.165 569.984 566.254 568.557 566.685 548.067 568.395
463 399.000 408.586 425.130 411.383 399.501 415.118 402.022 411.728 417.230 412.029 427.986
464 584.000 587.166 570.049 589.900 588.804 544.334 567.568 586.453 584.827 580.770 576.334
465 592.000 583.549 589.912 577.035 581.652 589.559 577.011 571.589 580.354 579.140 574.789
466 450.000 454.295 453.832 459.671 452.588 452.148 455.194 443.824 453.036 452.533 457.597
467 359.000 347.216 350.187 360.723 350.548 348.982 358.977 368.086 360.950 341.417 366.390
468 325.000 314.794 312.457 318.998 321.612 316.203 314.884 308.098 321.305 316.615 320.394
469 315.000 348.701 331.592 324.008 322.601 327.451 355.315 338.788 341.918 316.272 332.568
470 411.000 443.795 384.689 395.461 446.685 465.321 388.852 415.378 445.891 446.517 410.906
471 548.000 528.352 530.500 530.352 517.790 525.491 512.522 511.116 515.095 519.619 543.393
472 450.000 454.074 447.026 447.853 451.370 458.714 459.427 453.445 444.784 457.418 447.489
473 310.000 351.785 327.774 343.547 324.549 335.263 327.458 329.364 322.231 340.978 347.267
474 362.000 336.594 348.103 341.716 338.353 352.116 327.752 333.834 328.961 331.869 342.179
475 322.000 332.077 330.043 317.082 326.622 328.516 328.954 336.971 326.090 321.827 312.573
476 396.000 403.159 406.422 402.132 390.569 401.845 404.154 396.002 404.792 397.892 390.424
477 408.000 414.559 418.177 409.979 411.739 416.795 416.777 409.787 410.299 414.450 412.659
478 540.000 502.704 540.789 510.922 521.970 492.985 526.767 522.644 508.756 510.957 520.430
479 399.000 404.637 421.347 402.879 429.349 429.635 395.441 395.129 404.302 393.453 393.170
480 448.000 440.926 450.978 436.574 444.556 443.366 445.990 452.625 444.527 456.074 457.388
481 460.000 398.305 405.062 393.401 393.280 397.849 404.059 395.322 398.090 395.031 397.532
482 331.000 331.582 323.684 317.545 326.021 325.885 329.709 328.456 327.916 328.663 326.288
483 448.000 446.533 433.510 430.288 449.686 443.979 447.088 450.337 439.316 431.240 442.456
484 444.000 432.886 438.444 436.237 437.639 436.678 439.262 437.480 439.058 441.334 437.815
485 336.000 352.158 328.040 344.078 325.163 336.811 327.787 344.000 340.307 338.229 347.098
486 502.000 421.609 460.185 433.131 479.115 476.860 467.557 483.550 481.415 425.166 484.851
487 409.000 425.552 431.370 442.759 436.846 428.998 430.214 428.338 427.579 432.804 429.197
488 405.000 409.809 406.134 411.968 408.986 405.832 404.586 416.854 407.627 406.978 406.524
489 555.000 573.274 563.732 566.308 562.391 555.899 557.120 562.344 561.847 561.552 571.007
490 427.000 430.468 443.552 432.469 432.409 434.316 434.252 432.494 430.468 431.778 433.875
491 452.000 429.944 436.099 422.139 425.073 436.550 431.161 438.222 430.652 435.301 440.306
492 329.000 325.860 333.639 328.478 334.100 324.255 330.620 329.260 327.929 336.259 340.858
493 491.000 471.649 407.556 397.283 442.084 420.544 410.081 410.237 377.604 420.643 395.990
494 440.000 450.723 435.644 425.479 438.022 447.873 433.762 445.329 452.311 441.429 443.473
495 363.000 378.608 364.822 367.815 367.173 360.847 361.643 353.739 363.835 357.707 358.432
496 432.000 434.198 417.237 427.344 450.152 426.151 431.429 430.896 429.407 420.028 418.151
497 514.000 500.277 482.774 495.942 489.798 492.313 489.217 489.981 496.418 483.928 522.265
498 536.000 552.522 539.831 558.172 562.591 556.849 556.692 571.964 544.758 556.121 558.392
499 462.000 451.303 455.077 450.491 457.062 438.461 460.710 457.064 434.189 464.918 451.482
500 510.000 523.098 496.069 487.985 498.713 490.085 496.004 508.399 511.607 493.227 487.460
501 357.000 357.632 350.793 373.014 361.837 383.700 368.900 373.396 358.060 380.891 371.446
502 418.000 422.992 415.674 423.354 413.204 418.877 424.749 421.168 412.363 412.787 417.451
503 406.000 410.313 412.170 393.790 426.640 401.501 380.831 395.608 386.747 395.805 394.952
504 464.000 448.081 445.792 448.217 468.782 448.686 450.912 439.261 448.650 481.867 428.239
505 400.000 402.129 402.141 399.224 401.721 398.248 400.287 400.723 403.245 399.306 404.989
506 400.000 404.942 397.963 396.555 392.544 407.434 401.890 411.312 404.288 407.440 378.039
507 333.000 352.569 353.274 362.465 360.133 370.831 360.139 359.137 358.351 337.865 349.010
508 452.000 478.665 500.214 539.146 484.654 494.361 500.649 526.854 503.473 498.848 507.679
509 586.000 568.424 568.899 584.156 574.357 575.469 585.545 576.147 571.241 568.524 565.444
510 461.000 439.734 440.578 443.507 438.894 444.801 441.114 439.729 451.198 438.962 442.995
511 606.000 589.267 591.484 590.357 585.406 581.631 602.569 587.530 589.276 594.519 601.887
512 338.000 386.818 361.079 378.944 344.026 369.273 378.956 349.482 377.875 367.123 373.001
513 368.000 356.673 363.703 363.108 367.356 352.565 359.018 356.163 372.796 366.749 378.311
514 442.000 447.040 436.651 435.075 435.128 433.971 439.018 443.206 446.721 437.906 437.409
515 417.000 425.024 415.764 418.083 428.465 418.877 421.384 431.170 427.041 414.195 422.436
516 328.000 321.554 320.029 319.172 319.797 320.855 323.364 326.155 326.117 326.829 325.398
517 477.000 501.830 500.954 498.523 496.985 499.409 480.818 493.450 492.242 501.829 489.482
518 350.000 324.854 329.804 336.314 323.404 330.688 329.824 329.865 333.698 335.431 327.329
519 421.000 418.592 415.824 426.342 423.126 420.447 419.802 418.039 422.255 418.154 416.397
520 592.000 549.239 565.960 560.734 556.021 555.922 569.697 556.084 565.406 562.176 562.882
521 422.000 423.440 423.961 434.251 431.082 433.876 430.596 433.434 435.440 435.012 422.349
522 473.000 480.702 485.352 461.408 479.985 480.311 474.060 482.803 484.632 477.791 468.330
523 567.000 553.829 577.930 585.619 504.874 569.057 551.332 536.946 532.404 566.490 506.494
524 425.000 412.627 417.357 427.043 437.594 428.125 434.885 432.435 414.863 410.629 413.695
525 429.000 440.730 427.445 442.978 430.819 450.633 431.184 437.416 432.133 431.967 428.330
526 351.000 371.547 354.104 369.562 370.263 355.692 361.213 353.106 366.885 360.119 355.249
527 416.000 419.119 415.408 414.406 417.382 414.881 413.758 413.978 415.753 416.841 414.170
528 354.000 352.992 347.183 361.984 343.265 346.415 369.161 337.272 346.603 361.782 335.597
529 524.000 512.266 514.606 536.799 512.791 507.232 521.499 516.715 513.940 510.974 530.180
530 334.000 335.001 326.772 317.240 306.501 330.911 346.305 345.106 325.723 303.918 337.132
531 462.000 462.135 453.164 458.325 462.276 438.461 461.639 455.439 434.189 455.459 454.630
532 477.000 451.616 450.174 437.493 471.930 460.071 448.961 445.163 454.709 458.735 448.898
533 528.000 495.969 522.963 516.042 521.413 530.877 500.625 506.411 501.914 512.771 508.145
534 335.000 331.771 342.504 341.134 338.759 334.741 336.539 334.633 341.210 346.836 344.896
535 323.000 311.763 337.296 306.967 303.121 311.492 306.261 322.725 321.270 313.110 318.638
536 412.000 409.210 422.188 410.604 418.206 424.927 414.454 408.074 408.968 417.945 425.049
537 551.000 581.768 573.377 580.974 570.996 568.833 542.540 576.053 567.031 580.437 570.250
538 406.000 404.483 397.226 396.556 404.317 404.217 401.104 399.121 398.316 392.748 400.134
539 502.000 505.650 488.282 502.512 496.916 501.526 498.202 500.446 483.952 493.292 507.939
540 415.000 407.130 407.537 404.585 408.979 408.375 408.531 405.971 408.461 409.659 406.440
541 336.000 331.312 328.122 331.458 333.830 331.719 330.967 325.876 323.407 331.319 329.224
542 312.000 317.046 319.208 324.302 323.707 326.661 323.336 320.351 324.957 320.128 322.266
543 330.000 336.781 338.726 334.524 340.118 339.985 339.900 345.057 337.731 337.466 333.099
544 508.000 406.361 409.904 408.886 412.740 392.940 415.713 420.977 398.452 414.843 406.238
545 588.000 574.505 575.382 589.428 604.321 564.381 590.755 583.044 579.120 596.416 597.280
546 410.000 442.517 437.775 442.867 434.391 422.148 425.223 425.805 437.557 419.989 430.081
547 540.000 518.268 544.912 520.220 521.996 529.959 522.367 541.578 535.733 545.712 530.898
548 362.000 374.627 381.787 360.062 399.161 362.419 369.819 400.627 374.583 353.304 369.598
549 404.000 402.017 399.219 400.671 397.483 397.871 405.900 396.292 402.395 403.475 403.889
550 370.000 357.801 364.677 355.584 357.138 353.920 365.731 355.208 361.474 358.267 359.543
551 482.000 425.840 420.582 413.821 402.467 411.448 421.294 417.324 399.330 405.265 450.988
552 398.000 394.696 406.801 399.089 404.192 406.644 405.601 400.971 399.843 401.901 404.797
553 466.000 478.864 465.455 428.051 492.420 482.086 443.688 436.119 436.633 445.136 448.916
554 405.000 406.017 403.243 401.478 403.414 410.555 406.671 407.217 408.864 407.197 404.626
555 576.000 560.393 562.583 573.870 555.227 565.256 547.699 560.311 551.823 560.571 566.741
556 457.000 414.938 416.034 418.489 418.268 420.279 420.553 419.228 421.830 417.093 420.719
557 478.000 468.607 471.826 459.857 467.535 462.157 459.834 471.340 461.776 469.665 464.034
558 431.000 433.152 435.581 441.558 435.873 434.221 451.689 447.173 446.356 439.831 451.338
559 411.000 404.592 385.077 384.153 387.766 372.818 373.359 375.851 364.469 367.705 364.533
560 409.000 407.478 405.446 410.584 410.116 410.126 410.662 411.658 409.961 413.938 407.783
561 375.000 432.655 438.366 432.178 422.442 433.645 427.579 411.428 412.773 467.150 446.316
562 400.000 388.970 430.986 400.875 392.897 388.375 398.875 393.342 405.810 392.053 397.407
563 331.000 332.229 326.455 333.089 324.043 324.690 338.934 327.989 326.934 327.121 328.694
564 412.000 435.162 424.072 432.227 407.848 433.381 407.271 451.263 417.683 407.856 454.805
565 485.000 480.502 481.258 474.412 457.584 463.323 491.670 473.747 465.861 452.993 471.212
566 407.000 426.619 423.175 432.077 423.996 431.817 422.441 430.670 433.196 421.791 422.728
567 405.000 406.497 399.673 402.652 392.093 408.651 404.404 401.114 405.183 399.867 399.170
568 406.000 402.604 403.115 406.149 408.484 402.428 404.466 406.993 402.539 403.741 406.298
569 342.000 340.870 340.647 357.292 350.012 340.797 337.661 342.969 348.525 344.807 342.742
570 321.000 324.326 332.995 340.181 347.612 337.494 340.001 330.644 333.025 342.036 347.845
571 361.000 358.191 370.612 365.149 357.659 355.369 370.263 374.338 380.334 364.715 362.388
572 387.000 381.972 385.319 391.484 394.494 386.250 389.519 392.492 390.165 380.853 382.319
573 323.000 322.295 319.876 320.086 322.642 322.695 324.346 318.017 324.191 323.657 323.023
574 390.000 396.598 387.715 399.445 396.912 397.616 389.845 409.231 396.499 390.720 388.749
575 440.000 484.675 442.776 450.950 463.612 464.006 447.740 454.537 448.031 462.496 456.147
576 332.000 346.260 363.928 338.519 361.821 341.079 375.870 335.376 350.314 356.916 340.630
577 456.000 454.914 461.035 461.397 461.332 453.119 446.166 453.545 432.288 451.580 456.577
578 488.000 483.310 438.016 470.508 465.267 463.707 471.465 473.758 461.022 443.544 470.484
579 332.000 347.697 353.124 342.621 347.098 362.201 343.774 346.032 356.711 327.343 345.097
580 316.000 343.270 349.826 340.005 316.518 325.134 324.328 324.302 350.562 331.327 321.360
581 459.000 481.348 445.153 446.260 447.429 441.822 449.822 457.677 433.401 432.810 431.931
582 335.000 329.138 324.588 322.624 327.154 320.737 329.391 333.311 328.481 320.561 319.658
583 332.000 323.535 326.156 347.933 354.050 342.103 336.190 339.561 340.065 346.981 332.562
584 459.000 464.895 462.964 464.504 467.559 463.060 475.359 469.410 468.911 480.810 461.307
585 396.000 401.826 413.194 403.993 420.739 413.507 416.415 416.828 414.257 408.833 409.475
586 489.000 493.300 495.885 486.482 493.476 490.707 495.551 485.043 493.106 482.922 500.566
587 417.000 431.424 425.511 428.267 429.147 431.930 415.699 427.647 433.152 423.483 428.750
588 404.000 398.330 407.644 408.638 407.004 405.621 409.269 404.457 407.555 404.506 403.375
589 400.000 428.221 423.608 415.363 413.482 406.887 419.843 414.177 436.778 426.015 421.002
590 357.000 345.932 359.936 348.041 354.872 346.474 351.583 347.812 345.777 348.697 356.192
591 437.000 424.584 437.467 453.199 444.554 457.127 442.711 437.597 466.238 483.289 464.890
592 542.000 563.503 548.445 543.070 546.299 544.999 538.655 547.626 557.182 557.797 564.034
593 419.000 432.809 426.438 428.785 430.364 434.983 431.638 430.208 429.932 429.907 428.804
594 350.000 342.088 351.051 341.555 344.959 344.734 345.656 346.168 349.587 345.940 338.627
595 424.000 430.079 426.357 437.883 436.695 431.882 432.424 426.611 430.345 441.510 434.952
596 443.000 443.340 423.357 425.801 440.249 436.592 439.423 428.996 439.096 438.098 446.094
597 439.000 431.392 428.857 440.544 441.869 442.442 439.485 445.339 444.241 429.164 439.885
598 324.000 317.171 315.125 332.755 320.984 321.677 329.137 325.415 316.450 316.604 319.153
599 311.000 318.816 321.635 309.869 314.222 309.222 313.148 319.083 315.927 313.157 307.518
600 331.000 334.984 329.237 330.126 332.876 327.183 331.418 330.365 329.693 329.082 332.026
601 428.000 420.718 422.003 434.988 419.029 419.716 406.720 422.491 423.440 428.538 438.002
602 400.000 432.875 434.498 425.804 423.208 431.911 424.600 425.936 431.677 429.639 432.250
603 309.000 325.867 308.918 309.451 306.215 306.720 309.711 306.015 320.485 309.850 305.287
604 375.000 387.061 362.388 382.282 352.345 367.131 371.384 374.849 375.747 372.994 366.084
605 450.000 433.614 451.999 437.392 433.759 435.956 445.820 441.826 433.764 428.169 439.488
606 388.000 410.684 445.566 455.827 429.715 412.553 396.277 420.110 409.257 411.477 424.231
607 323.000 354.822 362.229 354.539 348.999 347.817 354.960 336.040 355.333 332.796 326.225
608 448.000 441.134 442.140 434.897 446.611 445.321 441.376 439.934 442.241 440.365 444.329
609 372.000 385.713 380.305 378.311 382.206 359.771 371.595 395.636 380.245 380.212 382.727
610 328.000 331.171 325.334 323.933 325.299 313.870 319.639 324.851 323.550 321.079 315.276
611 460.000 469.503 467.959 465.159 509.891 472.697 467.585 468.256 456.976 467.071 458.023
612 504.000 519.536 484.097 469.230 509.601 478.244 484.387 508.707 492.664 518.298 480.604
613 433.000 471.047 451.938 454.926 467.358 467.216 456.522 455.730 449.220 460.091 453.174
614 564.000 578.606 584.606 569.742 592.280 584.051 575.615 591.774 597.219 584.893 589.205
615 439.000 415.757 387.510 394.375 418.013 392.434 379.381 402.642 401.565 403.835 386.187
616 440.000 443.783 439.720 449.396 440.247 438.454 442.502 452.906 451.090 449.832 449.754
617 484.000 495.427 475.419 474.699 486.119 468.422 473.720 467.039 472.315 466.182 482.517
618 396.000 398.578 401.592 399.788 397.424 400.773 388.471 400.252 399.486 397.622 392.590
619 435.000 430.679 427.650 426.357 427.540 428.724 424.950 428.415 428.630 430.454 421.634
620 397.000 404.739 419.923 401.664 408.811 400.477 412.078 384.493 405.638 413.769 383.596
621 420.000 422.242 425.441 426.678 421.316 427.088 427.003 430.070 436.774 423.997 424.400
622 408.000 368.346 396.148 409.664 338.279 382.511 365.883 387.864 363.873 408.563 397.874
623 437.000 436.660 434.238 442.382 433.913 449.139 443.141 447.231 436.823 425.416 446.696
624 406.000 482.401 482.234 476.608 464.284 477.899 457.813 467.919 497.569 444.552 452.571
625 393.000 386.554 367.498 382.778 378.857 371.644 372.636 385.171 390.199 364.365 370.370
626 452.000 443.105 430.473 455.769 443.939 453.784 477.549 435.836 443.399 419.067 425.799
627 466.000 425.951 445.790 472.125 382.230 448.358 433.338 459.222 457.489 437.550 477.919
628 410.000 486.630 462.366 471.897 464.708 409.448 470.499 450.593 443.703 428.939 460.112
629 447.000 448.187 447.568 441.545 448.027 447.830 446.242 441.419 448.947 445.834 445.550
630 487.000 444.597 443.300 445.866 449.358 444.458 449.767 445.965 449.706 441.863 449.877
631 420.000 432.047 433.493 430.844 426.367 440.030 433.926 431.518 425.890 432.142 431.496
632 565.000 563.055 563.246 561.169 559.246 566.069 554.890 567.900 553.676 569.733 578.569
633 309.000 303.510 313.119 309.754 308.706 311.776 317.050 307.906 313.437 313.628 309.990
634 437.000 434.240 435.235 434.551 444.780 429.432 440.390 435.149 437.499 442.599 434.227
635 481.000 489.165 488.998 490.554 490.324 488.808 481.803 480.091 489.416 483.005 476.627
636 390.000 370.745 387.054 384.265 383.607 392.672 387.862 376.768 385.203 380.448 395.262
637 329.000 322.281 321.955 327.133 325.344 319.899 325.806 321.511 321.319 322.454 323.213
638 349.000 338.270 347.143 353.826 355.343 338.101 346.636 338.961 337.126 351.956 339.208
639 336.000 334.798 338.733 351.681 337.215 350.613 332.674 349.279 337.354 335.855 337.505
640 550.000 539.512 527.039 536.999 519.842 510.462 513.260 541.843 523.923 529.014 524.923
641 315.000 310.295 312.813 312.098 312.759 319.126 317.455 311.330 316.247 312.686 312.603
642 420.000 447.262 431.630 439.672 436.671 422.097 423.082 434.546 411.101 425.158 431.012
643 466.000 477.589 472.292 464.617 466.191 468.970 470.317 466.467 462.592 462.512 466.374
644 315.000 314.330 311.703 303.690 307.830 321.637 317.703 315.701 330.638 325.192 314.207
645 345.000 354.564 349.444 359.572 354.198 377.098 340.544 358.756 372.571 347.300 359.852
646 451.000 439.632 426.303 431.538 444.019 432.385 434.808 426.560 432.093 426.969 439.262
647 337.000 379.762 374.949 394.196 357.497 354.158 377.959 394.612 376.832 347.827 370.799
648 439.000 434.573 434.960 424.023 435.700 439.192 448.888 431.798 435.203 439.428 438.742
649 330.000 322.714 322.587 319.519 332.835 319.966 324.085 327.798 322.298 326.970 320.611
650 538.000 553.968 543.341 543.924 545.878 549.329 547.851 536.582 535.284 540.774 543.800
651 326.000 349.329 326.944 337.323 329.884 350.034 340.717 356.915 338.385 332.603 335.052
652 392.000 417.769 435.177 396.634 420.048 407.841 392.617 383.230 400.749 410.228 430.513
653 366.000 401.212 379.533 390.272 395.522 394.441 413.615 390.588 390.056 396.929 428.330
654 318.000 306.144 319.757 303.262 330.392 318.700 316.249 314.809 315.945 325.694 329.977
655 561.000 533.829 520.373 517.481 517.953 537.717 541.137 543.307 544.236 539.112 528.662
656 436.000 477.213 480.671 438.756 475.989 438.663 452.920 448.473 446.590 471.940 479.075
657 463.000 502.091 503.574 499.111 468.814 510.643 511.709 507.262 491.310 500.746 509.168
658 348.000 355.947 352.338 353.142 358.192 349.185 344.825 351.932 342.381 357.249 343.091
659 313.000 329.063 325.319 328.036 330.876 321.214 328.387 317.975 326.970 324.601 324.080
660 451.000 450.160 449.991 443.432 440.872 451.202 460.156 445.785 456.781 452.275 428.894
661 384.000 399.961 421.440 444.101 407.941 403.240 400.012 408.921 417.463 406.901 406.834
662 459.000 465.451 459.358 469.228 466.864 472.275 456.575 467.420 454.810 456.304 467.017
663 421.000 390.412 396.471 420.122 352.936 405.987 386.262 408.966 379.072 375.342 400.898
664 481.000 462.657 454.221 467.655 474.579 465.470 464.483 481.818 443.128 473.948 460.652
665 320.000 323.808 324.772 326.879 317.468 325.160 325.938 323.558 322.832 325.141 321.485
666 310.000 423.722 367.267 419.066 390.663 387.034 366.434 399.772 323.501 370.975 385.865
667 402.000 408.229 408.433 409.251 408.417 409.568 407.551 403.519 410.145 408.368 408.902
668 530.000 423.449 432.143 442.308 446.796 438.529 437.962 445.431 442.803 430.449 423.928
669 583.000 575.259 580.377 554.353 563.985 573.195 584.521 575.830 579.183 571.580 560.566
670 421.000 431.378 427.409 419.098 424.205 422.293 425.515 432.638 423.547 420.535 420.762
671 415.000 417.473 417.711 416.383 415.492 415.223 414.078 412.882 410.203 422.368 416.145
672 387.000 403.106 404.204 399.792 402.038 408.882 412.800 407.860 401.365 399.749 405.492
673 584.000 565.100 573.964 552.083 553.353 565.504 569.258 567.485 551.406 573.419 516.810
674 307.000 330.887 323.585 327.802 318.903 328.491 328.259 328.958 332.514 331.656 317.726
675 424.000 417.007 410.172 428.213 423.903 418.878 418.365 405.815 409.362 417.103 426.352
676 449.000 450.754 434.158 448.941 437.043 437.658 443.224 424.182 432.333 453.374 444.290
677 610.000 474.288 507.859 495.115 476.993 480.118 494.672 509.156 500.234 484.198 481.952
678 505.000 519.970 511.214 516.081 503.462 524.116 515.908 518.724 519.976 518.753 528.681
679 408.000 404.037 401.122 404.247 402.752 402.982 405.761 398.561 403.282 398.405 402.864
680 377.000 367.133 373.062 370.084 372.302 380.716 410.719 400.333 367.036 399.463 395.278
681 502.000 483.594 489.775 447.759 482.366 483.149 444.724 479.241 485.436 488.378 494.699
682 319.000 301.280 320.486 331.498 316.002 326.748 323.141 317.087 314.753 322.867 310.027
683 394.000 401.243 398.309 398.301 400.008 399.352 402.948 402.117 400.944 402.050 395.688
684 290.000 310.448 306.213 310.720 310.053 306.657 309.644 301.578 300.335 323.804 305.168
685 407.000 405.444 415.473 411.895 411.456 416.795 411.550 421.340 403.443 406.676 411.779
686 444.000 431.987 437.279 434.284 436.256 440.448 436.235 436.242 440.121 434.763 440.888
687 322.000 319.263 327.168 325.334 314.159 322.010 314.990 316.146 326.035 320.127 315.202
688 331.000 386.493 357.831 349.423 361.520 350.050 360.019 377.490 354.809 372.512 358.563
689 402.000 415.684 420.804 385.040 401.708 408.612 406.082 389.773 395.185 413.907 412.543
690 320.000 323.254 332.991 328.808 326.608 335.495 337.204 333.254 329.620 329.253 342.378
691 386.000 400.163 413.143 407.565 409.528 407.708 400.066 399.550 414.061 407.704 400.501
692 364.000 449.538 419.764 420.890 431.078 423.496 420.568 429.980 432.163 438.133 435.658
693 328.000 340.951 336.108 346.243 324.943 328.870 331.015 331.822 331.256 328.533 332.935
694 312.000 329.862 312.092 319.278 325.030 317.508 322.179 323.600 323.685 317.015 312.060
695 378.000 363.814 385.513 377.458 372.721 384.409 381.562 397.295 378.105 383.070 375.576
696 331.000 319.824 320.586 321.179 323.778 324.518 321.561 327.718 325.672 320.030 333.611
697 330.000 324.211 319.425 333.217 338.026 325.865 325.505 355.034 321.061 341.359 341.583
698 451.000 432.747 444.165 443.792 441.988 441.624 434.111 449.598 443.741 441.824 440.273
699 313.000 404.656 428.645 399.458 404.332 406.980 378.624 400.089 344.615 416.634 439.931
700 408.000 412.240 408.858 414.860 409.804 415.354 407.318 417.753 415.569 415.055 409.502
701 440.000 394.016 440.663 435.860 431.544 441.766 435.129 443.310 437.903 410.997 443.017
702 375.000 357.398 357.902 358.960 375.522 356.121 369.832 366.411 362.143 361.099 360.997
703 462.000 467.810 450.199 497.688 470.553 475.468 445.925 460.515 460.041 473.762 437.626
704 450.000 429.996 427.005 435.334 427.691 423.625 431.599 430.287 428.709 425.784 426.595
705 417.000 426.103 411.249 435.063 417.073 431.332 416.591 421.545 421.232 418.771 404.102
706 452.000 431.018 438.422 428.175 438.177 428.764 445.094 416.212 425.775 430.248 426.963
707 526.000 514.552 552.102 531.889 530.684 527.346 529.339 529.050 531.685 521.846 521.763
708 460.000 447.985 450.667 441.221 450.534 454.473 443.358 434.055 432.565 424.378 447.850
709 428.000 430.973 426.907 428.169 426.676 429.152 413.780 427.781 432.720 429.952 426.502
710 310.000 347.435 362.654 365.231 368.772 350.500 346.637 369.882 371.315 373.411 368.010
711 412.000 408.834 404.633 401.332 409.293 410.505 411.823 406.637 409.286 413.375 407.746
712 320.000 363.085 339.006 333.280 341.566 343.709 346.108 338.478 332.375 344.860 357.634
713 468.000 482.151 486.540 487.788 472.002 483.049 476.505 469.362 471.452 480.744 484.936
714 316.000 318.003 311.119 328.211 328.425 333.089 343.592 349.190 342.585 318.931 316.190
715 602.000 596.849 597.365 594.812 599.704 599.139 595.277 598.080 599.379 596.509 605.682
716 328.000 391.590 357.334 389.293 368.454 399.293 380.789 374.504 391.766 381.903 411.522
717 579.000 566.606 573.711 541.439 552.004 571.503 551.019 554.781 574.389 550.978 548.989
718 354.000 333.399 343.752 349.439 354.521 346.190 344.096 339.278 344.571 345.001 341.077
