data_index lambdaa.observed lambdaa.predicted.repeat1 lambdaa.predicted.repeat2 lambdaa.predicted.repeat3 lambdaa.predicted.repeat4 lambdaa.predicted.repeat5 lambdaa.predicted.repeat6 lambdaa.predicted.repeat7 lambdaa.predicted.repeat8 lambdaa.predicted.repeat9 lambdaa.predicted.repeat10
1 342.000 345.211 329.981 321.147 337.448 335.356 330.708 337.140 336.256 334.127 338.724
2 336.000 355.921 353.164 337.418 359.453 349.673 369.496 353.553 355.972 365.347 353.812
3 434.000 438.699 427.780 426.919 432.478 424.126 424.454 429.988 433.329 426.741 426.388
4 320.000 317.714 328.872 328.762 327.906 327.335 325.901 328.869 327.305 326.034 325.325
5 317.000 322.705 319.468 322.191 322.873 327.562 320.800 321.591 322.835 330.429 327.266
6 432.000 450.275 447.762 450.368 454.572 443.843 445.968 453.748 444.325 447.135 454.370
7 419.000 439.602 430.446 438.122 434.546 440.779 435.224 422.669 428.675 435.183 433.757
8 554.000 555.728 547.299 545.589 548.880 547.957 547.432 561.389 540.900 532.535 559.973
9 438.000 432.406 447.072 452.660 419.438 441.849 431.144 424.459 453.685 441.487 469.754
10 315.000 314.786 314.119 313.182 314.464 313.464 316.486 313.265 314.195 313.296 314.544
11 325.000 354.428 338.000 343.668 351.600 331.214 334.748 341.017 337.105 334.817 352.417
12 492.000 408.607 435.878 399.609 408.236 378.109 415.235 391.231 463.633 437.367 421.087
13 370.000 349.034 373.128 370.388 356.682 353.953 371.358 351.325 373.532 371.899 357.602
14 424.000 414.418 424.970 418.487 410.372 411.769 414.212 419.967 427.903 412.351 423.513
15 400.000 388.423 397.752 399.985 400.930 396.883 398.720 399.416 398.435 401.631 389.408
16 406.000 405.047 404.004 405.539 405.790 406.621 405.346 403.957 405.654 404.799 403.927
17 429.000 439.728 428.438 427.648 430.437 443.260 427.431 434.900 442.059 432.870 416.978
18 450.000 418.794 422.566 423.405 416.541 408.650 420.700 428.320 433.384 421.408 428.124
19 342.000 366.133 368.151 355.403 374.087 376.528 351.361 335.272 358.841 371.774 364.863
20 302.000 308.371 308.950 312.206 305.979 308.562 308.445 306.859 309.262 308.165 307.932
21 437.000 430.059 442.753 428.704 431.552 441.282 446.025 436.617 438.518 441.708 439.471
22 407.000 411.108 403.337 406.988 423.310 404.879 422.491 402.362 408.428 405.260 404.341
23 384.000 393.382 383.708 404.599 391.095 407.549 397.735 396.188 389.184 402.729 389.743
24 371.000 370.508 364.535 371.088 371.890 372.020 370.684 370.917 372.497 370.601 371.295
25 417.000 384.601 397.769 385.202 376.590 396.212 375.338 384.531 387.171 385.110 383.022
26 425.000 416.289 416.983 423.292 417.035 430.005 421.618 421.909 423.633 414.954 425.733
27 350.000 326.736 328.989 329.353 328.094 326.926 327.723 328.609 330.492 327.607 328.753
28 444.000 415.325 428.619 425.770 424.914 428.410 428.673 420.663 428.894 430.908 430.164
29 379.000 402.188 375.042 442.416 425.259 382.443 417.110 388.970 393.232 390.531 416.114
30 400.000 411.108 412.472 412.693 423.310 410.058 422.491 410.781 409.906 412.569 406.261
31 378.000 348.302 362.228 363.296 374.572 392.938 362.799 377.098 350.745 361.643 358.171
32 364.000 358.001 359.415 361.790 380.342 360.739 360.807 360.488 359.960 363.427 360.691
33 360.000 359.722 362.056 358.172 363.213 359.384 351.403 367.173 359.264 364.931 363.059
34 382.000 380.679 393.440 385.625 381.557 387.482 389.877 391.746 381.408 382.122 382.557
35 527.000 544.076 525.726 552.551 562.260 561.988 550.655 537.685 571.867 553.083 558.441
36 408.000 404.479 406.682 408.044 404.809 408.160 404.699 404.427 405.235 406.307 405.229
37 421.000 390.754 390.303 389.966 393.148 388.631 392.112 387.254 393.221 393.753 390.378
38 346.000 329.531 334.719 335.047 333.984 325.804 327.553 326.505 327.591 331.309 327.258
39 478.000 539.955 481.619 522.394 532.506 532.990 543.392 545.360 549.399 511.223 541.260
40 420.000 432.460 430.811 431.106 420.107 440.751 436.615 434.190 426.109 441.549 415.318
41 430.000 454.825 455.161 458.080 463.202 458.562 456.610 457.475 457.999 454.787 456.534
42 623.000 575.871 568.311 584.896 582.136 579.599 574.135 587.218 592.191 582.989 572.454
43 457.000 423.862 452.138 453.019 447.099 439.467 438.208 439.861 450.613 447.729 435.552
44 424.000 416.446 404.413 428.878 419.535 401.310 459.133 426.576 424.884 413.682 407.070
45 456.000 450.861 451.236 454.721 459.436 446.548 441.172 465.914 447.948 443.821 427.340
46 411.000 398.007 396.994 395.467 391.391 394.933 401.244 396.656 411.993 396.937 401.203
47 413.000 432.411 422.412 426.702 423.378 434.979 434.979 439.746 431.026 432.266 435.095
48 332.000 337.423 352.678 332.354 325.169 299.933 312.418 357.754 330.236 323.328 349.031
49 489.000 494.602 502.841 502.352 489.836 493.110 501.069 488.058 497.809 497.424 486.453
50 425.000 444.611 420.767 435.617 439.116 441.500 401.100 456.241 439.057 455.334 436.023
51 359.000 360.721 366.706 354.837 355.951 352.806 368.233 372.211 360.643 344.490 349.187
52 418.000 418.340 420.090 419.093 418.585 415.032 418.468 417.967 417.829 418.417 418.535
53 325.000 323.622 319.852 323.444 321.703 322.531 322.731 324.707 322.320 323.705 323.061
54 447.000 445.416 440.178 443.596 444.326 451.091 446.777 443.800 438.756 435.558 446.530
55 464.000 467.471 468.017 466.197 459.215 476.160 482.212 481.521 465.627 471.750 467.717
56 431.000 426.165 429.474 428.001 427.509 426.850 430.844 426.734 428.987 428.532 425.451
57 332.000 314.610 320.692 323.735 319.770 322.138 320.735 324.075 337.246 326.907 313.670
58 329.000 337.968 314.165 321.047 322.819 316.913 323.021 325.998 321.992 325.447 321.116
59 315.000 318.693 325.853 332.533 320.730 320.872 323.535 318.583 320.377 325.630 323.944
60 396.000 404.693 404.162 394.157 405.425 402.656 397.001 400.751 401.331 400.899 401.010
61 390.000 387.486 388.421 384.041 391.260 388.199 389.599 387.694 391.413 387.937 386.009
62 423.000 438.815 405.552 408.252 431.273 425.570 429.348 440.815 426.965 440.186 425.607
63 430.000 461.332 461.455 463.435 438.546 458.628 489.780 492.192 457.572 484.079 463.153
64 429.000 429.550 430.767 427.872 425.912 429.295 428.670 426.713 425.048 432.839 428.397
65 467.000 453.086 445.445 454.674 457.865 445.662 454.210 447.726 459.146 455.646 442.473
66 602.000 563.479 561.375 554.791 559.400 535.936 553.827 568.488 562.273 549.432 552.927
67 461.000 491.743 460.414 470.540 485.673 452.310 464.479 463.312 467.030 484.969 472.487
68 342.000 358.027 360.727 356.933 361.580 364.954 357.542 360.971 372.839 353.364 355.337
69 545.000 544.061 552.985 541.214 547.329 526.130 543.480 542.463 459.697 437.518 546.984
70 415.000 419.695 423.522 427.038 427.668 425.414 417.024 423.539 419.477 413.816 427.564
71 365.000 365.989 376.129 412.277 355.081 381.855 382.244 357.204 372.543 363.621 367.609
72 429.000 435.367 440.726 448.795 436.648 447.708 431.000 433.856 437.682 426.034 417.750
73 336.000 334.201 334.208 333.864 334.505 334.662 334.465 333.444 333.620 333.823 334.178
74 302.000 298.481 313.365 302.299 308.070 308.026 304.305 302.412 306.891 307.365 310.131
75 426.000 443.708 441.472 441.737 442.857 444.290 443.408 443.257 443.965 444.760 443.003
76 364.000 389.748 398.154 391.542 373.035 384.621 389.703 386.428 381.549 404.733 402.141
77 451.000 384.009 402.197 411.932 404.800 389.157 410.595 406.351 410.453 397.857 397.648
78 573.000 578.806 552.321 583.847 566.101 588.538 578.370 580.250 592.181 581.236 572.961
79 447.000 447.903 445.957 448.561 448.474 434.591 448.971 446.725 441.445 445.752 448.670
80 322.000 343.861 351.207 341.438 358.182 329.173 337.170 332.515 333.828 345.263 335.095
81 586.000 580.480 528.621 572.138 583.611 528.953 548.375 524.938 565.292 526.563 555.090
82 459.000 432.277 448.531 447.739 439.567 453.973 444.263 436.048 443.317 450.753 452.990
83 405.000 405.099 420.425 401.303 398.939 406.853 405.196 430.417 407.029 403.351 406.319
84 434.000 421.883 436.132 426.943 428.364 430.594 439.051 432.501 432.995 430.929 432.461
85 441.000 453.452 444.044 429.627 443.485 449.664 450.879 455.421 446.171 453.476 453.697
86 403.000 403.266 409.294 405.679 408.565 404.623 408.683 406.750 404.489 405.424 407.201
87 450.000 414.380 417.698 418.730 415.396 422.580 428.460 435.082 433.644 426.269 431.432
88 372.000 365.833 342.068 355.077 352.121 360.872 354.957 353.990 359.221 355.303 352.430
89 400.000 435.369 393.182 407.860 434.052 400.832 391.302 405.359 401.042 421.919 399.453
90 545.000 532.759 526.468 532.725 550.783 545.163 542.547 544.544 545.458 536.374 537.198
91 411.000 405.130 422.132 418.758 428.319 405.274 427.419 428.999 417.373 430.280 405.142
92 344.000 348.356 365.933 352.933 364.012 358.403 344.476 363.660 362.358 356.112 346.284
93 502.000 543.079 519.066 516.998 529.787 527.830 545.256 534.550 524.279 532.670 515.617
94 401.000 403.732 414.957 402.148 413.035 401.652 389.473 389.277 398.691 399.191 403.682
95 407.000 412.130 417.674 398.421 410.646 400.271 409.984 401.555 413.490 400.648 407.177
96 444.000 434.785 434.457 438.291 439.020 437.169 436.256 437.154 443.965 435.512 436.010
97 321.000 319.613 316.877 318.324 318.240 318.446 319.361 316.708 315.415 320.764 316.984
98 584.000 568.527 575.944 567.780 573.653 572.869 574.002 563.716 562.334 574.882 566.365
99 480.000 517.384 507.705 505.753 538.113 500.656 580.771 501.723 526.796 511.082 508.364
100 510.000 505.663 502.547 494.853 479.457 484.307 504.217 470.582 525.053 511.310 492.264
101 408.000 397.530 406.820 398.037 408.287 407.811 393.781 402.304 419.527 408.037 393.657
102 323.000 327.911 320.780 326.498 327.119 321.714 326.489 326.678 327.462 328.513 323.596
103 438.000 455.030 436.279 444.936 444.176 448.538 443.715 458.261 445.976 439.616 456.823
104 417.000 424.469 425.699 424.686 425.172 423.280 424.971 424.041 423.736 420.962 422.863
105 429.000 429.409 422.953 422.840 413.782 429.671 425.097 420.675 422.518 416.125 421.630
106 434.000 436.928 438.196 434.666 439.745 444.720 438.889 432.443 440.840 441.660 436.270
107 442.000 430.804 432.557 426.223 428.931 408.841 433.552 428.317 412.630 423.968 413.013
108 410.000 414.381 414.237 415.156 413.956 409.954 411.759 411.796 414.072 412.646 414.474
109 335.000 349.182 340.342 346.108 340.463 333.023 359.006 341.781 345.924 346.422 348.235
110 515.000 530.646 524.469 524.740 519.669 522.928 522.650 535.570 531.198 517.931 526.396
111 400.000 402.168 395.878 402.834 402.214 399.076 409.287 404.684 396.423 396.800 413.150
112 429.000 441.486 433.631 440.077 445.487 450.171 442.787 434.122 445.757 438.494 433.296
113 432.000 454.575 439.283 441.535 444.878 441.148 450.565 434.737 442.662 467.839 464.836
114 335.000 334.382 331.955 332.687 331.358 335.598 334.109 334.147 333.222 334.546 333.415
115 395.000 394.298 397.068 413.526 405.915 392.098 396.310 397.226 392.488 390.973 397.074
116 341.000 317.079 328.328 341.237 329.710 337.807 325.253 340.653 327.578 336.710 335.751
117 425.000 421.219 420.511 421.247 420.908 420.840 420.899 419.161 420.260 420.962 421.383
118 351.000 357.705 358.708 359.637 349.096 355.461 363.509 347.108 353.751 363.870 352.420
119 315.000 314.243 313.746 315.035 315.261 312.512 313.493 312.428 316.272 314.499 313.257
120 320.000 317.519 313.529 319.152 320.040 318.533 323.810 328.932 315.272 314.576 325.154
121 588.000 572.088 570.367 571.817 575.489 570.211 567.965 584.228 573.714 576.376 552.157
122 469.000 476.396 474.202 466.703 458.952 477.760 469.474 483.714 467.776 484.985 457.894
123 321.000 328.992 328.523 341.634 324.787 327.856 334.226 337.750 336.158 329.131 341.061
124 310.000 380.406 377.097 389.064 373.497 390.848 404.933 370.256 402.331 397.288 370.076
125 362.000 373.490 349.469 345.662 349.404 359.233 380.162 313.643 348.222 360.779 361.291
126 332.000 369.951 364.378 371.402 362.432 367.351 368.819 374.590 365.581 355.392 367.282
127 307.000 354.447 357.402 357.713 356.191 372.346 337.852 361.759 363.912 347.633 342.130
128 400.000 390.159 401.103 399.742 399.231 397.539 393.290 395.598 400.388 385.324 399.743
129 490.000 484.277 473.566 479.455 463.371 451.018 452.104 466.159 464.622 459.337 454.575
130 354.000 347.881 344.189 361.128 347.846 354.912 346.106 348.217 354.078 349.513 348.011
131 326.000 330.344 330.594 331.967 329.402 326.870 329.910 329.259 326.393 326.489 328.193
132 326.000 329.928 322.997 330.752 326.155 324.439 324.590 326.990 327.302 329.053 327.406
133 409.000 410.832 400.340 412.516 422.404 400.123 408.999 411.548 411.602 410.909 406.039
134 562.000 471.366 474.062 491.932 461.545 458.070 467.439 463.053 464.732 477.821 461.010
135 332.000 347.169 337.041 352.090 341.160 335.571 339.124 347.630 336.876 347.481 347.673
136 472.000 442.636 430.988 436.106 438.440 436.027 442.486 444.500 440.488 439.512 449.917
137 405.000 409.739 408.899 406.161 409.057 408.213 408.579 410.447 408.594 407.007 409.830
138 394.000 385.562 402.483 411.489 401.708 402.493 394.441 397.222 403.356 400.615 399.770
139 324.000 323.105 323.181 323.951 324.801 322.366 323.633 322.882 324.389 321.997 324.464
140 555.000 565.001 558.698 560.474 580.684 566.004 556.710 561.502 565.637 555.943 569.799
141 324.000 324.172 330.496 326.391 324.256 330.040 328.528 316.544 326.534 324.017 328.336
142 422.000 419.219 412.842 426.368 412.809 408.639 435.755 404.444 426.160 423.309 433.295
143 429.000 404.388 404.212 395.382 414.350 413.944 419.938 410.156 395.124 398.099 410.726
144 314.000 327.524 321.222 347.543 335.558 348.434 322.480 343.464 314.591 309.130 319.262
145 445.000 459.853 462.218 461.118 464.970 461.316 453.394 451.797 443.461 456.818 446.292
146 420.000 422.107 427.945 431.961 426.712 413.412 417.673 412.690 425.521 423.960 427.229
147 350.000 360.185 356.977 349.604 348.359 354.246 353.808 346.964 355.111 354.310 350.896
148 381.000 350.168 350.544 358.072 356.041 345.766 358.658 353.219 347.864 349.276 352.477
149 340.000 344.489 329.799 324.774 336.072 330.359 335.414 331.094 331.276 333.013 331.567
150 462.000 475.799 473.256 483.671 486.077 474.593 478.447 478.393 462.202 484.724 475.266
151 545.000 545.657 533.439 557.399 537.224 557.061 552.380 547.279 553.954 532.159 544.604
152 401.000 408.281 408.716 410.942 417.390 409.743 408.117 409.950 423.992 404.707 401.910
153 450.000 473.219 454.629 491.461 487.463 484.056 475.399 486.752 478.239 478.929 465.709
154 495.000 535.299 537.974 551.459 516.659 532.218 544.681 525.275 547.122 545.424 546.132
155 415.000 452.610 441.065 464.601 458.715 426.748 420.330 431.835 415.231 428.403 443.830
156 580.000 538.291 578.200 580.691 552.239 597.950 557.563 555.942 560.001 571.820 565.592
157 412.000 403.515 409.017 407.173 407.732 401.453 408.286 406.157 404.181 408.736 404.184
158 446.000 482.572 490.744 484.656 474.168 474.697 474.535 467.829 497.420 479.167 475.914
159 330.000 342.942 316.251 328.359 318.343 323.037 340.005 331.410 339.796 333.017 312.957
160 325.000 305.973 322.293 315.546 323.172 321.896 326.640 323.259 326.255 310.375 318.291
161 316.000 319.680 317.398 320.026 319.490 331.770 324.630 321.245 319.160 314.919 318.442
162 408.000 401.962 403.743 397.632 389.342 401.477 406.425 409.130 402.026 414.179 403.645
163 428.000 417.445 405.565 397.939 416.094 400.407 407.459 414.996 397.360 392.807 406.051
164 396.000 497.213 464.683 504.696 501.959 473.234 477.379 480.349 506.743 504.239 505.309
165 385.000 356.981 363.719 368.369 364.355 352.201 374.205 360.622 364.701 366.328 361.221
166 335.000 335.041 336.384 330.917 333.975 333.536 331.249 336.249 334.222 332.771 327.899
167 339.000 336.753 336.699 336.952 336.490 337.887 337.318 338.531 337.454 336.653 337.289
168 419.000 414.098 418.432 414.528 414.339 411.499 414.763 416.665 421.233 422.601 420.268
169 321.000 318.986 320.063 320.323 318.586 320.546 317.809 316.708 318.541 319.168 318.653
170 419.000 416.253 418.276 417.923 419.088 418.741 418.454 417.589 417.161 418.336 421.529
171 423.000 421.675 425.588 418.967 421.010 423.533 416.025 420.725 428.156 419.068 420.758
172 416.000 420.714 420.579 424.469 420.589 425.881 415.598 416.782 422.979 421.996 418.793
173 434.000 407.701 412.499 410.241 412.685 414.981 409.234 409.040 411.817 399.703 404.105
174 329.000 335.060 338.482 394.389 325.551 339.769 342.803 344.239 328.197 331.076 332.227
175 450.000 453.667 429.300 447.302 433.945 443.746 442.751 436.245 448.954 449.788 436.189
176 333.000 322.496 319.543 320.622 323.566 323.834 319.372 322.587 324.785 325.500 320.075
177 420.000 430.680 423.218 418.875 416.119 433.034 416.993 416.464 401.428 428.622 416.918
178 315.000 318.971 316.888 315.056 317.628 316.566 315.516 316.665 316.973 315.915 313.327
179 349.000 353.612 354.477 351.984 362.918 371.672 354.157 355.658 358.386 359.716 368.478
180 431.000 427.315 428.163 394.537 399.418 414.919 422.683 404.155 434.052 415.007 410.523
181 407.000 390.460 392.896 395.551 394.326 394.206 392.763 397.188 396.290 395.978 399.172
182 424.000 421.562 419.022 419.601 422.675 423.530 421.217 419.161 422.862 423.057 419.552
183 425.000 420.017 417.167 420.408 420.182 421.043 417.662 418.746 419.765 419.190 419.730
184 588.000 587.619 592.666 595.554 584.229 590.234 585.347 592.783 584.709 586.683 581.994
185 332.000 339.580 347.826 336.853 327.294 339.681 333.190 341.942 331.650 329.908 340.074
186 379.000 401.992 393.567 405.133 381.230 400.235 394.725 402.868 405.822 389.770 397.461
187 586.000 596.383 618.985 607.365 606.108 607.754 598.792 597.472 595.652 612.699 565.415
188 528.000 566.534 546.968 552.506 567.288 550.823 481.938 546.024 566.712 560.960 540.893
189 425.000 421.324 419.540 425.288 450.509 442.806 432.710 436.159 421.721 427.384 421.195
190 398.000 395.099 389.338 396.865 389.233 401.607 377.958 392.891 394.770 393.190 398.825
191 492.000 488.380 490.866 480.949 505.936 493.946 502.094 495.539 487.732 486.424 482.950
192 395.000 396.474 406.582 401.191 401.898 412.794 403.738 412.820 403.222 397.089 401.905
193 503.000 452.367 452.342 455.866 445.583 445.769 439.507 454.608 447.721 450.292 451.920
194 402.000 414.367 411.164 415.912 410.279 415.076 410.257 408.363 411.509 413.712 402.969
195 316.000 341.735 335.823 343.803 325.170 330.576 333.731 328.474 330.378 327.000 331.147
196 537.000 506.892 510.504 515.246 518.863 537.143 474.172 501.799 521.603 522.261 480.165
197 426.000 433.341 462.890 419.201 428.310 422.960 421.984 437.578 456.381 426.675 428.887
198 414.000 439.290 442.060 437.869 439.631 431.900 438.411 442.301 443.051 460.557 435.722
199 460.000 508.430 513.861 507.299 514.537 518.501 578.638 510.416 527.550 519.756 540.061
200 438.000 418.329 429.837 432.901 426.600 422.761 421.797 429.294 421.207 428.821 434.798
201 418.000 419.736 423.393 423.035 424.813 422.909 417.662 422.967 423.856 422.131 423.940
202 432.000 387.706 396.511 398.582 387.213 387.240 380.176 387.505 403.044 397.017 400.605
203 422.000 436.770 422.493 421.726 424.085 423.297 422.124 426.730 423.593 425.053 440.708
204 450.000 461.823 450.342 448.951 446.564 446.875 443.164 450.293 453.855 454.517 434.790
205 362.000 360.571 354.020 402.139 358.059 363.476 363.699 362.332 405.455 372.987 356.527
206 500.000 490.977 503.262 472.874 498.351 449.253 494.268 505.629 487.386 483.874 438.694
207 361.000 383.145 396.435 387.635 390.584 384.282 391.648 392.840 389.003 395.446 388.316
208 439.000 429.699 432.281 422.726 425.915 433.842 452.638 418.932 441.823 430.163 439.395
209 382.000 442.184 423.369 428.976 461.988 432.671 443.846 446.550 449.582 435.884 428.261
210 446.000 442.373 448.794 443.219 442.102 444.223 449.503 453.030 437.662 446.170 440.117
211 420.000 436.770 425.018 428.838 427.560 429.605 422.124 424.471 426.339 426.794 440.708
212 420.000 419.290 424.934 421.064 420.344 420.713 415.840 420.290 419.870 418.068 418.392
213 488.000 444.948 441.134 466.486 458.602 445.112 440.206 451.103 462.552 442.877 449.991
214 395.000 409.711 390.797 396.677 402.459 407.898 398.743 404.619 408.632 401.580 406.191
215 399.000 399.549 396.813 397.404 402.033 402.365 392.061 394.084 396.506 396.541 399.471
216 356.000 356.493 361.080 356.297 356.333 361.360 363.390 365.331 363.157 362.228 357.748
217 440.000 442.043 436.869 438.916 440.213 434.447 437.296 439.602 434.028 437.132 435.622
218 342.000 329.902 398.497 397.554 338.681 397.280 346.215 327.841 390.898 392.359 405.772
219 535.000 579.912 584.607 587.237 578.152 575.411 541.124 538.688 559.707 543.873 575.393
220 525.000 508.683 481.723 448.883 473.144 449.083 488.110 468.135 448.835 441.003 481.608
221 526.000 511.538 529.605 522.914 505.931 538.841 516.896 506.805 530.321 516.771 527.657
222 318.000 320.628 319.973 323.435 321.664 321.563 319.422 323.967 324.112 320.271 320.988
223 518.000 458.638 487.580 434.206 462.893 499.117 447.026 460.845 480.466 466.579 504.030
224 366.000 366.172 365.431 366.136 365.527 363.746 364.039 362.058 366.354 367.803 365.278
225 349.000 358.384 356.169 345.877 352.827 352.447 351.992 348.289 357.068 355.672 342.365
226 396.000 399.182 396.693 397.814 407.123 390.706 399.405 402.011 401.898 403.198 404.017
227 380.000 370.997 391.011 355.904 370.178 374.850 360.314 389.983 389.554 383.623 383.114
228 375.000 381.505 383.803 384.976 383.929 385.731 387.643 382.172 378.811 399.198 383.313
229 455.000 459.538 471.135 458.907 465.058 458.284 451.338 452.945 456.206 465.318 461.548
230 428.000 467.090 450.556 462.516 450.586 455.814 469.537 458.029 450.017 460.138 471.680
231 334.000 340.690 338.626 338.978 340.588 337.942 338.911 338.049 340.485 337.830 339.095
232 337.000 340.538 344.073 335.922 340.453 343.406 340.139 339.615 340.918 337.954 342.945
233 418.000 418.398 416.679 417.260 416.280 425.923 415.752 417.818 422.046 418.340 419.166
234 310.000 310.223 312.689 317.280 312.432 307.278 308.324 307.444 308.679 306.916 303.063
235 395.000 391.828 403.980 403.192 401.668 395.955 401.205 400.823 396.325 391.913 403.385
236 450.000 424.206 436.127 447.616 443.183 414.437 423.282 429.174 444.300 422.111 405.674
237 368.000 362.817 364.092 364.465 364.673 366.048 366.724 362.058 363.803 366.097 361.034
238 468.000 477.433 473.853 471.764 453.732 483.315 467.445 458.347 465.501 456.014 474.908
239 305.000 310.130 306.645 305.370 307.463 305.040 305.092 304.713 302.554 310.163 305.515
240 303.000 324.081 319.422 345.801 321.076 329.951 319.036 339.166 318.920 341.761 347.357
241 316.000 318.885 326.557 307.096 327.386 310.099 312.701 327.307 316.059 314.656 311.746
242 360.000 334.447 340.382 339.642 346.713 344.443 334.425 339.189 341.818 356.640 338.053
243 466.000 468.522 467.369 467.033 471.563 465.430 470.848 470.904 463.684 467.731 471.877
244 422.000 450.534 430.782 454.613 445.152 454.566 439.603 451.281 427.968 458.974 456.864
245 418.000 413.040 393.026 396.937 399.048 393.559 406.075 387.910 406.278 405.365 391.358
246 409.000 401.766 407.067 410.824 410.019 409.913 413.080 405.404 411.125 413.924 410.192
247 326.000 338.552 317.958 335.176 325.119 335.517 320.884 324.988 331.024 331.136 327.244
248 328.000 327.029 330.434 360.768 327.739 360.402 329.235 328.204 327.512 333.364 328.354
249 369.000 373.404 364.535 371.718 372.368 372.507 371.070 373.008 371.352 372.073 372.413
250 346.000 324.728 342.048 330.074 338.213 335.460 325.919 324.221 332.524 335.427 327.698
251 407.000 421.719 412.964 415.978 416.353 415.732 417.547 417.856 425.237 416.684 417.532
252 414.000 380.672 393.509 387.763 392.698 392.507 395.493 400.481 386.228 385.665 394.538
253 501.000 474.727 492.116 487.923 486.736 482.113 480.276 475.698 460.680 485.423 480.111
254 421.000 417.056 416.609 418.186 420.522 416.070 417.531 417.785 419.659 420.359 418.560
255 316.000 303.245 329.223 320.071 306.269 369.357 328.541 318.625 321.153 323.168 319.568
256 328.000 326.459 332.327 325.810 337.762 323.587 327.399 339.157 319.288 338.712 328.494
257 445.000 489.813 487.079 501.175 487.276 488.747 483.765 497.833 412.689 483.818 478.409
258 371.000 354.895 336.537 346.692 344.163 347.943 347.423 343.274 341.598 332.331 340.966
259 484.000 484.292 451.404 458.131 434.423 451.251 470.573 486.485 461.695 475.228 484.453
260 418.000 426.718 414.522 422.488 427.019 412.537 422.656 427.287 422.345 422.147 422.041
261 371.000 369.894 370.526 372.841 371.562 369.162 371.725 373.643 372.412 373.664 371.352
262 331.000 319.693 325.099 318.090 321.977 323.295 320.663 320.608 325.513 320.091 321.046
263 586.000 548.872 562.116 549.242 532.375 538.848 549.196 552.888 543.913 540.068 546.868
264 434.000 465.410 458.826 457.496 454.948 461.008 466.846 454.357 456.865 448.056 443.922
265 412.000 435.642 437.018 435.185 434.364 428.781 444.933 428.372 441.611 440.015 451.187
266 483.000 448.335 468.998 461.956 459.644 454.959 453.643 459.440 457.988 451.771 452.521
267 393.000 431.819 418.835 405.733 433.935 429.693 407.633 428.885 412.348 423.489 426.792
268 386.000 392.055 386.325 397.440 392.825 389.442 398.604 396.294 401.440 388.284 392.244
269 344.000 467.990 467.640 458.585 457.214 393.191 365.248 460.388 371.337 464.168 446.722
270 392.000 383.145 368.751 362.249 369.411 384.282 370.853 363.482 366.536 364.448 364.428
271 460.000 442.256 439.573 443.114 452.389 441.804 444.202 448.917 444.396 460.324 443.447
272 321.000 315.918 314.312 311.536 313.615 312.670 313.487 313.381 315.418 313.290 316.193
273 311.000 321.938 319.063 316.691 320.526 321.056 318.719 326.285 316.718 322.125 320.485
274 391.000 448.355 414.048 414.616 434.993 427.771 381.525 407.772 447.730 401.640 438.249
275 431.000 429.305 437.924 427.365 442.488 432.714 433.716 432.747 434.712 442.580 450.207
276 357.000 362.469 354.862 361.093 360.973 359.253 360.551 354.379 357.217 359.188 358.936
277 414.000 411.976 408.335 409.186 449.424 435.016 429.993 430.212 429.392 428.843 440.970
278 452.000 440.596 447.222 428.374 446.111 427.442 422.614 446.992 444.009 440.080 440.668
279 437.000 399.820 384.569 384.353 414.366 362.887 384.021 387.905 393.631 396.126 421.408
280 315.000 309.875 316.659 316.938 310.198 311.778 307.905 303.797 311.219 313.857 312.614
281 435.000 428.688 431.603 429.520 438.231 436.599 436.215 434.648 439.832 421.601 425.120
282 448.000 472.383 454.926 478.650 463.232 465.322 464.633 475.585 471.362 463.627 456.070
283 416.000 426.292 432.599 423.726 433.871 445.974 426.057 431.129 430.607 428.306 423.462
284 328.000 334.277 326.089 320.844 318.228 325.353 326.430 324.217 324.137 324.024 324.232
285 390.000 403.289 400.881 399.608 402.270 400.888 400.101 401.935 401.293 396.564 399.437
286 310.000 313.025 310.223 312.324 323.140 312.488 308.089 307.427 308.777 311.593 305.837
287 365.000 364.716 374.269 366.136 360.702 370.599 370.741 365.918 365.751 368.474 373.587
288 402.000 413.749 423.131 414.444 408.950 421.583 404.525 419.034 408.208 410.621 425.070
289 372.000 372.394 364.535 372.412 371.500 372.020 372.792 373.008 371.357 372.195 370.246
290 428.000 453.118 457.324 433.153 449.268 453.824 461.461 458.458 474.179 459.103 451.915
291 267.000 392.083 414.189 437.373 401.543 379.429 417.679 388.928 400.348 398.774 399.473
292 330.000 353.883 334.722 339.905 340.574 344.499 338.454 353.322 349.053 346.922 341.574
293 598.000 559.827 580.297 609.246 578.698 566.606 568.688 599.529 593.964 574.507 573.652
294 392.000 382.433 403.427 390.729 394.331 387.456 379.343 389.262 377.606 401.166 401.372
295 430.000 444.210 447.209 444.544 436.876 453.915 460.720 454.692 452.264 443.848 457.466
296 340.000 318.767 327.515 333.012 335.992 332.860 326.857 325.040 338.490 336.288 316.799
297 312.000 341.598 318.288 354.889 321.929 344.712 357.327 338.090 352.160 356.094 350.145
298 327.000 319.360 315.108 318.133 315.951 319.140 310.542 309.955 316.380 315.182 320.200
299 342.000 354.080 352.941 354.063 354.652 365.943 353.625 354.544 352.532 356.060 353.741
300 417.000 418.304 416.522 416.707 425.813 416.692 414.803 416.640 416.979 423.064 418.629
301 318.000 322.991 325.412 324.704 324.915 321.896 325.102 324.707 322.840 323.705 322.198
302 329.000 324.187 320.043 308.039 321.647 325.114 316.629 316.526 326.436 324.072 345.658
303 339.000 341.633 340.180 334.205 331.889 337.515 340.963 337.984 333.045 340.960 327.885
304 334.000 325.856 328.532 323.697 326.051 328.728 331.403 326.804 323.597 326.030 320.141
305 346.000 342.451 334.312 349.124 349.740 348.371 348.417 350.585 352.751 325.199 342.826
306 420.000 420.506 418.017 422.300 416.975 417.553 416.637 419.716 420.113 417.041 419.552
307 371.000 371.170 372.948 373.420 373.209 376.326 372.749 368.387 368.531 368.128 372.102
308 560.000 563.109 555.566 559.220 567.499 561.999 567.220 562.030 568.173 556.660 564.183
309 512.000 478.872 470.707 478.769 460.285 471.010 465.922 471.081 478.164 461.582 446.677
310 410.000 420.573 401.878 398.470 399.174 406.865 410.260 402.640 418.058 406.613 409.790
311 473.000 467.660 467.913 468.274 466.197 467.205 472.525 472.064 468.748 467.881 455.643
312 427.000 427.482 420.734 418.519 423.033 418.893 419.164 430.426 423.111 416.829 419.443
313 326.000 334.832 342.811 342.724 352.235 334.087 346.586 339.212 342.560 359.494 340.606
314 405.000 411.233 412.005 398.823 411.737 399.024 407.359 416.273 416.967 405.085 395.773
315 442.000 490.096 448.897 446.097 449.279 465.230 460.845 460.220 469.920 470.570 441.160
316 330.000 373.877 342.723 368.393 361.086 350.624 346.762 345.210 361.267 371.508 339.745
317 328.000 359.070 356.704 347.775 360.336 343.789 357.017 370.193 351.553 336.050 341.656
318 436.000 450.947 427.404 425.552 430.686 430.241 429.273 436.581 434.208 437.096 424.810
319 410.000 419.900 420.949 420.822 420.522 421.647 420.870 418.665 419.659 420.359 421.529
320 462.000 455.698 455.759 449.929 453.923 453.759 453.519 452.622 453.829 454.304 457.964
321 471.000 469.491 468.816 465.249 464.728 474.106 461.101 451.663 466.115 457.640 467.851
322 427.000 430.177 428.962 433.754 432.089 429.253 430.617 432.114 430.878 431.975 431.969
323 464.000 456.919 455.240 456.997 456.095 456.479 456.999 456.696 455.201 456.183 455.898
324 446.000 449.406 452.485 450.316 445.810 441.749 452.140 457.325 461.574 459.835 451.170
325 583.000 583.122 599.981 588.016 569.197 565.224 566.124 586.133 593.406 587.097 582.570
326 562.000 496.662 476.636 502.404 502.453 488.608 491.776 489.022 498.986 505.655 509.245
327 313.000 318.716 334.164 349.685 320.726 319.991 332.677 335.751 331.193 319.344 322.133
328 422.000 452.655 426.767 421.349 431.785 422.434 422.592 438.372 431.760 420.754 436.102
329 382.000 363.642 380.314 377.825 379.083 373.859 418.357 385.730 367.848 393.815 350.552
330 398.000 425.431 397.113 369.320 403.392 392.610 410.409 420.429 405.639 401.695 415.542
331 371.000 372.394 364.535 371.004 370.217 370.723 370.684 371.433 372.497 372.195 370.729
332 414.000 410.103 412.344 412.214 410.783 411.103 412.745 408.856 411.439 412.498 412.764
333 440.000 435.381 409.366 435.877 428.077 422.471 415.982 428.101 437.333 431.989 417.788
334 599.000 594.834 594.678 588.096 605.877 601.951 576.461 559.024 590.643 589.961 592.078
335 353.000 364.165 362.476 352.406 357.183 356.393 360.018 354.620 354.841 356.794 356.204
336 404.000 384.172 380.830 418.659 408.024 405.693 383.317 373.858 379.914 445.463 427.680
337 406.000 412.067 405.344 416.698 419.865 412.453 403.886 409.551 413.998 407.607 413.900
338 324.000 329.046 328.611 327.356 328.869 330.388 330.020 327.749 326.537 326.493 327.187
339 337.000 334.125 334.000 332.870 333.683 334.077 334.135 333.546 333.402 332.938 334.439
340 395.000 408.317 413.930 402.591 407.608 402.021 405.610 423.074 405.753 403.740 406.134
341 407.000 409.313 413.602 407.288 414.150 412.113 414.427 415.492 410.452 411.702 415.581
342 330.000 346.168 338.776 331.810 345.654 349.858 348.316 342.255 349.306 340.798 342.849
343 417.000 403.716 427.830 417.173 427.109 427.654 429.519 424.311 424.147 427.976 425.472
344 395.000 404.670 403.642 405.196 404.335 400.603 401.248 399.878 403.967 402.351 404.574
345 503.000 384.432 389.067 409.348 400.250 388.901 400.493 387.193 388.889 389.971 391.163
346 448.000 440.437 439.681 437.955 442.143 435.595 443.696 442.720 456.506 465.325 451.026
347 363.000 336.239 357.600 332.248 348.058 346.223 353.874 339.959 331.256 339.637 343.229
348 386.000 377.310 373.644 381.417 386.178 371.128 379.011 376.054 384.444 390.512 389.061
349 330.000 337.031 337.415 335.407 334.505 334.662 335.674 333.546 335.078 334.205 335.477
350 488.000 361.870 357.206 374.026 352.618 398.163 367.249 365.234 366.996 350.483 371.334
351 479.000 459.486 465.809 468.199 465.191 461.987 458.567 463.501 458.831 465.837 459.572
352 338.000 348.535 336.426 336.900 342.035 344.125 346.775 341.106 361.885 352.985 335.934
353 456.000 464.211 455.037 464.159 476.024 469.571 462.474 438.055 435.298 457.221 477.605
354 418.000 436.508 404.463 422.293 409.000 432.834 430.692 429.221 419.987 434.459 414.704
355 322.000 324.588 325.185 325.166 324.664 322.983 324.208 324.582 323.281 324.086 325.308
356 321.000 319.299 321.562 318.324 318.153 319.426 319.597 319.342 315.415 318.431 316.984
357 335.000 347.545 350.468 340.629 348.725 380.365 363.548 368.839 369.056 372.062 356.951
358 394.000 397.522 397.307 400.993 390.783 396.676 386.549 402.970 399.057 396.011 397.255
359 398.000 421.213 442.053 419.748 448.097 405.484 416.442 420.476 415.032 443.042 445.766
360 421.000 415.717 401.128 419.779 430.829 428.140 426.666 416.898 428.922 425.699 403.437
361 364.000 362.250 369.799 370.159 367.922 371.730 376.223 393.817 377.161 372.759 373.250
362 322.000 328.456 315.544 316.874 320.997 322.488 331.855 348.899 324.839 332.595 317.588
363 446.000 466.076 455.601 469.275 469.621 467.158 466.913 478.725 468.566 465.002 473.352
364 340.000 339.100 338.533 339.767 334.243 342.197 336.209 340.971 343.878 332.240 337.057
365 340.000 362.437 373.294 361.261 365.379 379.181 390.547 371.814 375.984 383.859 429.944
366 452.000 430.024 412.922 421.786 398.698 400.429 394.460 425.106 398.814 432.343 421.165
367 367.000 359.233 346.855 364.244 367.476 367.423 371.483 359.889 361.148 358.735 366.032
368 425.000 419.855 437.078 423.957 420.336 416.555 441.335 419.610 427.279 426.304 419.845
369 399.000 410.809 409.949 411.323 409.181 415.889 412.741 413.536 407.671 414.464 408.896
370 420.000 412.864 417.388 417.611 417.340 419.155 419.626 418.923 417.829 418.868 417.653
371 526.000 556.916 560.410 560.956 548.969 548.021 577.082 555.213 548.250 557.918 527.741
372 343.000 334.193 327.202 345.960 336.633 342.012 332.839 339.054 346.483 326.040 332.112
373 420.000 419.717 413.357 426.596 418.993 421.589 419.458 404.431 414.188 424.075 420.631
374 403.000 393.572 385.401 418.568 403.594 395.598 384.985 384.874 391.032 398.770 407.982
375 495.000 465.620 467.036 477.710 465.285 466.117 487.677 482.822 467.814 473.954 494.968
376 564.000 471.876 434.560 431.352 424.957 443.942 454.377 449.271 450.223 438.527 449.904
377 420.000 548.736 543.019 531.629 562.679 537.787 528.177 540.587 531.573 498.363 531.701
378 414.000 405.205 402.365 418.057 409.751 406.235 401.658 418.231 411.901 408.316 403.348
379 328.000 321.787 321.246 307.799 321.505 316.383 321.227 303.203 318.909 322.056 318.974
380 546.000 444.604 451.008 457.237 431.525 453.100 455.208 438.909 435.084 452.614 445.844
381 323.000 323.068 314.302 320.480 317.571 319.397 319.137 316.052 315.752 315.271 318.193
382 413.000 417.020 415.139 422.276 417.041 408.919 412.658 414.424 414.645 414.989 418.359
383 360.000 411.772 407.746 404.209 401.285 403.378 414.053 366.699 382.245 352.383 384.923
384 411.000 412.383 408.293 404.070 411.796 407.764 422.621 406.700 416.492 412.561 385.749
385 346.000 339.844 339.725 341.503 341.852 342.958 342.480 341.536 341.030 339.803 340.096
386 449.000 424.425 445.288 449.434 433.060 430.096 437.367 439.333 436.758 471.705 446.930
387 389.000 375.472 392.683 386.341 393.200 391.703 393.785 396.085 399.694 392.820 405.315
388 340.000 338.666 338.804 344.531 365.252 389.679 341.689 341.649 343.655 344.371 339.263
389 343.000 339.844 342.427 342.881 342.857 343.940 342.205 343.470 341.849 342.008 340.666
390 404.000 411.959 418.201 407.485 415.707 417.014 432.709 415.062 414.854 405.416 402.083
391 451.000 446.020 453.543 448.930 435.078 448.889 452.639 451.394 453.929 452.254 460.874
392 359.000 362.198 359.458 365.882 351.728 359.230 356.432 353.723 363.295 373.455 376.344
393 410.000 408.357 406.979 410.616 409.978 411.174 406.836 407.102 413.886 401.323 401.328
394 340.000 337.387 336.136 335.703 335.708 337.790 334.653 337.133 337.133 339.052 334.481
395 504.000 491.868 414.143 444.309 461.251 486.083 437.036 466.217 508.224 460.211 480.191
396 546.000 513.786 545.466 555.491 518.116 518.170 518.897 520.926 535.596 460.235 524.119
397 392.000 400.144 400.148 405.830 402.577 393.819 410.858 398.423 405.692 401.386 395.154
398 413.000 411.774 423.780 426.388 413.356 404.256 426.173 413.500 423.351 424.784 410.541
399 325.000 331.341 331.295 360.768 335.997 360.402 331.252 332.043 328.220 331.578 331.677
400 297.000 310.447 309.971 306.754 309.241 306.941 305.612 306.215 309.940 307.262 307.850
401 397.000 398.636 401.308 400.822 398.979 406.265 400.362 400.324 399.124 402.862 393.371
402 428.000 425.695 424.761 425.645 430.935 422.272 430.365 425.070 431.308 430.691 418.796
403 440.000 434.553 435.416 452.494 424.367 436.289 436.600 438.499 441.088 450.050 433.151
404 604.000 597.633 598.272 605.740 607.758 590.722 587.499 589.703 600.238 590.598 572.765
405 442.000 447.951 447.691 444.145 445.956 447.537 455.422 439.571 446.807 446.455 453.760
406 462.000 458.127 467.457 465.852 461.382 454.257 461.988 460.672 468.396 457.900 464.737
407 491.000 502.207 474.922 489.038 505.541 488.395 475.483 490.446 503.001 494.523 468.250
408 495.000 499.293 495.703 496.296 487.746 483.433 482.668 493.105 490.236 480.634 481.042
409 394.000 367.131 362.584 355.277 338.694 350.469 356.385 365.750 355.764 354.916 357.503
410 320.000 383.450 399.344 345.150 385.021 397.168 388.576 373.936 400.448 389.941 385.348
411 445.000 439.612 445.353 442.446 449.186 446.324 455.485 444.214 443.696 452.999 442.751
412 350.000 349.059 332.285 344.235 344.470 343.339 346.974 350.963 345.529 343.433 345.531
413 332.000 318.793 323.295 317.057 325.232 322.147 327.335 325.505 330.668 328.201 320.241
414 411.000 429.602 435.477 436.251 430.851 433.719 435.249 439.390 422.591 434.466 432.783
415 341.000 377.531 376.132 371.999 392.289 374.609 366.700 390.983 366.507 368.764 416.161
416 452.000 445.449 446.754 460.644 440.688 465.914 457.661 445.774 452.422 457.949 456.163
417 398.000 409.409 412.567 419.757 436.180 410.673 408.668 432.512 418.424 411.550 445.853
418 357.000 352.602 356.913 358.283 352.831 350.918 352.423 352.419 351.807 357.940 353.871
419 410.000 398.479 412.161 401.845 423.050 412.312 420.081 422.798 419.434 410.778 414.620
420 411.000 413.100 417.599 412.278 399.555 408.739 410.039 413.372 421.243 411.375 410.073
421 316.000 315.864 317.661 318.397 307.294 313.177 310.530 312.995 315.820 308.331 310.814
422 454.000 425.455 433.830 425.336 423.158 422.878 429.278 429.233 424.502 428.742 433.893
423 492.000 476.108 485.407 504.122 477.222 485.644 469.133 468.683 466.849 486.922 484.606
424 405.000 411.772 412.113 411.432 413.327 410.716 413.575 407.527 410.355 407.930 415.205
425 357.000 363.745 371.133 361.164 362.406 364.646 366.905 362.184 361.304 361.418 367.028
426 424.000 416.253 414.878 416.689 415.910 415.833 417.366 418.665 415.848 416.580 416.861
427 335.000 347.421 334.328 352.521 355.753 349.850 359.010 340.210 353.519 331.214 361.459
428 438.000 446.183 440.074 442.163 446.030 451.471 443.698 462.712 434.454 457.519 437.296
429 525.000 401.562 386.583 409.973 407.590 396.137 397.590 422.432 424.586 404.343 403.355
430 331.000 335.750 362.843 345.770 381.335 358.819 344.513 359.023 355.629 356.733 359.796
431 431.000 420.140 399.982 428.985 423.358 411.944 405.035 414.794 428.065 432.175 413.397
432 591.000 595.724 626.490 599.649 584.139 594.084 582.334 599.318 583.008 599.870 562.245
433 414.000 413.788 403.493 404.822 413.110 408.084 415.513 414.261 407.645 400.483 406.049
434 388.000 383.277 388.234 386.454 387.296 388.010 385.633 387.907 381.380 380.226 390.819
435 585.000 584.992 572.368 596.078 598.250 583.232 587.115 571.291 581.962 575.288 577.980
436 398.000 400.943 404.309 404.888 403.037 404.473 402.311 404.505 400.415 402.490 406.506
437 441.000 469.759 446.560 449.816 450.964 436.018 449.955 454.655 448.823 447.429 443.143
438 309.000 299.649 309.971 303.823 302.339 301.179 303.774 306.215 301.031 298.761 300.327
439 518.000 527.575 522.123 533.809 522.489 528.678 515.937 524.035 496.427 507.072 516.451
440 416.000 405.563 416.198 409.649 417.837 416.104 413.082 415.979 421.374 415.790 414.177
441 412.000 416.221 417.590 415.922 415.823 417.940 409.682 418.019 416.297 414.331 415.589
442 385.000 380.662 371.576 380.043 369.406 368.473 402.331 365.811 355.712 374.253 371.829
443 325.000 329.046 327.969 327.739 326.367 330.601 326.120 329.557 327.986 329.718 326.622
444 325.000 353.660 334.402 342.047 345.240 339.514 336.731 357.131 337.931 353.283 344.321
445 328.000 337.299 350.907 346.097 362.747 325.752 363.532 361.348 341.168 346.433 358.836
446 397.000 402.747 405.314 400.196 394.885 397.278 398.760 400.176 400.244 401.602 396.092
447 407.000 403.454 409.153 409.025 409.567 411.545 407.603 404.146 405.037 406.674 405.672
448 491.000 427.548 439.085 432.823 448.529 444.271 444.129 428.586 446.505 434.960 441.935
449 328.000 320.737 323.257 307.799 321.735 323.368 321.297 303.203 320.245 320.758 315.920
450 430.000 413.108 423.115 399.971 405.356 429.349 417.153 423.373 425.268 411.162 425.977
451 413.000 408.950 409.010 415.699 400.367 391.529 413.344 403.123 399.390 396.949 395.817
452 364.000 364.634 350.530 354.834 368.328 358.692 354.324 370.464 357.395 366.838 367.628
453 404.000 416.437 402.431 405.070 405.740 405.017 402.650 406.902 404.882 404.916 407.314
454 431.000 446.002 433.086 439.056 439.785 440.470 436.591 437.859 449.322 447.739 440.367
455 461.000 444.279 438.434 431.448 441.161 447.773 430.399 445.601 447.258 440.210 440.378
456 346.000 354.114 353.721 352.949 354.287 365.943 352.116 352.942 353.278 351.194 342.134
457 461.000 458.268 460.476 460.194 456.666 456.448 466.362 459.492 458.930 458.433 457.843
458 446.000 450.888 444.099 447.316 439.107 445.192 444.076 449.395 440.265 445.837 434.528
459 334.000 334.216 331.955 335.044 331.358 333.791 333.344 334.147 332.901 333.110 333.026
460 368.000 343.525 345.335 345.584 343.057 343.281 343.902 342.284 344.951 343.101 342.134
461 421.000 335.416 344.544 338.203 343.914 349.081 346.397 359.166 358.260 341.576 380.253
462 536.000 545.340 563.358 573.656 559.008 565.756 567.839 569.937 566.095 571.245 566.275
463 399.000 409.268 414.928 410.885 406.136 414.308 413.492 435.338 416.191 406.957 416.167
464 584.000 567.685 559.986 569.067 544.012 551.670 583.750 569.736 568.972 557.605 534.970
465 592.000 573.442 573.040 578.559 579.948 571.999 574.527 579.350 575.325 556.862 559.444
466 450.000 462.622 460.476 461.033 459.557 456.479 466.362 462.698 462.633 462.895 461.000
467 359.000 361.996 364.441 367.868 380.342 365.067 362.825 364.075 363.042 366.312 367.831
468 325.000 326.589 327.951 320.680 327.910 328.479 326.106 327.696 326.706 328.123 326.284
469 315.000 432.471 411.542 345.258 361.635 350.454 341.168 353.632 352.625 344.531 346.655
470 411.000 429.657 425.916 417.160 424.746 415.763 409.627 407.529 417.515 417.595 408.671
471 548.000 544.516 522.595 529.022 552.101 539.470 540.511 536.789 543.188 543.226 533.446
472 450.000 436.074 443.875 446.819 448.067 443.677 445.042 442.648 443.108 446.667 434.229
473 310.000 368.529 343.023 381.803 371.184 326.927 359.027 353.179 342.597 363.423 346.201
474 362.000 362.740 351.876 350.283 354.883 350.326 385.608 351.960 344.561 340.088 363.081
475 322.000 335.168 331.370 332.434 323.636 357.530 330.407 317.633 336.108 338.833 330.199
476 396.000 396.237 410.358 398.642 400.975 397.009 409.179 394.953 403.373 401.638 398.671
477 408.000 413.942 414.454 413.006 412.542 424.657 415.662 414.340 415.271 415.806 417.930
478 540.000 535.841 513.769 524.900 528.026 499.608 511.208 519.927 510.830 483.986 469.472
479 399.000 404.546 403.474 403.431 393.877 411.630 402.610 409.825 404.889 406.031 410.266
480 448.000 455.679 461.218 452.474 468.657 445.579 455.431 461.533 458.833 462.699 462.935
481 460.000 412.675 414.649 404.701 408.744 410.965 406.427 413.372 413.317 410.205 409.164
482 331.000 325.582 328.611 322.939 325.412 327.312 330.020 324.972 326.792 329.718 323.549
483 448.000 443.964 431.631 441.121 443.762 446.723 441.708 442.928 441.521 449.744 448.465
484 444.000 449.238 442.319 440.837 462.075 452.814 438.445 437.878 462.848 444.337 447.943
485 336.000 334.581 335.784 336.222 341.934 336.738 332.955 335.141 340.873 344.378 336.788
486 502.000 485.320 481.186 489.647 498.611 506.040 462.386 503.279 498.965 497.452 492.041
487 409.000 430.242 432.892 424.897 422.698 419.489 408.697 425.016 392.479 428.737 412.837
488 405.000 407.714 409.162 410.005 407.761 404.767 410.041 406.573 408.903 410.811 409.830
489 555.000 586.497 538.877 578.406 582.289 583.838 579.480 563.123 565.030 572.546 581.607
490 427.000 431.681 430.036 430.424 428.051 429.110 430.060 430.037 430.676 429.076 431.411
491 452.000 418.195 430.980 429.573 434.361 423.022 437.544 431.244 422.753 422.052 428.092
492 329.000 332.868 331.074 329.841 334.658 328.064 331.997 340.542 334.801 332.404 327.281
493 491.000 490.547 490.671 492.668 501.032 512.853 508.218 505.266 479.246 477.660 487.979
494 440.000 429.606 426.914 427.034 432.767 425.233 433.396 428.362 438.727 430.411 434.569
495 363.000 347.444 345.066 362.834 343.549 355.075 343.477 352.623 353.381 354.985 345.540
496 432.000 438.982 440.427 432.955 432.704 422.177 436.574 429.040 435.287 432.699 434.483
497 514.000 460.949 473.725 479.902 480.516 481.115 482.197 480.328 464.520 494.891 494.544
498 536.000 539.357 546.337 490.879 535.056 559.530 528.914 545.391 552.451 561.516 545.046
499 462.000 455.230 456.042 454.360 456.957 459.544 461.499 455.784 455.689 460.067 457.258
500 510.000 517.461 541.006 551.616 524.715 539.993 526.817 540.003 520.879 525.773 518.136
501 357.000 355.967 350.475 366.417 338.431 356.370 366.779 335.134 350.489 355.112 341.182
502 418.000 412.182 410.809 412.121 428.167 416.421 412.295 416.199 418.282 409.092 409.043
503 406.000 449.555 425.985 441.908 433.750 433.193 435.396 450.519 434.313 446.555 428.024
504 464.000 468.319 468.319 478.919 475.599 467.256 478.903 462.559 470.881 469.979 480.167
505 400.000 397.095 411.531 397.010 400.384 397.541 397.667 397.515 396.046 405.301 405.071
506 400.000 404.438 411.989 438.864 407.381 409.082 412.624 432.675 420.251 409.973 411.755
507 333.000 340.448 345.617 342.280 336.369 322.666 342.102 335.351 326.392 335.286 339.398
508 452.000 428.958 460.912 449.021 471.037 448.850 446.001 449.375 444.566 451.596 457.960
509 586.000 555.584 555.985 549.952 553.925 573.044 559.953 558.960 555.483 555.389 551.179
510 461.000 446.799 449.838 443.030 453.691 449.588 446.419 436.316 440.334 436.023 449.382
511 606.000 593.286 593.449 585.628 582.852 590.819 557.360 551.913 589.587 579.372 577.358
512 338.000 349.673 351.002 363.377 348.962 358.100 349.126 345.111 368.484 363.090 347.106
513 368.000 364.337 357.743 353.198 375.138 358.511 372.715 357.600 369.147 372.896 375.948
514 442.000 421.060 436.894 430.902 447.881 443.097 440.077 434.534 439.328 442.704 453.051
515 417.000 411.220 411.780 420.567 417.479 405.805 410.209 410.451 408.182 416.531 411.017
516 328.000 317.714 323.308 322.308 322.819 322.884 325.901 325.050 324.507 323.547 326.515
517 477.000 496.552 492.647 490.897 490.197 473.074 499.704 494.778 491.658 491.193 503.401
518 350.000 329.023 331.745 330.238 324.741 331.488 335.032 319.723 336.667 325.673 319.288
519 421.000 412.864 418.397 419.093 417.359 415.032 415.547 417.982 419.326 417.345 418.014
520 592.000 569.023 557.458 569.428 564.954 561.972 569.192 561.689 572.237 580.739 558.391
521 422.000 432.929 435.440 428.859 437.702 437.423 432.704 437.534 435.822 437.919 428.273
522 473.000 469.403 494.706 456.391 486.893 510.900 457.266 477.272 483.832 464.985 476.251
523 567.000 573.038 566.040 568.881 570.855 553.141 553.297 575.749 574.380 563.983 567.801
524 425.000 454.784 444.483 452.381 448.367 444.475 451.351 439.147 440.329 441.612 445.434
525 429.000 434.638 462.848 448.327 449.113 439.329 469.599 439.030 439.732 440.197 450.450
526 351.000 359.954 359.892 353.134 338.594 342.603 357.248 344.517 336.280 349.383 355.097
527 416.000 411.436 409.965 410.906 412.540 408.326 410.138 410.688 414.436 411.516 417.190
528 354.000 335.338 335.400 348.658 347.532 336.809 340.055 334.785 341.343 337.480 336.703
529 524.000 520.020 522.385 522.854 520.353 533.790 550.932 518.766 521.717 525.526 532.077
530 334.000 339.209 344.861 343.250 353.282 337.875 341.692 345.552 350.079 351.126 344.338
531 462.000 457.748 462.006 456.774 460.486 454.455 458.710 460.317 458.947 457.743 454.851
532 477.000 474.479 436.254 461.621 446.927 469.951 459.394 454.170 479.827 465.970 462.818
533 528.000 491.693 537.585 500.309 513.034 502.753 512.670 531.939 513.687 500.905 521.045
534 335.000 330.998 337.159 331.907 326.907 333.430 334.448 337.521 334.300 338.773 341.512
535 323.000 334.738 333.653 332.424 333.139 338.385 339.337 320.890 322.041 308.501 315.125
536 412.000 416.739 410.013 431.700 408.155 424.039 417.517 407.658 411.249 413.303 412.782
537 551.000 567.025 559.729 553.188 561.612 567.082 554.872 567.168 584.329 571.221 583.741
538 406.000 398.643 413.103 401.663 396.337 404.226 404.220 402.866 401.665 406.784 406.267
539 502.000 500.266 491.684 493.759 488.278 495.437 493.238 496.682 502.009 516.154 498.050
540 415.000 411.999 412.367 411.328 410.783 411.055 409.720 408.856 410.942 412.403 411.158
541 336.000 335.773 332.695 333.623 333.308 332.736 333.773 333.320 332.509 332.569 333.207
542 312.000 317.645 316.255 317.950 320.457 319.448 318.915 317.593 317.720 317.600 314.006
543 330.000 332.398 328.274 332.829 333.380 330.763 330.889 330.784 337.422 326.244 329.415
544 508.000 447.992 496.757 438.025 396.271 512.136 447.533 493.672 466.474 429.152 469.444
545 588.000 595.614 592.656 582.608 595.990 592.317 592.203 591.765 593.774 584.526 594.096
546 410.000 427.755 425.777 433.679 429.230 427.449 427.511 428.112 432.029 415.474 439.664
547 540.000 532.859 538.791 538.521 549.627 539.271 530.214 524.160 524.347 540.633 536.700
548 362.000 345.186 371.460 356.235 354.851 366.702 356.444 360.049 360.362 371.848 358.622
549 404.000 400.943 402.630 398.805 397.995 401.256 400.716 402.372 402.848 401.487 403.646
550 370.000 360.781 365.966 364.523 362.783 361.007 360.564 362.273 365.923 357.958 361.485
551 482.000 481.064 464.607 448.916 400.056 447.818 428.002 451.153 457.406 484.629 474.668
552 398.000 404.496 403.660 401.610 405.152 404.226 403.433 403.143 404.119 404.607 404.791
553 466.000 433.888 433.903 442.229 443.271 430.782 421.192 446.538 449.056 442.787 440.013
554 405.000 408.910 412.845 400.665 406.707 414.084 403.558 408.350 407.718 409.978 409.784
555 576.000 566.017 566.888 567.663 574.870 573.484 579.177 565.510 571.525 557.850 566.097
556 457.000 425.557 420.379 429.314 428.519 428.648 426.472 422.392 422.880 430.387 427.354
557 478.000 468.078 463.738 465.986 466.651 470.822 463.006 467.885 465.817 463.464 455.643
558 431.000 422.178 411.302 413.868 452.810 408.191 437.353 410.353 426.235 421.167 413.757
559 411.000 359.228 360.214 354.551 368.792 359.794 348.579 367.633 359.632 355.927 353.059
560 409.000 411.415 415.163 418.417 411.720 412.331 411.983 408.982 402.328 412.455 407.912
561 375.000 377.829 381.352 367.994 388.450 370.019 373.357 383.166 383.552 376.285 370.056
562 400.000 409.793 408.750 418.390 387.128 425.151 417.516 426.272 424.637 415.954 405.500
563 331.000 314.241 322.359 324.677 324.753 323.511 316.604 322.807 329.378 319.810 322.577
564 412.000 437.470 425.164 443.323 423.672 422.679 415.559 439.485 403.959 417.452 427.207
565 485.000 500.927 498.275 506.337 506.596 498.979 486.302 480.849 501.424 482.751 489.482
566 407.000 420.176 418.345 420.595 425.813 419.807 421.858 421.489 423.240 423.064 420.087
567 405.000 411.859 406.858 398.863 411.820 402.679 408.755 393.331 393.540 421.680 394.348
568 406.000 406.828 406.384 407.185 405.288 405.505 406.469 406.322 405.235 406.352 406.776
569 342.000 352.977 343.976 350.094 356.565 355.700 355.939 355.347 352.485 358.211 354.346
570 321.000 324.987 329.108 325.089 326.052 327.588 326.522 324.920 324.961 325.322 324.312
571 361.000 379.509 377.070 373.164 365.982 388.538 376.130 367.996 369.411 383.603 370.208
572 387.000 391.254 390.682 388.868 388.954 390.735 386.955 387.694 389.112 392.774 392.784
573 323.000 323.233 322.302 324.554 323.987 322.531 324.083 323.275 323.545 322.927 323.703
574 390.000 386.575 392.509 391.130 405.077 397.306 393.461 398.303 401.977 400.089 406.581
575 440.000 433.635 432.468 463.856 435.366 456.078 464.329 436.950 453.283 446.873 476.889
576 332.000 359.207 349.147 342.339 345.189 338.470 349.884 352.688 348.251 332.974 356.347
577 456.000 460.988 461.431 462.715 453.923 460.365 458.323 459.245 457.467 459.767 460.317
578 488.000 448.521 463.014 491.909 495.493 410.335 446.144 483.761 470.885 432.925 469.895
579 332.000 402.666 422.183 435.741 407.627 374.033 391.073 393.264 438.207 381.812 373.559
580 316.000 314.095 324.668 312.491 316.318 319.213 307.729 315.295 305.052 321.545 320.916
581 459.000 436.061 431.626 437.132 425.750 435.511 422.156 440.600 454.410 424.461 436.311
582 335.000 329.811 335.989 319.065 349.726 328.689 318.554 330.217 328.540 322.127 326.813
583 332.000 348.239 333.699 328.322 333.359 326.740 334.484 319.135 331.748 335.150 325.984
584 459.000 462.259 465.667 461.051 470.298 468.524 474.659 468.448 464.668 464.901 467.452
585 396.000 393.510 400.258 399.118 412.477 421.739 402.966 417.532 408.556 406.290 405.373
586 489.000 496.451 502.841 502.352 488.624 493.110 496.881 488.058 496.658 491.390 492.323
587 417.000 408.849 414.750 420.143 423.093 419.156 411.368 432.945 426.197 411.946 419.779
588 404.000 402.768 396.180 402.015 405.152 398.793 401.593 398.920 401.523 399.953 402.716
589 400.000 406.846 403.195 407.765 407.706 404.507 416.087 435.743 413.670 414.951 418.076
590 357.000 353.722 355.132 358.244 351.040 356.267 351.734 354.309 356.080 353.728 346.199
591 437.000 485.592 506.888 497.290 476.636 472.880 476.355 457.158 487.829 504.191 492.558
592 542.000 537.404 548.718 546.488 548.850 542.364 542.964 553.193 544.216 550.995 551.445
593 419.000 417.023 415.793 416.899 416.150 416.860 416.927 415.515 415.523 415.752 414.832
594 350.000 358.153 349.125 355.030 355.603 358.417 355.317 347.771 352.829 350.673 364.495
595 424.000 436.579 435.053 398.207 425.608 428.098 424.159 427.767 430.227 429.750 429.641
596 443.000 435.785 423.475 407.745 428.041 389.987 448.887 428.296 433.498 431.241 441.871
597 439.000 437.039 438.221 438.460 438.574 443.727 440.629 440.327 436.116 438.850 440.386
598 324.000 318.132 322.527 323.347 327.016 319.839 319.399 318.926 324.081 318.806 322.595
599 311.000 313.515 317.321 327.705 312.991 311.659 319.640 318.138 314.839 321.829 316.116
600 331.000 326.472 329.520 322.944 328.594 325.605 327.290 333.945 329.259 326.619 327.698
601 428.000 408.294 410.713 395.083 407.735 401.785 411.932 414.755 418.243 396.789 418.173
602 400.000 427.498 426.669 426.855 434.007 432.712 423.362 432.727 434.528 432.759 430.096
603 309.000 303.893 303.848 304.670 303.412 302.167 306.042 305.382 301.461 301.332 302.120
604 375.000 368.045 375.706 371.507 366.666 360.983 377.249 366.540 366.822 364.762 385.129
605 450.000 441.765 441.004 437.619 435.929 430.544 434.837 430.071 424.288 429.088 438.691
606 388.000 393.464 411.627 403.487 396.421 402.648 414.832 400.454 408.634 399.718 394.443
607 323.000 326.168 331.072 321.273 332.480 332.770 324.309 330.338 327.518 334.050 332.450
608 448.000 435.155 441.472 434.859 435.212 436.791 437.543 435.811 435.362 434.657 435.255
609 372.000 382.858 387.283 374.875 388.072 386.336 369.338 373.010 387.351 394.601 390.790
610 328.000 327.232 328.208 320.680 325.771 327.680 326.106 328.197 322.777 328.123 325.380
611 460.000 464.797 462.955 461.929 463.588 459.810 456.621 462.159 456.209 457.850 462.731
612 504.000 511.439 498.085 534.604 511.823 515.721 501.469 542.250 534.490 517.601 487.131
613 433.000 445.074 459.007 454.748 449.884 451.355 463.431 465.273 449.708 462.121 451.475
614 564.000 571.651 570.372 554.331 563.659 564.120 568.855 567.713 567.326 573.648 582.265
615 439.000 358.365 369.673 364.746 415.359 399.490 366.205 424.474 413.933 389.870 359.939
616 440.000 421.192 438.880 407.837 431.009 389.199 449.803 405.750 428.049 421.430 438.801
617 484.000 468.120 465.329 474.824 469.538 465.670 477.175 465.536 466.082 465.891 467.594
618 396.000 410.932 397.467 401.324 401.928 399.302 398.106 388.510 396.674 384.683 405.983
619 435.000 436.581 418.166 425.795 428.251 437.864 446.577 428.625 435.081 442.334 451.049
620 397.000 443.410 452.643 453.425 457.464 462.161 442.435 433.837 469.379 460.182 464.850
621 420.000 428.847 425.903 440.502 436.844 432.331 430.730 433.715 433.657 429.593 427.358
622 408.000 420.201 416.018 396.704 395.729 415.256 408.135 414.778 392.324 407.941 380.219
623 437.000 436.459 447.050 443.669 431.594 443.252 446.141 443.675 444.590 426.009 443.232
624 406.000 431.445 409.423 415.186 420.882 422.920 411.520 434.976 410.559 436.219 429.735
625 393.000 371.141 405.417 386.659 398.653 393.654 391.700 392.283 384.963 393.847 400.537
626 452.000 444.939 459.644 460.548 445.116 460.213 454.670 452.597 449.798 481.168 469.653
627 466.000 454.719 463.731 450.676 455.895 486.195 449.278 461.412 432.706 440.909 459.315
628 410.000 400.542 396.623 398.631 426.303 394.104 393.455 410.811 393.194 399.603 414.684
629 447.000 447.744 446.989 449.774 446.271 445.719 451.012 447.207 451.088 449.401 446.912
630 487.000 467.106 474.552 460.781 476.553 449.684 447.026 451.100 448.566 459.633 445.779
631 420.000 430.399 436.231 426.474 426.885 435.173 412.646 422.985 427.273 423.429 422.024
632 565.000 572.661 567.134 570.412 573.606 573.608 572.374 560.498 567.099 566.733 573.245
633 309.000 310.292 314.283 315.611 313.588 312.159 313.466 307.659 311.353 310.459 310.917
634 437.000 446.969 446.883 439.045 426.197 451.804 434.767 458.853 441.117 439.458 441.596
635 481.000 472.352 483.071 481.644 497.149 489.824 483.447 482.782 486.768 468.182 485.003
636 390.000 409.401 401.357 400.190 404.827 402.133 406.805 402.214 403.276 397.075 403.187
637 329.000 322.899 321.426 322.857 321.727 322.366 322.149 322.726 323.281 324.086 321.877
638 349.000 343.492 354.831 338.990 352.678 351.955 350.819 354.190 349.031 347.727 345.814
639 336.000 336.668 340.224 343.218 340.361 343.289 344.700 340.032 338.381 347.666 342.818
640 550.000 509.268 508.695 528.872 536.983 507.214 514.137 525.127 450.599 436.618 525.452
641 315.000 313.707 315.588 313.245 315.261 313.434 312.760 314.344 311.872 313.296 313.257
642 420.000 409.878 417.559 428.361 436.674 423.383 434.516 428.759 428.882 416.956 419.177
643 466.000 462.945 467.871 469.106 469.933 465.240 467.426 463.051 463.265 465.496 465.145
644 315.000 306.340 311.063 308.866 317.262 302.863 317.585 312.324 308.962 318.090 318.536
645 345.000 332.648 333.061 320.256 330.601 337.020 330.325 350.724 324.565 343.170 330.727
646 451.000 444.905 451.268 442.789 441.585 440.854 449.678 465.587 445.428 432.136 453.240
647 337.000 342.544 343.237 343.146 365.252 389.679 345.791 346.214 348.983 345.130 344.086
648 439.000 437.781 446.832 442.490 426.074 432.497 425.576 443.797 437.661 436.619 433.807
649 330.000 322.053 319.852 320.355 321.703 321.896 320.893 322.780 322.840 321.109 322.198
650 538.000 541.987 545.883 555.853 519.869 551.207 541.654 537.978 546.214 541.200 539.413
651 326.000 363.935 351.967 409.915 342.347 367.084 346.762 368.737 346.388 397.093 354.613
652 392.000 425.644 447.859 465.306 432.995 454.974 447.008 425.379 430.677 453.595 427.501
653 366.000 350.416 348.619 374.648 374.878 356.664 362.769 372.871 384.651 353.303 354.755
654 318.000 328.084 302.881 323.780 320.089 316.448 312.923 324.215 316.385 308.957 317.332
655 561.000 509.121 510.085 490.170 517.466 505.066 508.422 521.619 512.789 495.611 528.243
656 436.000 439.901 464.308 452.210 443.870 464.975 477.094 472.312 438.647 455.197 453.703
657 463.000 461.800 453.017 444.321 436.745 456.712 460.673 463.072 460.618 463.678 460.575
658 348.000 348.125 346.542 348.793 348.967 351.240 349.944 352.827 347.223 346.673 352.264
659 313.000 324.541 326.768 329.619 327.726 330.159 325.102 324.487 323.474 326.506 323.342
660 451.000 457.211 461.679 454.865 457.421 459.290 444.781 460.641 444.052 454.164 457.184
661 384.000 378.122 379.823 382.108 377.093 381.182 379.740 378.073 378.811 399.198 373.757
662 459.000 442.380 432.415 433.020 429.621 450.913 457.711 435.156 452.772 450.474 450.200
663 421.000 413.622 411.559 416.108 402.834 410.229 408.396 406.161 412.778 416.771 406.991
664 481.000 473.042 462.501 453.965 461.056 460.979 463.418 464.345 462.554 455.320 461.889
665 320.000 323.037 323.650 324.320 333.175 326.358 323.464 322.557 323.171 323.311 324.666
666 310.000 330.930 312.096 315.128 338.727 313.678 313.853 310.299 322.598 322.804 320.164
667 402.000 402.838 405.736 404.375 400.504 404.969 408.673 405.385 404.886 396.620 407.480
668 530.000 438.072 437.313 440.395 441.071 416.683 436.798 434.970 399.826 440.459 422.539
669 583.000 546.993 547.418 531.279 542.092 563.849 542.255 549.524 541.820 554.426 557.405
670 421.000 409.653 422.053 414.791 422.335 418.061 422.449 426.522 420.399 428.293 422.089
671 415.000 408.463 413.999 410.038 415.027 408.326 409.809 410.936 406.471 408.575 417.190
672 387.000 392.694 407.053 402.521 415.251 387.915 400.268 408.318 414.531 399.073 394.867
673 584.000 562.731 556.546 557.478 561.935 532.193 558.424 559.240 554.825 559.292 553.831
674 307.000 322.644 320.331 323.060 322.484 321.190 318.708 319.295 318.715 320.809 321.143
675 424.000 419.736 418.648 419.851 421.480 420.975 421.257 421.459 422.056 419.879 421.006
676 449.000 432.133 434.972 450.132 430.850 446.089 436.641 442.856 431.879 429.922 449.466
677 610.000 465.136 499.390 478.138 455.379 460.494 469.681 468.414 481.628 446.230 493.310
678 505.000 493.191 490.010 501.035 491.468 501.916 499.000 501.846 491.283 497.668 481.312
679 408.000 400.949 403.998 403.600 403.651 404.631 405.505 403.122 405.112 404.920 403.238
680 377.000 389.450 396.129 385.959 396.173 396.594 385.421 385.869 394.367 382.648 384.905
681 502.000 481.721 473.524 487.095 487.462 446.528 488.974 485.485 481.879 482.852 453.809
682 319.000 321.685 315.086 371.178 347.120 376.051 345.070 351.256 323.586 332.384 337.810
683 394.000 399.367 402.200 401.509 400.815 396.725 404.380 387.563 405.975 396.000 395.309
684 290.000 300.784 302.919 306.241 307.297 303.755 306.187 305.848 305.702 305.388 308.526
685 407.000 418.468 417.913 416.428 415.285 424.657 417.169 420.209 420.808 415.125 416.063
686 444.000 444.447 438.860 440.918 444.348 432.226 443.385 438.398 438.683 437.493 441.611
687 322.000 316.566 328.362 320.525 325.754 320.644 316.564 312.200 324.127 322.261 325.737
688 331.000 344.708 420.427 415.826 392.643 421.241 341.049 418.879 350.605 360.689 352.293
689 402.000 400.760 414.047 407.193 403.476 402.654 405.090 403.076 383.385 417.554 402.971
690 320.000 323.013 323.016 323.782 333.175 325.308 325.054 324.436 323.713 324.578 322.267
691 386.000 385.462 389.707 386.804 386.595 388.783 391.022 398.940 375.894 395.299 399.098
692 364.000 430.788 425.032 431.933 426.413 428.171 428.007 425.818 428.238 441.218 432.919
693 328.000 327.046 331.322 328.145 330.162 321.664 331.090 322.377 323.426 324.916 317.907
694 312.000 309.039 319.473 316.508 321.658 315.201 309.481 306.365 308.438 309.398 325.135
695 378.000 375.244 371.480 374.700 361.235 364.800 370.064 363.447 376.301 368.828 363.233
696 331.000 326.520 322.980 316.841 318.741 322.781 323.747 323.058 323.240 329.244 323.932
697 330.000 344.760 337.897 338.872 340.380 336.614 347.358 345.540 342.401 345.178 338.933
698 451.000 446.254 438.881 440.473 444.206 448.626 444.211 445.122 437.548 450.342 449.562
699 313.000 406.465 372.526 403.401 397.257 378.764 388.238 426.741 374.733 421.391 394.028
700 408.000 402.994 409.243 402.059 396.036 408.054 406.930 410.275 407.244 399.021 398.726
701 440.000 432.190 418.169 419.364 441.159 442.351 426.418 436.426 417.327 399.805 446.476
702 375.000 377.115 360.418 349.545 351.716 385.592 362.155 373.424 370.080 366.618 368.056
703 462.000 459.177 460.516 458.977 458.277 456.469 453.748 462.700 459.513 454.680 459.494
704 450.000 415.184 410.773 402.114 415.169 405.768 420.865 430.488 420.791 395.397 418.200
705 417.000 407.020 410.460 409.443 410.839 413.184 409.682 407.960 409.043 410.104 412.689
706 452.000 444.359 438.275 441.620 440.104 446.608 433.780 441.448 448.050 438.742 440.230
707 526.000 541.176 541.759 542.065 535.084 551.395 536.973 552.282 544.015 552.966 539.928
708 460.000 425.061 446.521 438.848 444.371 449.317 439.256 453.478 443.698 443.642 438.708
709 428.000 423.455 428.314 438.305 427.622 432.800 434.366 444.443 438.872 437.978 423.272
710 310.000 448.786 428.065 381.691 385.139 377.738 393.541 371.441 385.300 380.637 390.826
711 412.000 412.409 411.361 407.497 419.860 410.755 405.393 419.935 400.928 412.441 409.170
712 320.000 356.310 360.685 349.002 349.152 357.653 358.286 369.128 358.466 350.752 340.844
713 468.000 439.031 472.155 450.502 450.981 461.682 449.201 455.343 437.928 473.674 458.072
714 316.000 343.887 341.171 314.702 329.739 323.660 336.961 340.091 340.531 339.356 331.615
715 602.000 596.295 602.668 613.706 603.555 602.198 604.433 600.096 602.855 591.348 603.519
716 328.000 365.147 358.691 365.756 356.265 353.355 350.706 362.091 351.027 360.566 374.536
717 579.000 535.975 555.161 553.977 545.489 538.262 491.472 536.238 547.762 533.069 547.758
718 354.000 353.444 360.740 354.080 359.669 354.360 358.920 357.641 352.807 356.535 350.931
