data_index logt12.observed logt12.predicted.repeat1 logt12.predicted.repeat2 logt12.predicted.repeat3 logt12.predicted.repeat4 logt12.predicted.repeat5 logt12.predicted.repeat6 logt12.predicted.repeat7 logt12.predicted.repeat8 logt12.predicted.repeat9 logt12.predicted.repeat10
1 0.088 1.764 2.059 1.692 2.028 1.772 1.811 2.089 2.276 2.031 1.777
2 0.255 4.001 3.757 3.590 3.806 3.841 4.046 3.609 3.571 3.794 4.000
3 0.325 3.590 3.722 3.635 3.410 3.854 4.038 3.690 3.331 3.750 3.559
4 1.105 2.930 3.118 3.209 2.904 3.049 2.917 2.976 2.828 2.964 2.773
5 1.182 2.083 1.828 2.145 2.043 2.248 2.688 1.893 2.222 2.301 2.227
6 1.196 2.897 1.874 1.947 1.991 1.988 1.810 1.988 2.023 2.225 1.955
7 1.358 3.056 2.179 2.179 2.088 1.969 1.936 2.069 2.132 1.946 2.048
8 1.653 4.303 4.205 4.256 4.158 4.072 4.274 4.272 4.331 4.306 4.303
9 2.208 3.552 3.379 2.866 2.688 3.204 3.673 3.200 2.987 3.391 3.294
10 2.235 3.292 2.309 3.284 3.152 3.295 3.480 3.385 3.604 3.164 3.139
11 2.381 2.915 3.482 3.045 3.348 3.376 3.150 3.599 3.162 3.430 3.294
12 2.408 1.311 1.884 1.364 1.778 1.946 2.102 1.787 2.845 2.624 1.618
13 2.542 3.564 3.342 3.343 3.363 3.463 3.184 3.201 3.311 3.217 3.237
14 2.631 4.681 4.787 4.528 4.917 4.804 4.964 4.652 4.963 4.548 4.707
15 2.679 2.496 2.458 2.542 2.414 2.482 2.723 2.421 2.382 2.719 2.498
16 2.682 1.697 1.684 2.859 1.910 1.800 1.594 1.758 1.547 1.783 1.672
17 2.760 3.947 3.872 4.021 3.997 3.889 3.853 3.936 4.012 3.702 4.045
18 2.857 3.661 3.661 3.661 3.660 3.661 3.661 3.661 3.661 4.943 3.884
19 2.954 4.633 4.803 4.777 4.893 4.700 4.756 4.727 4.874 4.855 4.820
20 2.954 3.721 3.845 3.760 3.860 3.685 4.234 3.887 3.847 3.782 3.718
21 3.147 3.721 3.414 3.681 3.660 3.582 3.637 3.394 3.626 3.640 3.577
22 3.250 4.358 3.454 3.493 3.661 3.719 3.733 3.563 3.638 3.683 4.057
23 3.404 4.120 4.233 4.149 4.424 4.198 4.435 3.989 4.536 4.333 4.041
24 3.561 3.409 3.441 3.644 3.619 3.654 3.431 3.671 3.628 4.943 3.812
25 3.787 4.259 4.259 4.259 4.259 4.119 4.259 4.259 4.259 3.889 4.259
26 4.003 3.844 3.405 4.002 3.743 3.864 3.646 3.709 4.059 3.987 4.185
27 4.028 5.032 4.956 5.073 4.894 5.015 4.906 4.997 5.044 5.063 5.040
28 4.104 3.665 3.615 3.657 3.791 3.743 3.893 3.845 3.346 3.672 3.733
29 4.113 4.314 4.313 4.313 4.314 4.313 4.314 4.314 4.276 4.313 4.276
30 4.146 3.054 3.016 3.126 3.194 2.903 3.274 3.313 3.537 3.300 3.217
31 4.183 2.309 2.309 2.336 2.336 2.336 2.309 2.335 2.336 2.336 2.308
32 4.196 3.279 3.004 3.275 3.156 3.070 2.889 3.374 3.286 3.280 2.864
33 4.228 4.904 4.894 4.959 4.972 4.967 5.148 4.993 4.889 5.088 4.855
34 4.297 4.213 4.276 4.212 4.276 4.213 4.276 4.276 4.276 4.276 4.213
35 4.359 3.687 3.687 3.887 3.887 3.755 3.686 3.887 3.887 3.889 3.686
36 4.376 4.213 4.212 4.213 4.213 4.213 4.213 4.314 4.213 4.213 4.213
37 4.401 4.438 4.939 4.825 4.665 4.605 4.783 4.537 4.615 4.672 4.899
38 4.401 5.368 5.183 4.902 5.043 4.841 4.946 5.015 5.164 4.942 4.745
39 4.405 3.889 3.405 3.845 3.903 3.903 3.771 3.865 3.903 3.903 3.803
40 4.414 4.213 4.213 4.212 4.212 4.213 4.213 4.213 4.276 4.213 4.276
41 4.459 4.237 4.333 4.343 4.454 4.234 4.662 4.335 3.624 4.582 4.675
42 4.459 4.643 4.985 4.806 4.682 4.749 4.661 4.709 4.683 4.805 4.706
43 4.500 2.469 2.455 2.557 2.647 2.270 2.503 2.626 2.678 2.722 2.732
44 4.511 5.112 5.424 5.518 5.398 5.375 5.360 5.345 5.535 5.328 5.429
45 4.561 4.971 4.824 4.878 4.926 5.015 4.898 4.870 4.878 4.853 4.920
46 4.565 4.962 4.870 4.821 4.894 4.579 4.703 4.830 4.876 4.879 4.626
47 4.598 4.324 4.605 4.469 4.446 4.458 4.592 4.469 4.582 4.512 4.806
48 4.605 5.168 4.945 4.901 4.922 4.888 5.026 4.914 4.961 5.023 5.050
49 4.613 4.641 4.544 4.781 4.628 4.642 4.830 4.662 4.761 4.664 4.661
50 4.635 5.854 5.950 5.851 5.884 5.924 5.981 5.922 5.501 5.915 6.031
51 4.673 4.887 4.853 4.780 4.807 4.717 4.784 4.817 4.912 4.897 4.785
52 4.702 4.965 4.736 4.596 4.736 4.796 4.719 4.581 4.718 4.591 4.697
53 4.712 3.919 4.144 4.042 4.218 4.211 4.116 4.034 3.990 3.962 4.017
54 4.732 4.001 4.536 4.496 4.278 4.096 4.540 4.367 4.432 4.484 4.194
55 4.741 4.051 4.046 4.059 4.023 4.313 4.288 4.476 4.036 4.235 4.281
56 4.758 4.329 4.214 4.368 4.216 4.269 4.191 4.319 4.288 4.235 4.186
57 4.779 5.174 5.175 5.068 5.098 5.172 4.984 5.165 5.049 5.137 5.134
58 4.804 3.793 3.999 4.148 4.185 3.923 3.427 4.085 4.192 3.959 3.578
59 4.857 4.666 4.318 4.157 4.289 4.148 4.275 4.560 4.260 4.136 4.244
60 4.858 5.160 5.306 4.948 5.260 5.274 5.020 4.990 5.197 5.185 5.037
61 4.861 2.402 2.387 2.533 2.813 2.377 2.372 2.347 2.523 2.473 2.941
62 4.878 4.896 4.996 4.965 4.495 5.066 4.881 4.930 4.931 4.890 4.543
63 4.951 4.360 4.299 4.371 4.187 4.375 4.306 4.362 4.330 4.602 4.319
64 4.954 5.742 5.777 5.682 5.644 5.623 5.534 5.721 5.916 5.650 5.746
65 4.988 4.680 4.695 4.611 4.643 4.857 4.606 4.597 4.520 4.442 4.876
66 4.999 6.847 6.846 6.681 6.846 6.846 6.846 6.847 6.846 6.846 6.847
67 5.033 4.070 4.565 4.241 4.696 4.282 4.422 4.375 4.520 4.495 4.538
68 5.064 2.731 2.731 2.731 2.731 2.732 2.731 2.731 2.731 2.731 2.731
69 5.093 3.461 3.186 3.460 3.461 3.460 3.461 3.461 3.461 3.460 3.460
70 5.177 6.135 5.767 5.337 5.384 5.632 5.701 5.485 5.879 5.724 5.526
71 5.317 5.417 5.333 5.588 5.362 5.084 5.405 5.550 5.249 5.323 5.132
72 5.414 4.018 3.899 3.293 3.444 3.553 3.565 3.659 3.440 3.540 3.536
73 5.505 4.386 4.446 4.511 4.214 4.176 4.011 4.309 4.288 4.344 4.148
74 5.520 4.596 5.258 4.847 4.537 5.071 5.251 5.230 4.842 4.991 4.502
75 5.700 5.769 5.665 5.735 5.758 5.754 5.702 5.678 5.785 5.655 6.192
76 5.749 4.902 4.908 4.887 4.944 4.852 4.884 4.911 4.970 4.845 4.834
77 5.937 6.087 6.287 5.796 6.218 6.038 4.792 6.209 6.032 4.737 6.063
78 5.978 5.142 5.346 5.383 5.324 5.378 5.321 5.330 5.610 5.047 5.350
79 6.167 5.466 5.529 5.353 5.828 5.743 5.362 5.582 5.365 5.316 5.810
80 6.190 5.081 4.940 5.268 5.144 4.856 5.412 5.154 5.027 5.264 5.120
81 6.519 5.372 5.291 5.128 5.404 5.449 5.399 5.338 5.171 5.313 5.268
82 6.644 4.000 4.376 4.170 4.010 4.020 4.172 3.898 4.009 4.089 4.046
83 6.799 5.963 5.865 5.913 5.847 5.920 5.954 5.937 5.848 5.615 5.890
84 6.946 5.118 5.099 6.681 5.099 5.496 5.543 5.341 5.592 5.560 5.099
85 6.982 5.138 5.461 5.875 5.705 5.371 4.624 5.655 6.043 4.921 5.943
86 7.960 5.281 5.121 5.076 5.289 5.112 5.250 5.261 5.400 5.112 5.054
