data_index Htime.observed Htime.predicted.repeat1 Htime.predicted.repeat2 Htime.predicted.repeat3 Htime.predicted.repeat4 Htime.predicted.repeat5 Htime.predicted.repeat6 Htime.predicted.repeat7 Htime.predicted.repeat8 Htime.predicted.repeat9 Htime.predicted.repeat10
1 4.857 4.783 4.717 4.681 4.703 4.734 4.710 4.746 4.769 4.737 4.714
2 2.679 3.039 3.585 3.582 3.506 3.551 3.515 3.204 3.544 3.385 3.317
3 4.721 4.162 3.997 4.201 4.073 3.731 4.260 3.988 3.971 3.896 3.925
4 4.999 5.451 5.951 5.915 5.838 5.862 5.580 5.789 5.763 5.770 5.558
5 2.954 4.397 4.748 4.767 4.331 4.633 4.934 4.766 4.657 4.815 4.768
6 4.732 4.641 4.602 4.580 4.525 4.552 4.415 4.356 4.581 4.562 4.458
7 2.542 3.366 3.356 3.071 3.126 3.273 3.217 3.030 3.254 3.258 3.184
8 4.437 4.539 4.750 4.650 4.327 4.439 4.497 4.929 5.076 4.389 4.728
9 4.511 4.958 4.992 4.998 4.817 4.951 5.007 4.890 4.958 4.863 5.022
10 4.561 4.722 4.711 4.732 4.745 4.710 4.674 4.703 4.707 4.708 4.742
11 4.515 2.183 3.586 3.233 2.219 1.987 1.960 1.931 2.458 1.986 2.198
12 6.033 5.220 5.150 5.109 5.247 5.165 5.177 5.244 5.274 5.054 4.844
13 4.401 4.651 4.697 4.682 4.669 4.608 4.728 4.356 4.649 4.679 4.679
14 4.565 4.525 4.635 4.607 4.660 4.769 4.725 4.683 4.536 4.682 4.622
15 4.500 2.931 3.134 2.901 2.841 3.088 3.309 3.225 3.263 3.116 3.081
16 4.459 4.739 4.733 4.682 4.730 4.785 4.415 4.589 4.581 4.723 4.798
17 4.782 5.532 5.481 5.506 5.327 5.292 5.271 5.519 5.665 5.423 5.501
18 6.644 5.252 5.546 5.130 5.731 5.390 5.382 5.488 5.408 5.274 5.334
19 4.008 3.612 3.693 3.662 4.324 3.579 3.542 3.749 3.569 3.784 3.528
20 5.749 4.545 4.567 4.398 4.537 4.466 4.568 4.469 4.570 4.549 4.710
21 2.954 4.414 4.132 4.004 4.464 4.264 4.045 4.029 4.119 4.102 4.080
22 4.724 4.694 4.705 4.664 4.716 4.745 4.718 4.720 4.737 4.737 4.719
23 4.861 3.316 3.389 2.981 3.200 3.248 3.298 3.056 3.402 3.420 3.159
24 9.159 6.476 6.504 6.449 6.485 6.289 6.317 5.857 6.392 6.433 6.551
25 2.824 3.968 3.519 3.211 3.932 3.579 3.380 3.855 3.755 3.421 4.032
26 2.235 4.264 4.215 4.267 4.111 4.098 4.046 4.184 4.161 4.001 4.184
27 3.787 3.844 3.813 3.959 3.601 4.058 3.647 3.703 3.675 3.567 3.878
28 -0.165 1.093 1.339 0.942 1.578 1.193 1.705 1.208 1.113 0.973 1.216
29 4.365 3.493 3.328 3.329 3.337 3.542 3.580 3.457 3.345 3.411 3.228
30 6.982 5.478 5.425 5.664 5.480 5.441 5.555 5.245 5.694 5.459 5.578
31 5.556 5.269 4.787 5.158 5.134 5.054 5.100 5.242 5.355 4.712 5.179
32 4.605 4.715 4.683 4.706 4.685 4.675 4.661 4.720 4.655 4.708 4.661
33 2.381 3.654 4.135 3.865 3.994 4.086 4.131 3.878 3.818 3.836 4.167
34 5.016 4.006 3.891 3.795 4.190 3.979 4.048 3.848 3.807 4.020 4.304
35 0.255 4.610 4.508 4.594 4.437 4.287 4.238 4.513 4.490 4.542 4.471
36 5.937 5.854 5.729 4.961 6.013 5.896 5.830 5.779 5.606 5.791 5.017
37 1.196 2.477 2.663 2.813 2.418 2.365 2.352 2.952 2.521 2.560 2.682
38 2.475 0.831 0.629 0.893 1.599 1.069 0.659 0.784 0.788 1.057 0.794
39 3.525 4.096 4.042 4.190 4.191 4.389 4.032 4.625 4.199 4.395 4.259
40 6.946 6.150 6.684 5.370 6.339 5.759 6.169 6.112 6.547 6.237 5.631
41 6.519 4.529 4.361 4.331 4.453 4.452 4.306 4.084 4.273 4.279 4.627
42 2.001 2.991 2.854 3.035 2.691 3.132 3.141 2.853 3.130 3.100 2.779
43 6.167 6.933 6.056 6.683 6.154 6.690 6.576 6.129 6.801 6.511 6.579
44 4.459 4.212 4.213 4.253 4.132 4.208 4.511 4.264 4.167 4.274 4.300
45 4.673 4.756 4.686 4.721 4.725 4.760 4.727 4.757 4.728 4.703 4.699
46 5.617 4.919 5.122 4.941 5.072 4.978 5.092 5.108 4.997 5.209 5.202
47 1.358 2.322 2.233 2.511 2.162 2.465 2.363 3.084 2.302 2.240 2.169
48 4.228 4.987 4.873 4.848 5.070 5.162 5.028 4.949 5.025 4.943 5.042
49 4.475 4.815 4.835 4.908 4.891 4.861 4.868 4.873 5.179 4.723 5.166
50 2.682 1.828 1.681 1.674 1.908 1.645 2.055 2.250 1.771 1.864 1.754
51 4.297 4.298 4.269 4.183 4.276 4.276 4.441 4.328 4.320 4.322 4.244
52 4.702 4.611 4.643 4.514 4.586 4.544 4.505 4.698 4.660 4.674 4.711
53 4.804 3.971 4.056 3.786 3.840 4.317 3.914 4.058 3.777 3.590 4.049
54 4.741 4.844 4.764 4.836 4.907 4.821 4.905 4.829 4.791 4.880 4.867
55 6.083 4.487 4.858 4.648 5.174 4.616 4.169 4.597 4.776 5.404 5.190
56 4.401 4.041 4.126 4.168 4.157 4.089 4.058 4.616 4.685 4.199 4.158
57 6.101 4.912 4.906 5.021 4.922 4.733 4.571 4.832 5.130 5.044 5.050
58 3.561 3.754 3.361 3.132 2.736 3.394 3.312 3.108 3.493 3.565 3.409
59 4.376 4.380 4.343 4.010 4.256 4.089 4.473 4.333 4.104 4.188 4.215
60 7.960 6.608 6.545 6.413 6.635 6.652 6.456 5.801 6.415 6.688 6.459
61 2.475 3.325 3.554 3.923 3.726 3.580 3.337 3.795 3.798 3.585 3.760
62 4.183 4.281 3.816 3.589 4.381 3.761 3.724 4.337 4.124 3.936 3.869
63 2.857 3.645 3.770 3.781 3.672 3.429 3.644 3.514 3.648 3.799 3.783
64 0.776 1.106 1.502 1.261 1.303 1.009 1.627 1.065 1.318 1.140 1.395
65 6.190 5.150 5.177 5.113 5.127 5.028 5.108 5.105 4.944 5.152 5.177
66 5.520 4.811 4.837 4.916 4.799 4.859 4.787 4.809 4.817 4.875 4.802
67 4.613 4.678 4.721 4.759 4.650 4.687 4.710 4.789 4.713 4.721 4.685
68 0.670 1.424 0.981 1.091 1.797 1.131 0.978 1.024 1.575 1.062 1.214
69 6.056 4.723 4.682 4.880 5.018 4.988 4.756 4.896 4.985 4.579 4.897
70 4.598 5.099 5.055 5.062 5.073 5.065 5.082 5.077 5.111 4.998 5.110
71 5.317 4.955 4.836 5.020 5.100 5.094 5.108 5.017 5.014 4.977 4.968
72 4.635 5.889 5.859 5.694 5.893 5.781 5.886 5.661 5.835 5.891 5.732
73 4.529 3.162 3.302 3.455 3.107 3.241 3.177 2.819 3.443 3.091 3.238
74 5.700 5.284 5.461 5.701 5.485 5.455 6.071 5.491 5.418 5.537 5.510
75 0.325 3.195 3.444 3.268 2.946 3.208 3.043 3.117 3.173 3.113 2.983
76 3.984 3.328 3.792 3.242 3.546 3.011 3.429 3.523 3.409 3.827 3.398
77 2.208 3.252 3.437 3.363 3.392 3.368 3.552 3.362 3.380 3.098 3.709
78 1.653 3.680 4.067 3.853 3.890 3.823 3.973 3.962 3.829 3.979 3.870
79 0.088 3.115 3.012 3.106 3.049 2.917 2.855 3.070 3.077 2.851 3.067
80 4.196 2.755 2.542 2.905 2.688 2.848 2.923 2.625 2.576 2.794 2.617
81 5.336 5.388 5.322 5.254 5.319 5.518 5.352 5.270 5.298 5.401 5.201
82 1.105 2.649 2.642 2.708 2.584 2.419 2.442 2.465 2.670 2.724 2.680
83 5.846 5.691 5.554 5.521 5.891 5.515 4.855 6.202 5.866 5.825 5.710
84 4.113 4.105 3.814 3.974 4.040 3.986 4.094 3.869 4.043 4.161 4.039
85 2.631 4.149 4.305 4.341 4.196 4.092 3.910 4.105 4.296 4.242 3.965
86 6.261 5.756 6.223 5.869 5.558 6.257 6.049 5.868 6.215 6.151 5.925
87 5.048 3.885 3.704 3.217 4.136 3.738 3.878 3.935 3.458 3.458 3.935
88 4.858 4.916 4.951 5.028 5.165 4.892 4.874 4.969 4.705 4.978 5.066
89 4.779 4.635 4.672 4.646 4.641 4.635 4.677 4.684 4.688 4.698 4.655
90 3.835 3.239 4.790 4.304 4.370 4.380 4.546 4.450 4.196 3.698 4.217
91 5.064 2.986 3.283 3.368 2.677 3.292 3.151 3.267 3.299 3.307 3.161
92 4.003 3.852 3.953 3.882 3.822 3.835 3.740 3.865 3.868 3.915 3.940
93 3.404 4.550 4.642 4.541 4.351 4.599 4.666 4.474 4.419 4.456 4.476
94 4.951 4.403 4.363 4.421 4.427 4.606 4.538 4.549 4.533 4.496 4.459
95 5.505 4.492 3.833 3.885 4.572 3.796 3.791 4.103 3.672 3.960 3.852
96 1.857 4.424 4.205 4.413 4.196 4.158 4.150 3.698 4.265 3.980 4.131
97 4.632 5.083 5.556 5.510 5.623 5.183 5.511 5.463 5.263 5.044 5.495
98 5.177 5.311 5.310 5.339 5.381 5.518 5.417 5.422 4.941 5.543 5.426
99 5.978 6.146 5.700 5.349 5.591 5.703 5.665 5.611 5.702 5.806 5.759
100 4.146 3.312 3.214 3.282 3.411 3.099 3.101 3.519 3.059 3.769 2.959
101 4.954 5.184 5.029 5.062 5.030 5.026 4.984 5.113 5.180 5.183 5.150
102 5.806 5.288 5.211 5.067 5.606 4.698 5.204 5.205 5.157 4.864 4.664
103 5.033 4.649 4.555 4.562 4.525 4.608 4.540 4.356 4.541 4.574 4.458
104 4.395 3.862 3.645 3.632 3.805 3.682 3.745 3.088 3.818 3.525 3.859
105 5.093 3.556 3.392 3.485 3.392 3.648 3.551 3.483 3.502 3.454 3.660
106 3.250 4.600 4.263 4.404 4.764 4.215 4.239 4.439 4.470 4.210 4.336
107 2.760 4.231 4.170 4.230 4.368 4.236 4.465 4.317 4.262 4.110 4.269
108 1.182 2.151 2.484 2.743 2.212 2.542 2.398 2.354 2.354 2.264 2.589
109 4.028 4.466 4.789 4.795 4.857 4.332 4.644 4.718 5.028 4.659 4.896
110 5.190 3.257 3.556 3.839 3.714 3.437 4.316 3.402 3.365 3.243 3.422
111 4.988 4.684 4.795 4.672 4.626 5.132 4.684 4.703 4.813 4.758 4.764
112 6.799 6.123 6.268 5.994 6.109 5.885 6.014 5.935 6.021 6.164 5.969
113 5.414 2.178 2.495 2.649 2.143 2.575 2.968 2.655 2.233 2.077 2.495
114 4.414 3.677 3.686 3.828 3.845 3.829 3.995 3.619 3.806 3.822 3.812
115 5.635 5.107 5.103 4.980 4.923 4.736 5.310 5.175 5.618 5.142 5.280
116 4.883 3.912 3.900 4.105 3.852 3.899 3.890 4.038 3.729 3.859 3.948
117 4.712 4.081 4.227 4.245 4.278 4.187 4.336 4.166 4.045 3.984 4.189
118 4.758 4.594 4.539 4.633 4.687 4.580 4.688 4.647 4.621 4.599 4.694
119 3.147 3.613 3.418 3.329 3.511 3.529 3.389 3.332 3.530 3.507 3.564
120 5.580 5.366 5.369 5.362 5.501 5.244 5.307 5.313 5.329 5.272 4.760
